%
% index = 390, name = bbob_f013_i02_d02__bbob_f021_i04_d02
% instance = 1, reference value = 8.001612461515990e-01
% function evaluation | indicator value | target hit
1	1.049778494504599e+00	1.071519305237606e+00
217	7.987361342490711e-01	8.128305161640993e-01
236	5.231863152747562e-01	5.248074602497725e-01
366	3.497453590502057e-01	3.548133892335755e-01
386	3.274826803308395e-01	3.311311214825911e-01
442	2.893214362655505e-01	2.951209226666385e-01
450	2.721034406823466e-01	2.754228703338166e-01
473	2.677184403439674e-01	2.691534803926916e-01
489	2.358302369234332e-01	2.398832919019490e-01
498	2.140555455985637e-01	2.187761623949552e-01
501	1.738148384918392e-01	1.778279410038923e-01
545	9.419487386736580e-02	9.549925860214359e-02
552	9.269883922303013e-02	9.332543007969910e-02
557	8.583559296063148e-02	8.709635899560805e-02
610	8.436122561260040e-02	8.511380382023763e-02
648	8.132661263029839e-02	8.317637711026708e-02
674	8.104116394105110e-02	8.128305161640990e-02
710	7.916515956285708e-02	7.943282347242814e-02
712	6.927837897104294e-02	7.079457843841380e-02
713	6.892458941845736e-02	6.918309709189366e-02
810	6.715516980143310e-02	6.760829753919818e-02
826	6.581022592310404e-02	6.606934480075961e-02
912	6.449580173098535e-02	6.456542290346556e-02
1215	6.309234987494883e-02	6.309573444801933e-02
2001	6.233181458341330e-02	6.309573444801933e-02
%
% index = 391, name = bbob_f013_i03_d02__bbob_f021_i05_d02
% instance = 2, reference value = 8.144228826818790e-01
% function evaluation | indicator value | target hit
1	1.055620323418879e+00	1.071519305237606e+00
131	7.268783876444221e-01	7.413102413009175e-01
277	4.017883102520416e-01	4.073802778041127e-01
332	3.381329980151589e-01	3.388441561392025e-01
424	3.304558705207028e-01	3.311311214825911e-01
435	3.012477891406237e-01	3.019951720402016e-01
472	2.883496238055508e-01	2.884031503126606e-01
502	2.476597014131875e-01	2.511886431509580e-01
503	2.439579648511584e-01	2.454708915685030e-01
504	9.293368461850682e-02	9.332543007969910e-02
513	8.049476365966057e-02	8.128305161640990e-02
519	7.061484091767445e-02	7.079457843841380e-02
545	5.731300658979988e-02	5.754399373371569e-02
555	3.134997809165641e-02	3.162277660168379e-02
583	3.077491090714102e-02	3.090295432513590e-02
610	3.006260984047671e-02	3.019951720402016e-02
648	2.674706641605085e-02	2.691534803926915e-02
656	2.605684644234041e-02	2.630267991895381e-02
714	2.520634059742166e-02	2.570395782768863e-02
715	2.502116212040517e-02	2.511886431509579e-02
743	2.355276472466661e-02	2.398832919019490e-02
750	2.332190031630477e-02	2.344228815319923e-02
799	2.250298197714096e-02	2.290867652767773e-02
801	2.193169886064039e-02	2.238721138568340e-02
802	1.816483120740442e-02	1.819700858609984e-02
815	1.767230212141124e-02	1.778279410038923e-02
826	1.722146290923954e-02	1.737800828749375e-02
828	1.598859042761047e-02	1.621810097358930e-02
854	9.165565476149440e-03	9.332543007969915e-03
871	8.721045734168653e-03	8.912509381337459e-03
887	8.689981497310151e-03	8.709635899560805e-03
894	8.094548419789294e-03	8.128305161640995e-03
922	7.865091285805592e-03	7.943282347242814e-03
974	7.544741615488904e-03	7.585775750291836e-03
990	7.145681482203736e-03	7.244359600749898e-03
997	6.999597436137095e-03	7.079457843841380e-03
1000	6.893224162468403e-03	6.918309709189363e-03
1033	6.344987887912934e-03	6.456542290346556e-03
1066	6.257942652234005e-03	6.309573444801930e-03
1074	6.048863465468846e-03	6.165950018614822e-03
1106	5.114028456931319e-03	5.128613839913648e-03
1107	4.872844509960172e-03	4.897788193684461e-03
1108	4.636740779339177e-03	4.677351412871981e-03
1138	4.244570986364216e-03	4.265795188015926e-03
1175	4.156314145205897e-03	4.168693834703355e-03
1204	3.934221955412043e-03	3.981071705534973e-03
1245	3.777471250263842e-03	3.801893963205613e-03
1296	3.695152509026078e-03	3.715352290971724e-03
1332	3.398713501896911e-03	3.467368504525317e-03
1376	3.350287991009226e-03	3.388441561392024e-03
1419	3.271573628073066e-03	3.311311214825911e-03
1494	3.235764311774414e-03	3.235936569296281e-03
1507	2.741355147161562e-03	2.754228703338166e-03
1545	2.643512541874005e-03	2.691534803926917e-03
1579	2.614549502600538e-03	2.630267991895381e-03
1601	2.403503617597891e-03	2.454708915685031e-03
1632	2.394447066489502e-03	2.398832919019490e-03
1677	2.293398991201623e-03	2.344228815319923e-03
1709	2.288637074387756e-03	2.290867652767772e-03
1837	2.238643146828645e-03	2.238721138568340e-03
1910	2.049845019251095e-03	2.089296130854039e-03
1929	2.039080417955641e-03	2.041737944669530e-03
1996	1.984950582041400e-03	1.995262314968879e-03
2001	1.984948444326506e-03	1.995262314968879e-03
%
% index = 392, name = bbob_f013_i07_d02__bbob_f021_i08_d02
% instance = 3, reference value = 8.413539749479360e-01
% function evaluation | indicator value | target hit
1	1.214131210179436e+00	1.230268770812382e+00
316	1.035084284777436e+00	1.047128548050900e+00
360	8.694218534769360e-01	8.709635899560807e-01
389	5.466349315590844e-01	5.495408738576245e-01
392	5.018692137005023e-01	5.128613839913648e-01
394	4.917421988490800e-01	5.011872336272722e-01
410	4.442928997862193e-01	4.466835921509631e-01
517	4.345722963623945e-01	4.365158322401660e-01
551	4.154744673703992e-01	4.168693834703354e-01
554	1.906779314528011e-01	1.949844599758045e-01
650	1.830617996728950e-01	1.862087136662867e-01
652	1.818958541651198e-01	1.819700858609984e-01
665	1.732004211754059e-01	1.737800828749375e-01
725	1.590548106179451e-01	1.621810097358930e-01
744	1.448570122614078e-01	1.479108388168208e-01
751	1.288624677724344e-01	1.318256738556407e-01
789	1.273051717631513e-01	1.288249551693134e-01
794	1.247711709199230e-01	1.258925411794167e-01
795	1.227409273691128e-01	1.230268770812381e-01
827	1.173743570272211e-01	1.174897554939529e-01
855	1.086680039409768e-01	1.096478196143185e-01
862	1.040163689267963e-01	1.047128548050900e-01
874	1.020518578300623e-01	1.023292992280754e-01
875	9.918386038196658e-02	1.000000000000000e-01
878	9.069828065946273e-02	9.120108393559097e-02
891	7.716607794242636e-02	7.762471166286916e-02
993	7.380853604207338e-02	7.413102413009177e-02
1043	7.197704896151413e-02	7.244359600749903e-02
1122	7.071677826763911e-02	7.079457843841380e-02
1353	6.892881986725408e-02	6.918309709189366e-02
2001	6.828306915231031e-02	6.918309709189366e-02
%
% index = 393, name = bbob_f013_i09_d02__bbob_f021_i10_d02
% instance = 4, reference value = 5.451315535100160e-01
% function evaluation | indicator value | target hit
1	1.128909067158897e+01	1.148153621496883e+01
117	5.904471022141516e+00	6.025595860743578e+00
227	5.721105454561710e+00	5.754399373371569e+00
292	3.874418301550321e-01	3.890451449942806e-01
379	2.608332827750346e-01	2.630267991895382e-01
409	2.446254999904263e-01	2.454708915685030e-01
485	2.354380570503358e-01	2.398832919019490e-01
507	2.315115509149835e-01	2.344228815319922e-01
512	1.975849890680195e-01	1.995262314968880e-01
513	1.841153353006378e-01	1.862087136662867e-01
528	1.738163215185209e-01	1.778279410038923e-01
537	1.679406211721038e-01	1.698243652461744e-01
547	1.649616735290934e-01	1.659586907437560e-01
584	1.449151315028341e-01	1.479108388168208e-01
591	1.365937639963844e-01	1.380384264602885e-01
595	1.348075295663222e-01	1.348962882591654e-01
688	1.317537957728043e-01	1.318256738556407e-01
710	1.283730069828301e-01	1.288249551693134e-01
730	1.063546262739426e-01	1.071519305237607e-01
754	1.045503250495616e-01	1.047128548050900e-01
761	1.000312263356616e-01	1.023292992280754e-01
765	9.826659811389937e-02	1.000000000000000e-01
769	9.751685122378273e-02	9.772372209558107e-02
795	9.469779742168533e-02	9.549925860214359e-02
820	9.327057857111265e-02	9.332543007969910e-02
872	9.094016032330465e-02	9.120108393559097e-02
933	8.848163074567755e-02	8.912509381337455e-02
951	8.704569701135512e-02	8.709635899560805e-02
953	8.471523895801719e-02	8.511380382023763e-02
997	8.295755935700122e-02	8.317637711026708e-02
1020	6.992665301089956e-02	7.079457843841380e-02
1025	6.622865913883091e-02	6.760829753919818e-02
1029	5.699944218838027e-02	5.754399373371569e-02
1062	5.622663182754045e-02	5.623413251903491e-02
1109	5.475401313660283e-02	5.495408738576246e-02
1162	4.447167901892257e-02	4.466835921509630e-02
1204	4.364458557347517e-02	4.365158322401658e-02
1381	3.543278876729594e-02	3.548133892335755e-02
1531	3.460416972165825e-02	3.467368504525317e-02
1797	3.388303081857447e-02	3.388441561392026e-02
2001	3.339612651284896e-02	3.388441561392026e-02
%
% index = 394, name = bbob_f013_i11_d02__bbob_f021_i12_d02
% instance = 5, reference value = 7.100697629928550e-01
% function evaluation | indicator value | target hit
1	1.943400398812855e+00	1.949844599758045e+00
327	1.277733815751355e+00	1.288249551693134e+00
332	6.186571054350419e-01	6.309573444801932e-01
355	5.249236288925618e-01	5.370317963702527e-01
437	5.041757988062836e-01	5.128613839913648e-01
440	4.912054816868048e-01	5.011872336272722e-01
447	4.895941998202183e-01	4.897788193684462e-01
502	4.578280252175205e-01	4.677351412871982e-01
547	4.406366196838647e-01	4.466835921509631e-01
585	4.001131590687465e-01	4.073802778041127e-01
681	3.597254907194114e-01	3.630780547701014e-01
706	3.810467166496501e-02	3.890451449942807e-02
708	3.327885910678008e-02	3.388441561392026e-02
732	3.296967343534463e-02	3.311311214825911e-02
751	2.663164876237856e-02	2.691534803926915e-02
752	2.604841596211038e-02	2.630267991895381e-02
756	2.472781505212773e-02	2.511886431509579e-02
759	2.446109132978902e-02	2.454708915685030e-02
761	2.353328951213252e-02	2.398832919019490e-02
782	2.299925996324814e-02	2.344228815319923e-02
789	2.235307283830879e-02	2.238721138568340e-02
794	2.073084567511285e-02	2.089296130854040e-02
799	2.033863439312045e-02	2.041737944669529e-02
804	1.958811389544157e-02	1.995262314968880e-02
806	1.886927026466922e-02	1.905460717963247e-02
807	1.836198713418047e-02	1.862087136662868e-02
841	1.814903128216017e-02	1.819700858609984e-02
881	1.766509714923681e-02	1.778279410038923e-02
894	1.722469824017336e-02	1.737800828749375e-02
902	1.649712200176967e-02	1.659586907437561e-02
931	1.598324885132540e-02	1.621810097358930e-02
937	1.545005724631998e-02	1.548816618912481e-02
954	1.439814602223088e-02	1.445439770745927e-02
970	1.043490527898605e-02	1.047128548050900e-02
987	1.012894756622296e-02	1.023292992280754e-02
994	9.900236920360905e-03	1.000000000000000e-02
1001	9.582824012733915e-03	9.772372209558112e-03
1006	9.515845193221018e-03	9.549925860214359e-03
1024	8.874441056177185e-03	8.912509381337459e-03
1070	8.709250615154041e-03	8.709635899560805e-03
1084	8.477828098904627e-03	8.511380382023767e-03
1092	8.307504208335148e-03	8.317637711026709e-03
1108	8.128006994878256e-03	8.128305161640995e-03
1122	7.894827922449554e-03	7.943282347242814e-03
1150	7.719952931673268e-03	7.762471166286920e-03
1182	7.580478447464456e-03	7.585775750291836e-03
1210	7.310791540638073e-03	7.413102413009177e-03
1240	7.206452148790898e-03	7.244359600749898e-03
1244	7.046894555609473e-03	7.079457843841380e-03
1254	6.831950596526082e-03	6.918309709189363e-03
1255	6.743138953220429e-03	6.760829753919818e-03
1296	6.604306498910084e-03	6.606934480075957e-03
1319	6.456535241361472e-03	6.456542290346556e-03
1371	6.303426674425738e-03	6.309573444801930e-03
1458	6.161960600947647e-03	6.165950018614822e-03
1478	6.023092906814798e-03	6.025595860743574e-03
1577	5.868309223863277e-03	5.888436553555890e-03
1605	5.730553990815901e-03	5.754399373371567e-03
1761	5.581226825571162e-03	5.623413251903491e-03
1842	5.406921157702471e-03	5.495408738576248e-03
1869	5.356956031101534e-03	5.370317963702527e-03
1886	5.070862750229943e-03	5.128613839913648e-03
1959	5.011020583350345e-03	5.011872336272725e-03
2001	4.965066604286528e-03	5.011872336272725e-03
%
% index = 395, name = bbob_f013_i13_d02__bbob_f021_i14_d02
% instance = 6, reference value = 9.405379420989221e-01
% function evaluation | indicator value | target hit
1	1.723546488911922e+00	1.737800828749375e+00
181	1.618800952375422e+00	1.621810097358930e+00
214	1.264879912755422e+00	1.288249551693134e+00
234	1.017425125662922e+00	1.023292992280754e+00
324	6.638223535187447e-01	6.760829753919817e-01
325	6.195658392534008e-01	6.309573444801932e-01
338	6.100264713201093e-01	6.165950018614822e-01
351	4.541870172332985e-01	4.570881896148750e-01
376	4.350248156880151e-01	4.365158322401660e-01
387	4.230187427643489e-01	4.265795188015927e-01
409	4.080140179200024e-01	4.168693834703354e-01
412	2.557833989603838e-01	2.570395782768864e-01
420	2.392239107429749e-01	2.398832919019490e-01
454	2.222625588733383e-01	2.238721138568339e-01
456	2.124452274078208e-01	2.137962089502232e-01
462	2.068330751643245e-01	2.089296130854039e-01
463	2.014364387149473e-01	2.041737944669530e-01
488	1.818793453594933e-01	1.819700858609984e-01
521	1.527766885837919e-01	1.548816618912481e-01
575	1.273808886780324e-01	1.288249551693134e-01
595	1.257345164698006e-01	1.258925411794167e-01
605	1.162918034825507e-01	1.174897554939529e-01
609	1.127966615643464e-01	1.148153621496883e-01
633	1.113188178006198e-01	1.122018454301964e-01
660	9.865361440335640e-02	1.000000000000000e-01
737	9.318570219695099e-02	9.332543007969910e-02
763	8.848420000527513e-02	8.912509381337455e-02
765	8.391573919765749e-02	8.511380382023763e-02
786	8.163496731184006e-02	8.317637711026708e-02
816	8.054305950560126e-02	8.128305161640990e-02
830	7.941842921393283e-02	7.943282347242814e-02
854	7.755782388561527e-02	7.762471166286916e-02
897	7.437335740640560e-02	7.585775750291836e-02
922	7.284438966146445e-02	7.413102413009177e-02
942	7.197315570024376e-02	7.244359600749903e-02
1006	6.927264796786281e-02	7.079457843841380e-02
1008	6.909482828272739e-02	6.918309709189366e-02
1107	6.760504458053607e-02	6.760829753919818e-02
2001	6.640607118015929e-02	6.760829753919818e-02
%
% index = 396, name = bbob_f013_i15_d02__bbob_f021_i16_d02
% instance = 7, reference value = 9.112444027698080e-01
% function evaluation | indicator value | target hit
1	4.121298253417044e-01	4.168693834703354e-01
44	3.456985992640629e-01	3.467368504525316e-01
368	2.987294864798342e-01	3.019951720402016e-01
466	1.978118721167665e-01	1.995262314968880e-01
496	1.908726015356702e-01	1.949844599758045e-01
559	1.791740167273107e-01	1.819700858609984e-01
572	1.499294147724740e-01	1.513561248436208e-01
624	1.460247768149390e-01	1.479108388168208e-01
634	1.286384262729772e-01	1.288249551693134e-01
644	1.205406319657324e-01	1.230268770812381e-01
645	1.173505189258903e-01	1.174897554939529e-01
690	1.144270488993586e-01	1.148153621496883e-01
704	1.067990528671457e-01	1.071519305237607e-01
708	1.018753358887923e-01	1.023292992280754e-01
715	9.937426864964960e-02	1.000000000000000e-01
754	9.772271440819047e-02	9.772372209558107e-02
773	8.801862129409654e-02	8.912509381337455e-02
785	8.369845853968483e-02	8.511380382023763e-02
810	7.817847772403008e-02	7.943282347242814e-02
811	7.732507681119472e-02	7.762471166286916e-02
840	7.561316661040973e-02	7.585775750291836e-02
855	7.329020113989737e-02	7.413102413009177e-02
870	6.696594981611059e-02	6.760829753919818e-02
879	6.383727146138318e-02	6.456542290346556e-02
896	5.845914036951938e-02	5.888436553555890e-02
902	5.688017938579415e-02	5.754399373371569e-02
921	5.612105401620993e-02	5.623413251903491e-02
974	5.219668445486680e-02	5.248074602497726e-02
983	5.116360484831683e-02	5.128613839913648e-02
1021	5.011249941409435e-02	5.011872336272722e-02
1069	4.688504084032419e-02	4.786300923226382e-02
1075	4.610322304609482e-02	4.677351412871981e-02
1094	4.570046346575696e-02	4.570881896148749e-02
1213	4.426308484306052e-02	4.466835921509630e-02
1269	4.291419673658314e-02	4.365158322401658e-02
1277	4.254060021574213e-02	4.265795188015926e-02
1467	4.165784847408804e-02	4.168693834703355e-02
1653	4.060417898176250e-02	4.073802778041128e-02
1778	3.841359120438070e-02	3.890451449942807e-02
1824	3.695374378803451e-02	3.715352290971726e-02
1880	3.624559440475161e-02	3.630780547701014e-02
2001	3.597138582741288e-02	3.630780547701014e-02
%
% index = 397, name = bbob_f013_i17_d02__bbob_f021_i18_d02
% instance = 8, reference value = 9.310698063043580e-01
% function evaluation | indicator value | target hit
1	7.922030928456718e-01	7.943282347242815e-01
228	7.683900562493318e-01	7.762471166286917e-01
229	7.074303433272551e-01	7.079457843841379e-01
371	5.365501377593335e-01	5.370317963702527e-01
416	3.679720547724382e-01	3.715352290971726e-01
424	3.050611938015627e-01	3.090295432513591e-01
443	2.578229373606207e-01	2.630267991895382e-01
456	1.782489836061993e-01	1.819700858609984e-01
475	1.177670763312980e-01	1.202264434617413e-01
476	1.099983298020921e-01	1.122018454301964e-01
501	1.018730820959397e-01	1.023292992280754e-01
504	9.865082779324708e-02	1.000000000000000e-01
509	7.906621451121543e-02	7.943282347242814e-02
517	6.672941644235342e-02	6.760829753919818e-02
554	6.449138664759024e-02	6.456542290346556e-02
579	6.043919265464937e-02	6.165950018614822e-02
585	6.003992857395279e-02	6.025595860743578e-02
598	4.740659968009708e-02	4.786300923226382e-02
664	4.291847769025070e-02	4.365158322401658e-02
665	4.125097653642618e-02	4.168693834703355e-02
735	4.069914893191073e-02	4.073802778041128e-02
748	3.597899708240748e-02	3.630780547701014e-02
760	3.370831995072843e-02	3.388441561392026e-02
763	3.108875569559022e-02	3.162277660168379e-02
782	3.074070277886565e-02	3.090295432513590e-02
800	2.874354949701063e-02	2.884031503126606e-02
806	2.701548243391172e-02	2.754228703338166e-02
824	2.647969399324890e-02	2.691534803926915e-02
828	2.568534011650880e-02	2.570395782768863e-02
877	2.504410244591770e-02	2.511886431509579e-02
902	2.330438481114550e-02	2.344228815319923e-02
906	2.282026881080446e-02	2.290867652767773e-02
909	2.237540249673731e-02	2.238721138568340e-02
926	2.136334814148999e-02	2.137962089502233e-02
927	2.088593804173777e-02	2.089296130854040e-02
957	2.023693197184129e-02	2.041737944669529e-02
960	1.920154747751246e-02	1.949844599758046e-02
967	1.903864205418682e-02	1.905460717963247e-02
985	1.831123478941366e-02	1.862087136662868e-02
987	1.780423124091013e-02	1.819700858609984e-02
1004	1.775465324283365e-02	1.778279410038923e-02
1012	1.735867285639536e-02	1.737800828749375e-02
1032	1.665930600425958e-02	1.698243652461744e-02
1035	1.657082792247511e-02	1.659586907437561e-02
1067	1.620023668885573e-02	1.621810097358930e-02
1079	1.471431120203925e-02	1.479108388168207e-02
1087	1.406754844972791e-02	1.412537544622754e-02
1110	1.378478267255101e-02	1.380384264602885e-02
1124	1.151267792361843e-02	1.174897554939530e-02
1126	1.146454409086961e-02	1.148153621496883e-02
1171	1.121815254183789e-02	1.122018454301964e-02
1175	1.076352106351119e-02	1.096478196143185e-02
1202	1.071230214379082e-02	1.071519305237606e-02
1279	9.687947089253357e-03	9.772372209558112e-03
1352	9.428708584121592e-03	9.549925860214359e-03
1410	9.332369309185018e-03	9.332543007969915e-03
1578	9.066669625546142e-03	9.120108393559097e-03
1719	8.905024556977614e-03	8.912509381337459e-03
1999	8.709063334170097e-03	8.709635899560805e-03
2001	8.672949581953415e-03	8.709635899560805e-03
%
% index = 398, name = bbob_f013_i19_d02__bbob_f021_i21_d02
% instance = 9, reference value = 9.296630893783160e-01
% function evaluation | indicator value | target hit
1	8.724753102007122e-01	8.912509381337456e-01
148	7.687691809568634e-01	7.762471166286917e-01
275	7.051176445485965e-01	7.079457843841379e-01
286	6.910484335586873e-01	6.918309709189365e-01
332	6.393374764210917e-01	6.456542290346555e-01
339	1.352345713382148e-01	1.380384264602885e-01
346	1.290526749444170e-01	1.318256738556407e-01
458	1.217365444723679e-01	1.230268770812381e-01
480	1.186102479679290e-01	1.202264434617413e-01
481	1.157186245724611e-01	1.174897554939529e-01
528	1.133282418340839e-01	1.148153621496883e-01
543	1.118423990074404e-01	1.122018454301964e-01
573	8.506482733524634e-02	8.511380382023763e-02
589	5.821046799617757e-02	5.888436553555890e-02
598	5.413861513957030e-02	5.495408738576246e-02
645	5.354011962533622e-02	5.370317963702527e-02
704	4.836590607740499e-02	4.897788193684462e-02
745	4.778723026543974e-02	4.786300923226382e-02
809	4.668131376160667e-02	4.677351412871981e-02
890	4.569680215828753e-02	4.570881896148749e-02
1466	4.466493577667019e-02	4.466835921509630e-02
2001	4.461071393359206e-02	4.466835921509630e-02
%
% index = 399, name = bbob_f013_i21_d02__bbob_f021_i22_d02
% instance = 10, reference value = 9.786750485790280e-01
% function evaluation | indicator value | target hit
1	1.265884980275028e+00	1.288249551693134e+00
256	7.242418984986551e-01	7.244359600749900e-01
384	6.185377713992715e-01	6.309573444801932e-01
418	3.269221900125385e-01	3.311311214825911e-01
466	3.028774541590458e-01	3.090295432513591e-01
492	5.637122314767495e-02	5.754399373371569e-02
637	5.483404627640820e-02	5.495408738576246e-02
818	5.202001154317493e-02	5.248074602497726e-02
827	4.819972957951546e-02	4.897788193684462e-02
857	4.694477627702720e-02	4.786300923226382e-02
858	3.981261177887740e-02	4.073802778041128e-02
914	3.980538797239785e-02	3.981071705534973e-02
944	3.869189064326761e-02	3.890451449942807e-02
961	3.772016451748905e-02	3.801893963205612e-02
974	3.621802434376409e-02	3.630780547701014e-02
1004	3.235743400624602e-02	3.235936569296283e-02
1010	3.160218165059436e-02	3.162277660168379e-02
1049	3.076785020868322e-02	3.090295432513590e-02
1130	3.013308948441407e-02	3.019951720402016e-02
1131	2.938381040317617e-02	2.951209226666385e-02
1181	2.842603534843746e-02	2.884031503126606e-02
1260	2.796390440574370e-02	2.818382931264454e-02
1272	2.749103088769989e-02	2.754228703338166e-02
1290	2.667183113357618e-02	2.691534803926915e-02
1327	2.550549261144175e-02	2.570395782768863e-02
1407	2.510190138713031e-02	2.511886431509579e-02
1532	2.451836997277812e-02	2.454708915685030e-02
1575	2.387219506680238e-02	2.398832919019490e-02
1679	2.342855059835547e-02	2.344228815319923e-02
1947	2.290589853433744e-02	2.290867652767773e-02
2001	2.287282997820450e-02	2.290867652767773e-02
