%
% index = 1210, name = bbob_f002_i02_d05__bbob_f006_i04_d05
% instance = 1, reference value = 9.999929787940680e-01
% function evaluation | indicator value | target hit
1	9.393993994982586e-01	9.549925860214360e-01
284	4.522755375212929e-01	4.570881896148750e-01
300	4.329084334852324e-01	4.365158322401660e-01
364	4.137264572045014e-01	4.168693834703354e-01
367	4.025625901965237e-01	4.073802778041127e-01
427	1.960328008808492e-01	1.995262314968880e-01
430	1.485993594624854e-01	1.513561248436208e-01
431	1.286783339880686e-01	1.288249551693134e-01
508	1.081524074721006e-01	1.096478196143185e-01
552	8.661676575768451e-02	8.709635899560805e-02
610	8.374730778106743e-02	8.511380382023763e-02
619	6.225406706857106e-02	6.309573444801933e-02
827	5.908210084044230e-02	6.025595860743578e-02
1073	5.880070242034319e-02	5.888436553555890e-02
1620	5.753427699573643e-02	5.754399373371569e-02
2107	5.605016743347280e-02	5.623413251903491e-02
2217	5.438863521081483e-02	5.495408738576246e-02
2773	2.425479095207461e-02	2.454708915685030e-02
2875	2.125256987816726e-02	2.137962089502233e-02
5001	2.103893086256081e-02	2.137962089502233e-02
%
% index = 1211, name = bbob_f002_i03_d05__bbob_f006_i05_d05
% instance = 2, reference value = 9.999102050930770e-01
% function evaluation | indicator value | target hit
1	1.151494870334077e+00	1.174897554939530e+00
219	1.113565553425577e+00	1.122018454301963e+00
251	9.749650735815576e-01	9.772372209558107e-01
306	9.521645193632841e-01	9.549925860214360e-01
435	8.816680216624889e-01	8.912509381337456e-01
452	7.870855077554384e-01	7.943282347242815e-01
484	7.726477094335397e-01	7.762471166286917e-01
486	2.608926081708729e-01	2.630267991895382e-01
496	2.249249349536406e-01	2.290867652767773e-01
512	2.116908512863274e-01	2.137962089502232e-01
513	2.013295581210205e-01	2.041737944669530e-01
553	1.989053684272538e-01	1.995262314968880e-01
556	1.937825241542266e-01	1.949844599758045e-01
586	1.287093431967519e-01	1.288249551693134e-01
618	1.203958337222928e-01	1.230268770812381e-01
627	1.174207166865024e-01	1.174897554939529e-01
669	1.138044649787946e-01	1.148153621496883e-01
670	1.106135776762004e-01	1.122018454301964e-01
671	1.016788165668154e-01	1.023292992280754e-01
683	9.830645515084890e-02	1.000000000000000e-01
702	9.529778267260725e-02	9.549925860214359e-02
705	9.151589338162458e-02	9.332543007969910e-02
724	8.979656630413357e-02	9.120108393559097e-02
756	8.899304792942431e-02	8.912509381337455e-02
780	8.614867924977987e-02	8.709635899560805e-02
802	8.321960405249684e-02	8.511380382023763e-02
803	8.236458249748524e-02	8.317637711026708e-02
813	8.010977111247974e-02	8.128305161640990e-02
856	7.887579537101963e-02	7.943282347242814e-02
864	7.744408047792373e-02	7.762471166286916e-02
882	7.376442517193393e-02	7.413102413009177e-02
888	7.090302013194272e-02	7.244359600749903e-02
893	7.068863096114875e-02	7.079457843841380e-02
917	6.739838048125701e-02	6.760829753919818e-02
921	6.434566632414285e-02	6.456542290346556e-02
1000	6.303406945091738e-02	6.309573444801933e-02
1033	6.037643136126936e-02	6.165950018614822e-02
1054	6.023687288534640e-02	6.025595860743578e-02
1098	5.883206760557036e-02	5.888436553555890e-02
1196	5.750871622594333e-02	5.754399373371569e-02
1264	5.612795801067527e-02	5.623413251903491e-02
1293	5.493214259793133e-02	5.495408738576246e-02
1342	5.343906085539929e-02	5.370317963702527e-02
1371	5.237512884500939e-02	5.248074602497726e-02
1402	5.128017853421063e-02	5.128613839913648e-02
1464	5.005406204596674e-02	5.011872336272722e-02
1565	4.886080813647486e-02	4.897788193684462e-02
1642	4.779691472308489e-02	4.786300923226382e-02
1714	4.657994641289298e-02	4.677351412871981e-02
1802	4.569971494344816e-02	4.570881896148749e-02
1821	4.461897994122743e-02	4.466835921509630e-02
1933	4.352046564645429e-02	4.365158322401658e-02
2120	4.264733624894845e-02	4.265795188015926e-02
2223	4.167529629031652e-02	4.168693834703355e-02
2450	4.072353739506085e-02	4.073802778041128e-02
2703	3.949692183472875e-02	3.981071705534973e-02
2800	3.887275418678116e-02	3.890451449942807e-02
3026	3.798249318956026e-02	3.801893963205612e-02
3175	3.715315836892996e-02	3.715352290971726e-02
3315	3.629308698833011e-02	3.630780547701014e-02
3581	3.547910299658996e-02	3.548133892335755e-02
4751	3.467367373406682e-02	3.467368504525317e-02
5001	3.464410177653843e-02	3.467368504525317e-02
%
% index = 1212, name = bbob_f002_i07_d05__bbob_f006_i08_d05
% instance = 3, reference value = 9.473571226293760e-01
% function evaluation | indicator value | target hit
1	8.212785422761147e+00	8.317637711026711e+00
5001	8.212785422761147e+00	8.317637711026711e+00
%
% index = 1213, name = bbob_f002_i09_d05__bbob_f006_i10_d05
% instance = 4, reference value = 9.736858360734980e-01
% function evaluation | indicator value | target hit
1	5.045395646381683e+00	5.128613839913648e+00
5001	5.045395646381683e+00	5.128613839913648e+00
%
% index = 1214, name = bbob_f002_i11_d05__bbob_f006_i12_d05
% instance = 5, reference value = 9.994807061943360e-01
% function evaluation | indicator value | target hit
1	4.927882169015836e+00	5.011872336272722e+00
176	4.346558174065104e+00	4.365158322401660e+00
214	6.488583416966055e-01	6.606934480075960e-01
267	5.474290385795991e-01	5.495408738576245e-01
318	4.978307656157486e-01	5.011872336272722e-01
319	3.468417288472674e-01	3.548133892335755e-01
325	1.296590151171595e-01	1.318256738556407e-01
352	8.425848139031300e-02	8.511380382023763e-02
406	8.262700373176912e-02	8.317637711026708e-02
442	7.837974973138928e-02	7.943282347242814e-02
479	5.868718879902202e-02	5.888436553555890e-02
490	5.531373890944791e-02	5.623413251903491e-02
509	5.203768943833087e-02	5.248074602497726e-02
558	5.091575155313044e-02	5.128613839913648e-02
609	4.878634200982379e-02	4.897788193684462e-02
648	4.769552614033667e-02	4.786300923226382e-02
671	4.470205515325176e-02	4.570881896148749e-02
691	4.451110556515625e-02	4.466835921509630e-02
801	4.291634159002766e-02	4.365158322401658e-02
1604	4.188215166713871e-02	4.265795188015926e-02
2646	4.163334785900696e-02	4.168693834703355e-02
5001	4.118606884669362e-02	4.168693834703355e-02
%
% index = 1215, name = bbob_f002_i13_d05__bbob_f006_i14_d05
% instance = 6, reference value = 9.999404260900940e-01
% function evaluation | indicator value | target hit
1	6.677728223802839e-01	6.760829753919817e-01
195	6.053398541141528e-01	6.165950018614822e-01
332	4.983632097558832e-01	5.011872336272722e-01
360	3.517351900022523e-01	3.548133892335755e-01
381	1.887186140684276e-01	1.905460717963247e-01
402	3.595559350171573e-02	3.630780547701014e-02
482	3.048454591515526e-02	3.090295432513590e-02
538	2.926493908538252e-02	2.951209226666385e-02
578	2.401351262785556e-02	2.454708915685030e-02
607	2.309438339289838e-02	2.344228815319923e-02
642	2.287296571788400e-02	2.290867652767773e-02
695	2.225821330831612e-02	2.238721138568340e-02
711	1.997004245196177e-02	2.041737944669529e-02
712	1.994538839255422e-02	1.995262314968880e-02
774	1.945847674389867e-02	1.949844599758046e-02
777	1.757358622052374e-02	1.778279410038923e-02
863	1.737543430029964e-02	1.737800828749375e-02
1799	1.698078253725244e-02	1.698243652461744e-02
3115	1.659579008580991e-02	1.659586907437561e-02
4172	1.621744924790425e-02	1.621810097358930e-02
5001	1.602379918959063e-02	1.621810097358930e-02
%
% index = 1216, name = bbob_f002_i15_d05__bbob_f006_i16_d05
% instance = 7, reference value = 9.693661464134010e-01
% function evaluation | indicator value | target hit
1	7.428449136245199e-01	7.585775750291838e-01
706	7.293185126432757e-01	7.413102413009175e-01
797	7.236507547229289e-01	7.244359600749900e-01
1408	7.078380675991907e-01	7.079457843841379e-01
2969	6.916764053998263e-01	6.918309709189365e-01
5001	6.816631491613463e-01	6.918309709189365e-01
%
% index = 1217, name = bbob_f002_i17_d05__bbob_f006_i18_d05
% instance = 8, reference value = 9.999272010998380e-01
% function evaluation | indicator value | target hit
1	1.358740876555744e+00	1.380384264602885e+00
489	1.026634481017338e+00	1.047128548050900e+00
556	5.856213436974507e-01	5.888436553555889e-01
562	4.226233823844299e-01	4.265795188015927e-01
618	3.108846577384868e-01	3.162277660168379e-01
646	2.660034015983835e-01	2.691534803926916e-01
648	2.417036964786071e-01	2.454708915685030e-01
676	2.125003532641166e-01	2.137962089502232e-01
689	1.685421082826724e-01	1.698243652461744e-01
702	1.072888601328006e-01	1.096478196143185e-01
704	3.235562946321602e-02	3.235936569296283e-02
744	3.138890017482321e-02	3.162277660168379e-02
809	2.466645272750390e-02	2.511886431509579e-02
847	2.391902895489395e-02	2.398832919019490e-02
874	1.917863573911038e-02	1.949844599758046e-02
897	1.762891815385592e-02	1.778279410038923e-02
912	1.736045626871674e-02	1.737800828749375e-02
961	1.628116557123127e-02	1.659586907437561e-02
1040	1.589880819355660e-02	1.621810097358930e-02
1084	1.558002525607460e-02	1.584893192461113e-02
1148	1.432771053765858e-02	1.445439770745927e-02
1227	1.347295860959685e-02	1.348962882591653e-02
1258	1.281760663100773e-02	1.288249551693134e-02
1402	1.195891560437257e-02	1.202264434617413e-02
1520	1.164047762764708e-02	1.174897554939530e-02
1864	1.134829042739061e-02	1.148153621496883e-02
2128	1.074602214192988e-02	1.096478196143185e-02
2172	1.042312225121356e-02	1.047128548050900e-02
2225	9.464545721963757e-03	9.549925860214359e-03
2248	8.693268534401999e-03	8.709635899560805e-03
2331	6.692508078751436e-03	6.760829753919818e-03
2591	6.299880927070678e-03	6.309573444801930e-03
2632	5.619233737178653e-03	5.623413251903491e-03
2673	5.208757721047563e-03	5.248074602497728e-03
2738	5.047130402141775e-03	5.128613839913648e-03
2767	4.999616585655065e-03	5.011872336272725e-03
2844	4.851266896102824e-03	4.897788193684461e-03
2845	4.755298757725623e-03	4.786300923226385e-03
2875	4.629795672618897e-03	4.677351412871981e-03
3035	4.324468441771590e-03	4.365158322401661e-03
3071	3.694228621439200e-03	3.715352290971724e-03
3191	3.618474108281533e-03	3.630780547701014e-03
3302	3.538560719364092e-03	3.548133892335753e-03
3660	3.365214538322614e-03	3.388441561392024e-03
4177	3.278540945948705e-03	3.311311214825911e-03
4689	3.215095978091553e-03	3.235936569296281e-03
5001	3.200798408937944e-03	3.235936569296281e-03
%
% index = 1218, name = bbob_f002_i19_d05__bbob_f006_i21_d05
% instance = 9, reference value = 9.999730536771310e-01
% function evaluation | indicator value | target hit
1	1.583283050108631e+00	1.584893192461114e+00
202	1.468577051228631e+00	1.479108388168207e+00
314	1.918127245761096e-01	1.949844599758045e-01
417	7.485751145220754e-02	7.585775750291836e-02
447	7.283309427202289e-02	7.413102413009177e-02
670	6.446149064962925e-02	6.456542290346556e-02
775	6.083416282207321e-02	6.165950018614822e-02
877	6.011152747383419e-02	6.025595860743578e-02
895	5.780998522288050e-02	5.888436553555890e-02
939	5.730540401346251e-02	5.754399373371569e-02
971	5.612443126962074e-02	5.623413251903491e-02
1040	5.489384505890105e-02	5.495408738576246e-02
1452	5.369407502573253e-02	5.370317963702527e-02
1965	5.246244047892989e-02	5.248074602497726e-02
2993	5.126708147253078e-02	5.128613839913648e-02
3315	5.006147523650117e-02	5.011872336272722e-02
3501	4.896786206152182e-02	4.897788193684462e-02
4107	4.784052758063428e-02	4.786300923226382e-02
5001	4.679152925582253e-02	4.786300923226382e-02
%
% index = 1219, name = bbob_f002_i21_d05__bbob_f006_i22_d05
% instance = 10, reference value = 9.996758312989700e-01
% function evaluation | indicator value | target hit
1	1.364189753268470e+00	1.380384264602885e+00
199	7.766801030941046e-01	7.943282347242815e-01
208	6.193034165541863e-01	6.309573444801932e-01
271	5.659190690452158e-01	5.754399373371569e-01
286	5.059206444481830e-01	5.128613839913648e-01
302	4.864211086201754e-01	4.897788193684462e-01
337	3.593140153134962e-01	3.630780547701014e-01
354	2.516477539583437e-01	2.570395782768864e-01
430	2.507141985889365e-01	2.511886431509580e-01
523	1.224478503823115e-01	1.230268770812381e-01
705	1.191425452706217e-01	1.202264434617413e-01
806	1.165141559488686e-01	1.174897554939529e-01
861	1.102653075720222e-01	1.122018454301964e-01
1024	1.091816988420687e-01	1.096478196143185e-01
1127	1.059662527201702e-01	1.071519305237607e-01
5001	1.051639614063555e-01	1.071519305237607e-01
