%
% index = 580, name = bbob_f001_i02_d03__bbob_f008_i04_d03
% instance = 1, reference value = 9.686872347426559e-01
% function evaluation | indicator value | target hit
1	1.556669279255656e+00	1.584893192461114e+00
361	1.155307894388656e+00	1.174897554939530e+00
449	1.136203735330656e+00	1.148153621496883e+00
462	6.174843850227530e-01	6.309573444801932e-01
466	5.348670941669073e-01	5.370317963702527e-01
521	4.269010572772954e-01	4.365158322401660e-01
522	3.830348102839723e-01	3.890451449942806e-01
523	2.916761135993783e-01	2.951209226666385e-01
564	2.716014955745044e-01	2.754228703338166e-01
570	2.540522626096574e-01	2.570395782768864e-01
581	2.504043222115852e-01	2.511886431509580e-01
619	2.446878514734619e-01	2.454708915685030e-01
637	2.355566554868035e-01	2.398832919019490e-01
641	2.338306372258682e-01	2.344228815319922e-01
703	2.263421880652171e-01	2.290867652767773e-01
724	2.221872029940199e-01	2.238721138568339e-01
766	1.770934187215454e-01	1.778279410038923e-01
802	1.723263340580899e-01	1.737800828749375e-01
1091	1.632077494669387e-01	1.659586907437560e-01
1190	1.612918621359268e-01	1.621810097358930e-01
1674	1.576193500945724e-01	1.584893192461113e-01
1903	1.498897654063815e-01	1.513561248436208e-01
2013	1.462296720982105e-01	1.479108388168208e-01
2062	1.440096471076769e-01	1.445439770745928e-01
2281	1.402234636406564e-01	1.412537544622754e-01
2296	1.348373503700905e-01	1.348962882591654e-01
2645	1.303267710953230e-01	1.318256738556407e-01
2714	1.199625192353360e-01	1.202264434617413e-01
2854	1.109677943249135e-01	1.122018454301964e-01
2997	1.048416245522530e-01	1.071519305237607e-01
3001	1.048411012168594e-01	1.071519305237607e-01
%
% index = 581, name = bbob_f001_i03_d03__bbob_f008_i05_d03
% instance = 2, reference value = 9.550140132140340e-01
% function evaluation | indicator value | target hit
1	3.265470901585201e-01	3.311311214825911e-01
537	2.823320461835319e-01	2.884031503126606e-01
547	2.674661531909256e-01	2.691534803926916e-01
556	2.596446237379100e-01	2.630267991895382e-01
570	2.466653756267647e-01	2.511886431509580e-01
574	1.860744421337726e-01	1.862087136662867e-01
584	1.138462087543534e-01	1.148153621496883e-01
592	1.021852149360686e-01	1.023292992280754e-01
610	9.830558288849955e-02	1.000000000000000e-01
612	9.405721503832942e-02	9.549925860214359e-02
613	9.140052516913211e-02	9.332543007969910e-02
619	8.202880880260455e-02	8.317637711026708e-02
629	7.840566843286734e-02	7.943282347242814e-02
636	7.740755483538686e-02	7.762471166286916e-02
666	7.322405011351596e-02	7.413102413009177e-02
667	7.231863266722061e-02	7.244359600749903e-02
684	6.615305927404613e-02	6.760829753919818e-02
685	6.541953195280337e-02	6.606934480075961e-02
698	6.072393506472296e-02	6.165950018614822e-02
700	5.989229039704091e-02	6.025595860743578e-02
701	5.697765135684718e-02	5.754399373371569e-02
703	5.346837312198838e-02	5.370317963702527e-02
714	5.223361269555427e-02	5.248074602497726e-02
716	4.961854003493349e-02	5.011872336272722e-02
717	4.684000729138227e-02	4.786300923226382e-02
720	4.636685880095637e-02	4.677351412871981e-02
731	3.758689470390064e-02	3.801893963205612e-02
748	3.511273052123443e-02	3.548133892335755e-02
769	3.395572602125063e-02	3.467368504525317e-02
775	3.380934710044303e-02	3.388441561392026e-02
794	3.252376147411640e-02	3.311311214825911e-02
796	3.200987335408401e-02	3.235936569296283e-02
799	3.004751842433051e-02	3.019951720402016e-02
806	2.847601340863382e-02	2.884031503126606e-02
807	2.713214707431300e-02	2.754228703338166e-02
812	2.664919179566139e-02	2.691534803926915e-02
813	2.611328891574805e-02	2.630267991895381e-02
814	2.560082514931339e-02	2.570395782768863e-02
825	2.446157419229733e-02	2.454708915685030e-02
862	2.398382564438939e-02	2.398832919019490e-02
866	2.303710178525775e-02	2.344228815319923e-02
876	2.219282298438452e-02	2.238721138568340e-02
890	2.186120481335840e-02	2.187761623949553e-02
898	2.125856199720177e-02	2.137962089502233e-02
911	2.083154833772871e-02	2.089296130854040e-02
925	1.912504751922839e-02	1.949844599758046e-02
930	1.903962101016643e-02	1.905460717963247e-02
954	1.860258064636633e-02	1.862087136662868e-02
969	1.818848849826005e-02	1.819700858609984e-02
998	1.776379824102781e-02	1.778279410038923e-02
1002	1.737551114118840e-02	1.737800828749375e-02
1016	1.637138503025770e-02	1.659586907437561e-02
1017	1.565913166115473e-02	1.584893192461113e-02
1028	1.548291399601109e-02	1.548816618912481e-02
1040	1.362956122892522e-02	1.380384264602885e-02
1041	1.300860765538503e-02	1.318256738556407e-02
1058	1.274668201033158e-02	1.288249551693134e-02
1065	1.249588827774850e-02	1.258925411794167e-02
1083	1.229326529131014e-02	1.230268770812382e-02
1094	1.201269431774743e-02	1.202264434617413e-02
1106	1.163851076691080e-02	1.174897554939530e-02
1123	1.147721720443540e-02	1.148153621496883e-02
1144	1.108713995279853e-02	1.122018454301964e-02
1145	1.096141043497267e-02	1.096478196143185e-02
1152	1.071362508519091e-02	1.071519305237606e-02
1176	1.043321938327535e-02	1.047128548050900e-02
1193	1.018915508649798e-02	1.023292992280754e-02
1206	9.628612577827877e-03	9.772372209558112e-03
1207	9.535253318158632e-03	9.549925860214359e-03
1254	9.107009751763595e-03	9.120108393559097e-03
1277	8.801154356006591e-03	8.912509381337459e-03
1307	8.589459506371244e-03	8.709635899560805e-03
1325	8.509249693020471e-03	8.511380382023767e-03
1341	8.315667919941649e-03	8.317637711026709e-03
1350	8.104510978460100e-03	8.128305161640995e-03
1384	7.918907334309333e-03	7.943282347242814e-03
1398	7.687762425486855e-03	7.762471166286920e-03
1422	7.511703457522945e-03	7.585775750291836e-03
1441	7.408432806872201e-03	7.413102413009177e-03
1456	7.178732273070865e-03	7.244359600749898e-03
1464	6.064227143075418e-03	6.165950018614822e-03
1476	5.920162402130891e-03	6.025595860743574e-03
1499	5.884335770052096e-03	5.888436553555890e-03
1520	5.748810849431685e-03	5.754399373371567e-03
1554	5.592100027546953e-03	5.623413251903491e-03
1566	5.451231604112206e-03	5.495408738576248e-03
1576	5.258267713997178e-03	5.370317963702527e-03
1584	5.246975188803793e-03	5.248074602497728e-03
1615	5.055441655546722e-03	5.128613839913648e-03
1628	5.005308435490297e-03	5.011872336272725e-03
1673	4.878919663173331e-03	4.897788193684461e-03
1680	4.785314712267175e-03	4.786300923226385e-03
1691	4.631436576175152e-03	4.677351412871981e-03
1709	4.553426397605809e-03	4.570881896148752e-03
1728	4.445217825340131e-03	4.466835921509630e-03
1758	4.327583341942054e-03	4.365158322401661e-03
1759	4.252335432312515e-03	4.265795188015926e-03
1816	3.232743572425534e-03	3.235936569296281e-03
1843	3.145939294415978e-03	3.162277660168379e-03
1856	2.945234232909821e-03	2.951209226666387e-03
1898	2.869484823964763e-03	2.884031503126605e-03
1907	2.798949536084394e-03	2.818382931264455e-03
1908	2.570383146487942e-03	2.570395782768865e-03
1941	2.511801504424760e-03	2.511886431509579e-03
1962	2.454485816573482e-03	2.454708915685031e-03
1963	2.391075130563469e-03	2.398832919019490e-03
1964	2.209462339901824e-03	2.238721138568340e-03
1997	2.186189596920407e-03	2.187761623949552e-03
2017	2.137172722172731e-03	2.137962089502233e-03
2034	2.006543131213512e-03	2.041737944669530e-03
2037	1.992605267097880e-03	1.995262314968879e-03
2060	1.945894215704902e-03	1.949844599758046e-03
2069	1.903222231434354e-03	1.905460717963246e-03
2101	1.859420943477019e-03	1.862087136662868e-03
2152	1.818823789633717e-03	1.819700858609983e-03
2210	1.778263767639565e-03	1.778279410038923e-03
2307	1.736976007798430e-03	1.737800828749376e-03
2384	1.697008813830614e-03	1.698243652461744e-03
2551	1.657776187525384e-03	1.659586907437561e-03
2713	1.621372744839755e-03	1.621810097358930e-03
3001	1.589829391771547e-03	1.621810097358930e-03
%
% index = 582, name = bbob_f001_i07_d03__bbob_f008_i08_d03
% instance = 3, reference value = 9.104798164919770e-01
% function evaluation | indicator value | target hit
1	8.203330502335305e-01	8.317637711026710e-01
354	4.791097123673566e-01	4.897788193684462e-01
393	4.161398427461357e-01	4.168693834703354e-01
416	3.564054369055608e-01	3.630780547701014e-01
418	3.012983698946488e-01	3.019951720402016e-01
460	2.338815234036460e-01	2.344228815319922e-01
463	2.263116305206652e-01	2.290867652767773e-01
478	2.224885953885878e-01	2.238721138568339e-01
487	2.099818054895923e-01	2.137962089502232e-01
517	2.077888604442212e-01	2.089296130854039e-01
518	1.818841600113816e-01	1.819700858609984e-01
519	1.383801073341462e-01	1.412537544622754e-01
532	8.985047029072790e-02	9.120108393559097e-02
565	7.697908043229784e-02	7.762471166286916e-02
568	7.388795251413194e-02	7.413102413009177e-02
589	7.136825756531029e-02	7.244359600749903e-02
593	6.310551421163102e-02	6.456542290346556e-02
594	5.339170230009616e-02	5.370317963702527e-02
599	5.153348423365300e-02	5.248074602497726e-02
601	5.124019090591070e-02	5.128613839913648e-02
618	4.946050587518158e-02	5.011872336272722e-02
623	4.265472395749426e-02	4.265795188015926e-02
628	3.909950912761972e-02	3.981071705534973e-02
636	3.886773545579647e-02	3.890451449942807e-02
642	3.686583950341527e-02	3.715352290971726e-02
647	3.060914283596305e-02	3.090295432513590e-02
654	3.014978312465766e-02	3.019951720402016e-02
655	2.772107604116991e-02	2.818382931264454e-02
656	2.751549774671325e-02	2.754228703338166e-02
657	2.660446726144017e-02	2.691534803926915e-02
663	2.608797143413777e-02	2.630267991895381e-02
667	2.515330645637481e-02	2.570395782768863e-02
668	2.495944679778805e-02	2.511886431509579e-02
669	2.385444286214322e-02	2.398832919019490e-02
670	2.321754115651775e-02	2.344228815319923e-02
672	2.213133497617081e-02	2.238721138568340e-02
675	2.183898506450399e-02	2.187761623949553e-02
682	2.033456817867907e-02	2.041737944669529e-02
685	1.944211458112877e-02	1.949844599758046e-02
701	1.854505441573651e-02	1.862087136662868e-02
702	1.817702707910862e-02	1.819700858609984e-02
711	1.766182483301648e-02	1.778279410038923e-02
717	1.673984416918128e-02	1.698243652461744e-02
719	1.648792209504424e-02	1.659586907437561e-02
734	1.613155587509518e-02	1.621810097358930e-02
735	1.548955819484832e-02	1.584893192461113e-02
738	1.540459375741732e-02	1.548816618912481e-02
746	1.509797183389394e-02	1.513561248436208e-02
752	1.426974979758577e-02	1.445439770745927e-02
759	1.411277784430276e-02	1.412537544622754e-02
771	1.377118074952710e-02	1.380384264602885e-02
788	1.348805037309253e-02	1.348962882591653e-02
796	1.317713925539832e-02	1.318256738556407e-02
806	1.287632136316241e-02	1.288249551693134e-02
812	1.258074258570907e-02	1.258925411794167e-02
824	1.229897438086558e-02	1.230268770812382e-02
828	1.186223046594714e-02	1.202264434617413e-02
837	1.162900521103261e-02	1.174897554939530e-02
852	1.141661770528901e-02	1.148153621496883e-02
858	1.120754775173183e-02	1.122018454301964e-02
867	1.092734356018721e-02	1.096478196143185e-02
877	1.071377885840730e-02	1.071519305237606e-02
900	1.032551744967147e-02	1.047128548050900e-02
904	1.023226804111754e-02	1.023292992280754e-02
918	9.968709261085396e-03	1.000000000000000e-02
939	9.769022848909459e-03	9.772372209558112e-03
957	9.531632349371932e-03	9.549925860214359e-03
975	9.328877660095491e-03	9.332543007969915e-03
1014	9.113044139837934e-03	9.120108393559097e-03
1047	8.911913696493357e-03	8.912509381337459e-03
1073	8.708835372748025e-03	8.709635899560805e-03
1116	8.508662211383133e-03	8.511380382023767e-03
1123	8.314284919248682e-03	8.317637711026709e-03
1204	8.126630719953010e-03	8.128305161640995e-03
1238	7.938052684353991e-03	7.943282347242814e-03
1272	7.760035738271109e-03	7.762471166286920e-03
1281	7.475586332926665e-03	7.585775750291836e-03
1311	7.400738961934272e-03	7.413102413009177e-03
1316	7.231321221684017e-03	7.244359600749898e-03
1340	6.382262095568247e-03	6.456542290346556e-03
1354	6.302782752135028e-03	6.309573444801930e-03
1405	6.098807986292032e-03	6.165950018614822e-03
1420	4.869190013742308e-03	4.897788193684461e-03
1421	4.285465778494979e-03	4.365158322401661e-03
1427	4.244868631604337e-03	4.265795188015926e-03
1444	4.094117158890520e-03	4.168693834703355e-03
1451	4.073238100546828e-03	4.073802778041126e-03
1501	3.661112999171601e-03	3.715352290971724e-03
1527	3.568393792936164e-03	3.630780547701014e-03
1562	3.437318141706336e-03	3.467368504525317e-03
1579	3.388020922779234e-03	3.388441561392024e-03
1591	3.297277520363351e-03	3.311311214825911e-03
1647	3.232259442076613e-03	3.235936569296281e-03
1653	3.158616540292480e-03	3.162277660168379e-03
1709	3.085285658076198e-03	3.090295432513592e-03
1727	3.019093757374081e-03	3.019951720402016e-03
1853	2.936413997517096e-03	2.951209226666387e-03
1934	2.819900343840609e-03	2.884031503126605e-03
1944	2.817631030534007e-03	2.818382931264455e-03
2011	2.754198182352674e-03	2.754228703338166e-03
2115	2.689473535601006e-03	2.691534803926917e-03
2174	2.619540606486614e-03	2.630267991895381e-03
2359	2.544395524268883e-03	2.570395782768865e-03
2388	2.511790930427749e-03	2.511886431509579e-03
2468	2.453749863955745e-03	2.454708915685031e-03
2603	2.398819657007056e-03	2.398832919019490e-03
2758	2.343615237093144e-03	2.344228815319923e-03
3001	2.297230141744211e-03	2.344228815319923e-03
%
% index = 583, name = bbob_f001_i09_d03__bbob_f008_i10_d03
% instance = 4, reference value = 9.946995937093630e-01
% function evaluation | indicator value | target hit
1	9.936546975577535e-01	1.000000000000000e+00
489	3.131881319271816e-01	3.162277660168379e-01
565	1.308205081171376e-01	1.318256738556407e-01
676	1.134449532541245e-01	1.148153621496883e-01
720	1.121313821611354e-01	1.122018454301964e-01
763	1.077290845002907e-01	1.096478196143185e-01
764	8.814405963165362e-02	8.912509381337455e-02
801	8.637107216528439e-02	8.709635899560805e-02
805	1.476824546219224e-02	1.479108388168207e-02
827	1.430121142931240e-02	1.445439770745927e-02
834	1.106804531240424e-02	1.122018454301964e-02
841	1.033176998499341e-02	1.047128548050900e-02
856	1.020989419936202e-02	1.023292992280754e-02
862	9.720658574033925e-03	9.772372209558112e-03
871	8.946900481048403e-03	9.120108393559097e-03
901	8.877400362447996e-03	8.912509381337459e-03
934	8.346075348737658e-03	8.511380382023767e-03
935	8.314680468328395e-03	8.317637711026709e-03
936	7.733707969893033e-03	7.762471166286920e-03
956	7.160311005586117e-03	7.244359600749898e-03
966	6.978080622522809e-03	7.079457843841380e-03
984	6.525147490030525e-03	6.606934480075957e-03
1006	6.329859807253535e-03	6.456542290346556e-03
1009	6.169450859979553e-03	6.309573444801930e-03
1012	5.509478917629540e-03	5.623413251903491e-03
1013	5.203640248248043e-03	5.248074602497728e-03
1043	5.097879885684331e-03	5.128613839913648e-03
1068	4.992992404030283e-03	5.011872336272725e-03
1099	4.889928458780668e-03	4.897788193684461e-03
1115	4.775735024621031e-03	4.786300923226385e-03
1130	4.530628698892092e-03	4.570881896148752e-03
1144	4.465133633457241e-03	4.466835921509630e-03
1177	4.354729641175559e-03	4.365158322401661e-03
1207	4.265433070729352e-03	4.265795188015926e-03
1262	3.929081102035270e-03	3.981071705534973e-03
1275	3.888553739522016e-03	3.890451449942805e-03
1321	3.792736927430873e-03	3.801893963205613e-03
1325	3.709125460756968e-03	3.715352290971724e-03
1335	3.629798391459271e-03	3.630780547701014e-03
1348	3.475966281052290e-03	3.548133892335753e-03
1353	3.463294242540327e-03	3.467368504525317e-03
1379	3.384884155640866e-03	3.388441561392024e-03
1391	3.262459915491567e-03	3.311311214825911e-03
1400	3.235623857698711e-03	3.235936569296281e-03
1445	3.038093431004918e-03	3.090295432513592e-03
1464	3.018363185816275e-03	3.019951720402016e-03
1522	2.949236552292067e-03	2.951209226666387e-03
1571	2.878710792257322e-03	2.884031503126605e-03
1632	2.818325673242694e-03	2.818382931264455e-03
1707	2.753845712379244e-03	2.754228703338166e-03
1821	2.691188458262106e-03	2.691534803926917e-03
1956	2.630140415936788e-03	2.630267991895381e-03
2090	2.472914286660188e-03	2.511886431509579e-03
2160	2.427326585266454e-03	2.454708915685031e-03
2306	2.398098380282709e-03	2.398832919019490e-03
2353	2.343136041349170e-03	2.344228815319923e-03
2616	2.285514924890486e-03	2.290867652767772e-03
2708	2.238314718811085e-03	2.238721138568340e-03
2756	2.187222993052962e-03	2.187761623949552e-03
2911	2.130329272712173e-03	2.137962089502233e-03
3001	2.115125693465725e-03	2.137962089502233e-03
%
% index = 584, name = bbob_f001_i11_d03__bbob_f008_i12_d03
% instance = 5, reference value = 9.231607546091840e-01
% function evaluation | indicator value | target hit
1	6.403434876311985e-01	6.456542290346555e-01
347	5.719934837167820e-01	5.754399373371569e-01
457	5.041326971869757e-01	5.128613839913648e-01
483	4.607971176408425e-01	4.677351412871982e-01
519	2.839418185731929e-01	2.884031503126606e-01
580	2.298287967048458e-01	2.344228815319922e-01
615	1.894266816052548e-01	1.905460717963247e-01
637	1.779920102975914e-01	1.819700858609984e-01
638	1.753152461474671e-01	1.778279410038923e-01
657	1.570326272420079e-01	1.584893192461113e-01
692	1.476830077673841e-01	1.479108388168208e-01
694	1.430423253894360e-01	1.445439770745928e-01
717	1.411268370934294e-01	1.412537544622754e-01
767	1.379922314193912e-01	1.380384264602885e-01
828	1.348363429983861e-01	1.348962882591654e-01
859	1.315307693056096e-01	1.318256738556407e-01
896	1.288082148774952e-01	1.288249551693134e-01
905	1.254752935472168e-01	1.258925411794167e-01
916	1.227106314378883e-01	1.230268770812381e-01
977	1.191611639183335e-01	1.202264434617413e-01
1040	1.101398378215054e-01	1.122018454301964e-01
1062	1.095000113317652e-01	1.096478196143185e-01
1088	9.835439343125740e-02	1.000000000000000e-01
1110	9.656709994165769e-02	9.772372209558107e-02
1121	9.248179046263350e-02	9.332543007969910e-02
1173	9.047160696469791e-02	9.120108393559097e-02
1214	8.905146894919358e-02	8.912509381337455e-02
1285	8.707332090081876e-02	8.709635899560805e-02
1369	8.510972061303756e-02	8.511380382023763e-02
1472	8.306625980679017e-02	8.317637711026708e-02
1617	8.127848667870086e-02	8.128305161640990e-02
1838	7.943270162409677e-02	7.943282347242814e-02
2160	7.762050670925247e-02	7.762471166286916e-02
2499	7.585618661456695e-02	7.585775750291836e-02
2917	7.395609568145545e-02	7.413102413009177e-02
3001	7.372664192289757e-02	7.413102413009177e-02
%
% index = 585, name = bbob_f001_i13_d03__bbob_f008_i14_d03
% instance = 6, reference value = 9.432324352728000e-01
% function evaluation | indicator value | target hit
1	8.108899448433045e-01	8.128305161640993e-01
404	7.461922729911423e-01	7.585775750291838e-01
465	5.964747938911474e-01	6.025595860743578e-01
470	4.568241707891280e-01	4.570881896148750e-01
471	4.099375718727164e-01	4.168693834703354e-01
496	3.156794542864549e-01	3.162277660168379e-01
512	2.658537617857163e-01	2.691534803926916e-01
523	2.597071736956021e-01	2.630267991895382e-01
533	1.990698005490030e-01	1.995262314968880e-01
575	1.921727031924756e-01	1.949844599758045e-01
597	1.882288821359591e-01	1.905460717963247e-01
625	1.860906416971353e-01	1.862087136662867e-01
629	1.623675899302696e-01	1.659586907437560e-01
634	1.380533189370176e-01	1.412537544622754e-01
635	1.380382733850668e-01	1.380384264602885e-01
648	1.258782848570623e-01	1.258925411794167e-01
673	1.065335310531624e-01	1.071519305237607e-01
763	1.046907448364645e-01	1.047128548050900e-01
804	1.001384931067265e-01	1.023292992280754e-01
812	9.957423031382140e-02	1.000000000000000e-01
917	9.304588629068544e-02	9.332543007969910e-02
971	7.913761287084031e-02	7.943282347242814e-02
1022	5.532001544288334e-02	5.623413251903491e-02
1076	4.953141489533541e-02	5.011872336272722e-02
1086	4.887920973685289e-02	4.897788193684462e-02
1158	4.566977800415362e-02	4.570881896148749e-02
1159	4.394939110672613e-02	4.466835921509630e-02
1174	4.364739624376412e-02	4.365158322401658e-02
1200	4.243742943055417e-02	4.265795188015926e-02
1305	3.712443876260085e-02	3.715352290971726e-02
1420	3.630627528163854e-02	3.630780547701014e-02
1568	3.547911038623752e-02	3.548133892335755e-02
1648	3.465823975610027e-02	3.467368504525317e-02
1820	3.387648572131940e-02	3.388441561392026e-02
2007	2.595922626184344e-02	2.630267991895381e-02
2057	1.842369359438778e-02	1.862087136662868e-02
2104	1.819082431403374e-02	1.819700858609984e-02
2109	1.769802122457032e-02	1.778279410038923e-02
2116	1.563684347576122e-02	1.584893192461113e-02
2141	1.537247262071317e-02	1.548816618912481e-02
2170	1.512929515160011e-02	1.513561248436208e-02
2230	1.471554341346082e-02	1.479108388168207e-02
2298	1.422857900217767e-02	1.445439770745927e-02
2302	1.405876112564397e-02	1.412537544622754e-02
2370	1.379747416565480e-02	1.380384264602885e-02
2524	1.348696600276689e-02	1.348962882591653e-02
3001	1.323958738909525e-02	1.348962882591653e-02
%
% index = 586, name = bbob_f001_i15_d03__bbob_f008_i16_d03
% instance = 7, reference value = 9.676897844868380e-01
% function evaluation | indicator value | target hit
1	2.074060743645830e+00	2.089296130854040e+00
721	1.833957422150338e+00	1.862087136662868e+00
860	1.816116375781838e+00	1.819700858609983e+00
862	1.419364844943838e+00	1.445439770745927e+00
916	1.324299132630338e+00	1.348962882591654e+00
950	1.119000030129653e+00	1.122018454301963e+00
1104	9.856796609853380e-01	1.000000000000000e+00
1147	9.676697034379053e-01	9.772372209558107e-01
1216	9.540061651696030e-01	9.549925860214360e-01
1239	9.174877462309277e-01	9.332543007969910e-01
1248	9.093035843758911e-01	9.120108393559098e-01
1366	8.911019967794481e-01	8.912509381337456e-01
2052	8.709142516699216e-01	8.709635899560807e-01
3001	8.514201476073318e-01	8.709635899560807e-01
%
% index = 587, name = bbob_f001_i17_d03__bbob_f008_i18_d03
% instance = 8, reference value = 9.218244312518270e-01
% function evaluation | indicator value | target hit
1	7.734699962849100e-01	7.762471166286917e-01
506	5.516123081247979e-01	5.623413251903491e-01
525	5.456180829517621e-01	5.495408738576245e-01
584	2.989915503707478e-01	3.019951720402016e-01
607	2.881357616484419e-01	2.884031503126606e-01
613	2.477015566569540e-01	2.511886431509580e-01
624	2.156366469220372e-01	2.187761623949552e-01
625	2.114845379762746e-01	2.137962089502232e-01
633	1.550160008098201e-01	1.584893192461113e-01
654	1.534186609388081e-01	1.548816618912481e-01
677	1.458172631635483e-01	1.479108388168208e-01
722	1.442009523484441e-01	1.445439770745928e-01
726	1.110694928925789e-01	1.122018454301964e-01
750	1.043284419587581e-01	1.047128548050900e-01
751	9.999279079791790e-02	1.000000000000000e-01
764	9.721085535853369e-02	9.772372209558107e-02
787	9.539675311471429e-02	9.549925860214359e-02
811	9.219265454597370e-02	9.332543007969910e-02
838	8.893610480667580e-02	8.912509381337455e-02
853	8.700192426235742e-02	8.709635899560805e-02
866	8.380715312873521e-02	8.511380382023763e-02
887	8.316108022593194e-02	8.317637711026708e-02
897	6.847669300833747e-02	6.918309709189366e-02
930	6.414377524706039e-02	6.456542290346556e-02
932	6.264680898815078e-02	6.309573444801933e-02
939	6.160073160093138e-02	6.165950018614822e-02
1006	5.463539235452863e-02	5.495408738576246e-02
1007	5.085297931652832e-02	5.128613839913648e-02
1023	4.964171399661521e-02	5.011872336272722e-02
1039	4.788612076179166e-02	4.897788193684462e-02
1040	4.702249332056685e-02	4.786300923226382e-02
1050	4.637518749255232e-02	4.677351412871981e-02
1051	4.512392655585895e-02	4.570881896148749e-02
1064	4.459686685223896e-02	4.466835921509630e-02
1151	4.362870149568765e-02	4.365158322401658e-02
1192	4.253160305058268e-02	4.265795188015926e-02
1251	4.139624823191279e-02	4.168693834703355e-02
1298	4.071290696688035e-02	4.073802778041128e-02
1323	3.590505240399822e-02	3.630780547701014e-02
1377	3.519858012366928e-02	3.548133892335755e-02
1403	3.465950294184994e-02	3.467368504525317e-02
1419	3.376034446406073e-02	3.388441561392026e-02
1429	3.270146620723979e-02	3.311311214825911e-02
1464	3.232392420846542e-02	3.235936569296283e-02
1517	3.158415804025816e-02	3.162277660168379e-02
1626	3.066871702323970e-02	3.090295432513590e-02
1655	3.004599873308222e-02	3.019951720402016e-02
1796	2.851552980295091e-02	2.884031503126606e-02
1870	2.809730380695030e-02	2.818382931264454e-02
1966	2.566506095453402e-02	2.570395782768863e-02
2108	2.509898562582158e-02	2.511886431509579e-02
2163	2.431612556870044e-02	2.454708915685030e-02
2177	2.398797309191403e-02	2.398832919019490e-02
2253	2.258769697783403e-02	2.290867652767773e-02
2354	2.122595452267129e-02	2.137962089502233e-02
2453	2.017557502860923e-02	2.041737944669529e-02
2555	1.995161249870103e-02	1.995262314968880e-02
2920	1.949445596295485e-02	1.949844599758046e-02
3001	1.939482187334618e-02	1.949844599758046e-02
%
% index = 588, name = bbob_f001_i19_d03__bbob_f008_i21_d03
% instance = 9, reference value = 9.404364613253650e-01
% function evaluation | indicator value | target hit
1	3.150200755634365e+00	3.162277660168380e+00
217	1.007831780894365e+00	1.023292992280754e+00
447	8.897361654383841e-01	8.912509381337456e-01
454	5.862517875863977e-01	5.888436553555889e-01
476	3.967096075314239e-01	3.981071705534972e-01
477	2.302360325144465e-01	2.344228815319922e-01
488	1.927659973141977e-01	1.949844599758045e-01
489	1.896405162180747e-01	1.905460717963247e-01
553	1.809891280364261e-01	1.819700858609984e-01
577	1.596240745681441e-01	1.621810097358930e-01
590	1.505084969956605e-01	1.513561248436208e-01
619	1.474957896894140e-01	1.479108388168208e-01
620	1.377541661867306e-01	1.380384264602885e-01
644	1.338578767418375e-01	1.348962882591654e-01
666	1.149305615739487e-01	1.174897554939529e-01
668	1.132690221838837e-01	1.148153621496883e-01
673	1.113318752143038e-01	1.122018454301964e-01
697	1.033499344401677e-01	1.047128548050900e-01
705	9.351892704398113e-02	9.549925860214359e-02
709	9.187976971687428e-02	9.332543007969910e-02
714	9.093686183779970e-02	9.120108393559097e-02
721	8.846665197031500e-02	8.912509381337455e-02
727	8.498887217481532e-02	8.511380382023763e-02
734	8.067124203929110e-02	8.128305161640990e-02
735	7.861441095314414e-02	7.943282347242814e-02
747	7.555762417147394e-02	7.585775750291836e-02
766	6.870426882730674e-02	6.918309709189366e-02
767	6.549470017377146e-02	6.606934480075961e-02
774	6.275081224266332e-02	6.309573444801933e-02
803	6.149222057720549e-02	6.165950018614822e-02
810	5.271925985657322e-02	5.370317963702527e-02
811	5.111617221708054e-02	5.128613839913648e-02
834	5.010550986532358e-02	5.011872336272722e-02
859	4.675850945435367e-02	4.677351412871981e-02
866	4.410313233055041e-02	4.466835921509630e-02
876	4.285073607637102e-02	4.365158322401658e-02
891	4.212172621366661e-02	4.265795188015926e-02
896	4.146072558833858e-02	4.168693834703355e-02
916	3.987012933505496e-02	4.073802778041128e-02
917	3.767951819427628e-02	3.801893963205612e-02
921	3.673318525727931e-02	3.715352290971726e-02
941	3.626948809707964e-02	3.630780547701014e-02
960	3.548080426429356e-02	3.548133892335755e-02
984	3.333406120772986e-02	3.388441561392026e-02
986	3.305811960862737e-02	3.311311214825911e-02
1001	3.214627265471792e-02	3.235936569296283e-02
1006	3.160255500636777e-02	3.162277660168379e-02
1028	3.087360306668729e-02	3.090295432513590e-02
1056	2.997520964073075e-02	3.019951720402016e-02
1057	2.935512069399493e-02	2.951209226666385e-02
1086	2.872306640951749e-02	2.884031503126606e-02
1101	2.794713809044624e-02	2.818382931264454e-02
1113	2.747828961876031e-02	2.754228703338166e-02
1132	2.687176461852070e-02	2.691534803926915e-02
1164	2.614878188843583e-02	2.630267991895381e-02
1165	2.570029377136873e-02	2.570395782768863e-02
1176	2.510808833871825e-02	2.511886431509579e-02
1202	2.453398746533708e-02	2.454708915685030e-02
1220	2.391124729446537e-02	2.398832919019490e-02
1253	2.328987613658073e-02	2.344228815319923e-02
1273	2.289089670146072e-02	2.290867652767773e-02
1305	2.236172304641215e-02	2.238721138568340e-02
1330	2.186296764293361e-02	2.187761623949553e-02
1377	2.137662867188017e-02	2.137962089502233e-02
1414	2.084290295637847e-02	2.089296130854040e-02
1454	2.035413533458907e-02	2.041737944669529e-02
1500	1.984783591526895e-02	1.995262314968880e-02
1528	1.948696145434892e-02	1.949844599758046e-02
1586	1.904604839479762e-02	1.905460717963247e-02
1663	1.861357980422707e-02	1.862087136662868e-02
1723	1.819487285380739e-02	1.819700858609984e-02
1780	1.777906680393360e-02	1.778279410038923e-02
1853	1.736622890905304e-02	1.737800828749375e-02
1905	1.697826403558023e-02	1.698243652461744e-02
1983	1.659378864789041e-02	1.659586907437561e-02
2056	1.621596341662479e-02	1.621810097358930e-02
2129	1.581913387857858e-02	1.584893192461113e-02
2214	1.546250341163857e-02	1.548816618912481e-02
2274	1.513402820011567e-02	1.513561248436208e-02
2341	1.478903080188665e-02	1.479108388168207e-02
2415	1.431400246153036e-02	1.445439770745927e-02
2466	1.383203874768002e-02	1.412537544622754e-02
2476	1.379569288176408e-02	1.380384264602885e-02
2583	1.348871821641806e-02	1.348962882591653e-02
2597	1.308711191014056e-02	1.318256738556407e-02
2641	1.287862383956107e-02	1.288249551693134e-02
2688	1.258624128123420e-02	1.258925411794167e-02
2724	1.201722154505258e-02	1.202264434617413e-02
2796	1.174790858421282e-02	1.174897554939530e-02
2832	1.146979492412659e-02	1.148153621496883e-02
2874	1.111982205245687e-02	1.122018454301964e-02
2876	1.087643017341700e-02	1.096478196143185e-02
2889	1.069216150001107e-02	1.071519305237606e-02
2923	1.035254080478731e-02	1.047128548050900e-02
2963	1.022081386922757e-02	1.023292992280754e-02
3001	1.007377756688344e-02	1.023292992280754e-02
%
% index = 589, name = bbob_f001_i21_d03__bbob_f008_i22_d03
% instance = 10, reference value = 9.188507184575850e-01
% function evaluation | indicator value | target hit
1	3.961928499372255e-01	3.981071705534972e-01
308	3.125165224538213e-01	3.162277660168379e-01
315	2.919506233023631e-01	2.951209226666385e-01
397	2.217256196692391e-01	2.238721138568339e-01
414	1.624257523106700e-01	1.659586907437560e-01
415	1.586343224770480e-01	1.621810097358930e-01
446	1.559983744805625e-01	1.584893192461113e-01
496	1.379761394055016e-01	1.380384264602885e-01
497	1.335429647798476e-01	1.348962882591654e-01
502	1.139169384038887e-01	1.148153621496883e-01
506	1.117576980384926e-01	1.122018454301964e-01
519	8.879557623297607e-02	8.912509381337455e-02
538	7.141378726184933e-02	7.244359600749903e-02
549	7.046825890281527e-02	7.079457843841380e-02
556	6.667574691240019e-02	6.760829753919818e-02
568	6.200354212312797e-02	6.309573444801933e-02
585	4.831876256365519e-02	4.897788193684462e-02
603	4.747483625223603e-02	4.786300923226382e-02
607	4.652094461774381e-02	4.677351412871981e-02
612	4.554076232671544e-02	4.570881896148749e-02
620	4.211831062516558e-02	4.265795188015926e-02
633	4.154572621860286e-02	4.168693834703355e-02
638	3.527144763330736e-02	3.548133892335755e-02
654	3.453991436350112e-02	3.467368504525317e-02
657	3.262804888605564e-02	3.311311214825911e-02
670	3.233829835392543e-02	3.235936569296283e-02
671	3.027667336541950e-02	3.090295432513590e-02
674	3.003752610700428e-02	3.019951720402016e-02
695	2.950245371817872e-02	2.951209226666385e-02
696	2.868063203122762e-02	2.884031503126606e-02
698	2.621419278106374e-02	2.630267991895381e-02
712	2.553517886132817e-02	2.570395782768863e-02
715	2.508656962353284e-02	2.511886431509579e-02
718	2.411304998246677e-02	2.454708915685030e-02
719	2.397412629989992e-02	2.398832919019490e-02
741	2.326455559879481e-02	2.344228815319923e-02
757	2.290386947006218e-02	2.290867652767773e-02
758	1.767592419309538e-02	1.778279410038923e-02
764	1.725422928996156e-02	1.737800828749375e-02
771	1.329904311301056e-02	1.348962882591653e-02
775	1.312667894256880e-02	1.318256738556407e-02
782	1.286075843255929e-02	1.288249551693134e-02
783	1.215196711300015e-02	1.230268770812382e-02
786	1.200567682592313e-02	1.202264434617413e-02
801	1.174748103528089e-02	1.174897554939530e-02
802	1.140751586935695e-02	1.148153621496883e-02
804	1.120989986200138e-02	1.122018454301964e-02
816	1.074363882789631e-02	1.096478196143185e-02
818	1.069491499313557e-02	1.071519305237606e-02
827	1.035030316023622e-02	1.047128548050900e-02
828	1.017811177852190e-02	1.023292992280754e-02
842	9.953675759508451e-03	1.000000000000000e-02
852	8.465013525115750e-03	8.511380382023767e-03
857	8.109737854171906e-03	8.128305161640995e-03
865	7.941347259110221e-03	7.943282347242814e-03
870	7.729449025095314e-03	7.762471166286920e-03
875	7.581542923648987e-03	7.585775750291836e-03
881	7.409707858435199e-03	7.413102413009177e-03
887	6.669328817245246e-03	6.760829753919818e-03
888	6.579044498484232e-03	6.606934480075957e-03
891	6.441384097529146e-03	6.456542290346556e-03
893	6.261678754126976e-03	6.309573444801930e-03
903	6.140630150381798e-03	6.165950018614822e-03
907	6.024357498114252e-03	6.025595860743574e-03
914	5.864356361140799e-03	5.888436553555890e-03
926	5.722751466194498e-03	5.754399373371567e-03
935	5.596300956364542e-03	5.623413251903491e-03
948	5.487265237040129e-03	5.495408738576248e-03
955	5.152470337086101e-03	5.248074602497728e-03
959	5.128605193709279e-03	5.128613839913648e-03
963	4.985075437591191e-03	5.011872336272725e-03
967	4.872744028171394e-03	4.897788193684461e-03
973	4.755781476950882e-03	4.786300923226385e-03
985	4.673513905624871e-03	4.677351412871981e-03
1000	4.569320649893571e-03	4.570881896148752e-03
1017	4.454593183761291e-03	4.466835921509630e-03
1030	4.344988947066253e-03	4.365158322401661e-03
1040	4.263017413149384e-03	4.265795188015926e-03
1054	4.168377874999685e-03	4.168693834703355e-03
1074	4.048527753429232e-03	4.073802778041126e-03
1079	3.979685256129573e-03	3.981071705534973e-03
1089	3.873571382166929e-03	3.890451449942805e-03
1104	3.799083186851848e-03	3.801893963205613e-03
1124	3.703525825226928e-03	3.715352290971724e-03
1143	3.625678314779557e-03	3.630780547701014e-03
1160	3.547780539748469e-03	3.548133892335753e-03
1170	3.433618212975720e-03	3.467368504525317e-03
1178	3.378871871721811e-03	3.388441561392024e-03
1204	3.307022341516475e-03	3.311311214825911e-03
1216	3.234412445454637e-03	3.235936569296281e-03
1240	3.160873314699497e-03	3.162277660168379e-03
1252	3.077128362131920e-03	3.090295432513592e-03
1260	2.995112460472238e-03	3.019951720402016e-03
1280	2.949274310841687e-03	2.951209226666387e-03
1310	2.883170478294006e-03	2.884031503126605e-03
1320	2.812445662406460e-03	2.818382931264455e-03
1345	2.750715096948464e-03	2.754228703338166e-03
1369	2.691212841419710e-03	2.691534803926917e-03
1401	2.628287802136642e-03	2.630267991895381e-03
1406	2.546011338434018e-03	2.570395782768865e-03
1407	2.438399336148867e-03	2.454708915685031e-03
1429	2.392706073124251e-03	2.398832919019490e-03
1444	2.342705623847863e-03	2.344228815319923e-03
1455	2.286861472059587e-03	2.290867652767772e-03
1468	2.234937491233269e-03	2.238721138568340e-03
1496	2.182125665626700e-03	2.187761623949552e-03
1533	2.135884513566944e-03	2.137962089502233e-03
1581	2.088799853959711e-03	2.089296130854039e-03
1628	2.041326722243220e-03	2.041737944669530e-03
1681	1.995015408117751e-03	1.995262314968879e-03
1704	1.939893148121818e-03	1.949844599758046e-03
1733	1.901623912527572e-03	1.905460717963246e-03
1777	1.861331954361889e-03	1.862087136662868e-03
1861	1.819640452268678e-03	1.819700858609983e-03
1938	1.777021935101208e-03	1.778279410038923e-03
2013	1.736929209868898e-03	1.737800828749376e-03
2136	1.698217989155371e-03	1.698243652461744e-03
2174	1.659463287201901e-03	1.659586907437561e-03
2214	1.613558028424777e-03	1.621810097358930e-03
2335	1.581281981625549e-03	1.584893192461114e-03
2467	1.543170961971874e-03	1.548816618912481e-03
2585	1.512808290044410e-03	1.513561248436209e-03
2707	1.460954348076027e-03	1.479108388168207e-03
2915	1.445438632007967e-03	1.445439770745928e-03
3001	1.437003364882283e-03	1.445439770745928e-03
