%
% index = 130, name = bbob_f002_i02_d02__bbob_f013_i04_d02
% instance = 1, reference value = 9.124718307789580e-01
% function evaluation | indicator value | target hit
1	1.829871358902086e+00	1.862087136662868e+00
266	1.435953095711958e+00	1.445439770745927e+00
342	9.381864209859579e-01	9.549925860214360e-01
370	3.445771685595644e-01	3.467368504525316e-01
447	3.335016355133785e-01	3.388441561392025e-01
529	3.301161043923625e-01	3.311311214825911e-01
577	2.115554028147794e-01	2.137962089502232e-01
582	1.515061265550879e-01	1.548816618912481e-01
585	1.511201409819368e-01	1.513561248436208e-01
683	1.467955046160270e-01	1.479108388168208e-01
723	1.365814574697041e-01	1.380384264602885e-01
731	1.337436712721666e-01	1.348962882591654e-01
739	1.290487887684619e-01	1.318256738556407e-01
742	1.283424825736270e-01	1.288249551693134e-01
770	9.767736833114926e-02	9.772372209558107e-02
806	9.071700788927772e-02	9.120108393559097e-02
807	8.760389870481189e-02	8.912509381337455e-02
830	8.679918165986644e-02	8.709635899560805e-02
831	8.453839182591150e-02	8.511380382023763e-02
874	7.834992734816482e-02	7.943282347242814e-02
875	7.241767031664115e-02	7.244359600749903e-02
880	6.898844831650297e-02	6.918309709189366e-02
884	6.638603904305673e-02	6.760829753919818e-02
885	6.581357478407013e-02	6.606934480075961e-02
898	6.383827539490916e-02	6.456542290346556e-02
923	6.308183000199052e-02	6.309573444801933e-02
945	6.128308135830307e-02	6.165950018614822e-02
951	6.025097910813704e-02	6.025595860743578e-02
977	5.872912491519233e-02	5.888436553555890e-02
1021	5.750661593118078e-02	5.754399373371569e-02
1042	5.622467263998365e-02	5.623413251903491e-02
1062	5.145879312530377e-02	5.248074602497726e-02
1064	5.127203220090248e-02	5.128613839913648e-02
1082	4.928881770311944e-02	5.011872336272722e-02
1083	4.890764552135385e-02	4.897788193684462e-02
1135	4.782417095445080e-02	4.786300923226382e-02
1176	4.621870779536774e-02	4.677351412871981e-02
1206	4.548117462211965e-02	4.570881896148749e-02
1232	4.284374410907288e-02	4.365158322401658e-02
1249	4.244464632822154e-02	4.265795188015926e-02
1255	4.155392127184210e-02	4.168693834703355e-02
1266	3.954083435090250e-02	3.981071705534973e-02
1287	3.890348146358702e-02	3.890451449942807e-02
1335	3.008320015092603e-02	3.019951720402016e-02
1372	2.949477567054026e-02	2.951209226666385e-02
1385	2.842134972684740e-02	2.884031503126606e-02
1396	2.777573236130015e-02	2.818382931264454e-02
1404	2.727719065633860e-02	2.754228703338166e-02
1414	2.687293873977836e-02	2.691534803926915e-02
1464	2.627753701225632e-02	2.630267991895381e-02
1482	2.567932618825675e-02	2.570395782768863e-02
1514	2.509293618661212e-02	2.511886431509579e-02
1553	2.454379337763046e-02	2.454708915685030e-02
1624	2.398474775633164e-02	2.398832919019490e-02
1657	2.334227211593642e-02	2.344228815319923e-02
1718	2.283304128098462e-02	2.290867652767773e-02
1734	2.235558342590027e-02	2.238721138568340e-02
1745	2.012035760892339e-02	2.041737944669529e-02
1778	1.974478449153416e-02	1.995262314968880e-02
1784	1.784749308174982e-02	1.819700858609984e-02
1794	1.770881882279285e-02	1.778279410038923e-02
1809	1.702388500851015e-02	1.737800828749375e-02
1813	1.697500503058857e-02	1.698243652461744e-02
1837	1.659476912082614e-02	1.659586907437561e-02
1875	1.620452929832739e-02	1.621810097358930e-02
1953	1.554574200656056e-02	1.584893192461113e-02
1975	1.548215327854596e-02	1.548816618912481e-02
2006	1.450679354239204e-02	1.479108388168207e-02
2013	9.063285403079102e-03	9.120108393559097e-03
2029	8.910095826522357e-03	8.912509381337459e-03
2050	8.097811780964692e-03	8.128305161640995e-03
2051	7.533992483861884e-03	7.585775750291836e-03
2089	7.283898890108276e-03	7.413102413009177e-03
2101	7.241545928833193e-03	7.244359600749898e-03
2162	7.078125675724412e-03	7.079457843841380e-03
2184	6.796341183586629e-03	6.918309709189363e-03
2185	6.729661000886566e-03	6.760829753919818e-03
2191	6.415733961825043e-03	6.456542290346556e-03
2201	4.256474291328360e-03	4.265795188015926e-03
2210	3.426140382885690e-03	3.467368504525317e-03
2224	3.368867737941539e-03	3.388441561392024e-03
2227	3.291455224159634e-03	3.311311214825911e-03
2232	3.134054406154663e-03	3.162277660168379e-03
2243	2.780982042645208e-03	2.818382931264455e-03
2261	2.750616082763391e-03	2.754228703338166e-03
2290	2.691441837043396e-03	2.691534803926917e-03
2299	2.298884332310291e-03	2.344228815319923e-03
2300	2.270096580912040e-03	2.290867652767772e-03
2316	2.238507274973767e-03	2.238721138568340e-03
2333	1.931324852641247e-03	1.949844599758046e-03
2346	1.891547544886185e-03	1.905460717963246e-03
2375	1.849852365299998e-03	1.862087136662868e-03
2380	1.688425593252552e-03	1.698243652461744e-03
2398	1.601185129976535e-03	1.621810097358930e-03
2399	1.578759532601670e-03	1.584893192461114e-03
2424	1.546532975138515e-03	1.548816618912481e-03
2432	1.435562482532959e-03	1.445439770745928e-03
2436	1.340087505995236e-03	1.348962882591653e-03
2437	1.317323864165276e-03	1.318256738556408e-03
2454	1.282009503951076e-03	1.288249551693134e-03
2457	1.227595216123256e-03	1.230268770812381e-03
2458	1.195084971871263e-03	1.202264434617413e-03
2476	1.174875041693113e-03	1.174897554939529e-03
2488	1.146640637620489e-03	1.148153621496883e-03
2489	1.056601073802232e-03	1.071519305237606e-03
2502	1.045573384972021e-03	1.047128548050900e-03
2510	1.020516202202226e-03	1.023292992280754e-03
2543	9.784731448391204e-04	1.000000000000000e-03
2564	9.762230181441511e-04	9.772372209558111e-04
2597	9.531249293315280e-04	9.549925860214359e-04
2618	9.269595810170728e-04	9.332543007969915e-04
2626	9.097897043935932e-04	9.120108393559096e-04
2660	8.903131748535520e-04	8.912509381337459e-04
2702	8.696958916142306e-04	8.709635899560805e-04
2726	8.508982208922378e-04	8.511380382023768e-04
2735	8.217402391217377e-04	8.317637711026709e-04
2756	8.128075971490789e-04	8.128305161640995e-04
2795	7.941628816471313e-04	7.943282347242813e-04
2797	7.509486013822508e-04	7.585775750291835e-04
2846	7.391322161292013e-04	7.413102413009177e-04
2874	7.240258766384455e-04	7.244359600749898e-04
2895	7.079146274798775e-04	7.079457843841380e-04
2934	6.906622692415265e-04	6.918309709189362e-04
2960	6.751081066483922e-04	6.760829753919819e-04
2974	6.604440238696663e-04	6.606934480075957e-04
3011	6.445653592334066e-04	6.456542290346556e-04
3048	6.308079850325665e-04	6.309573444801930e-04
3074	6.165058872857898e-04	6.165950018614823e-04
3110	6.019998653932213e-04	6.025595860743575e-04
3146	5.856898281395573e-04	5.888436553555889e-04
3202	5.752986122551373e-04	5.754399373371566e-04
3237	5.619300200594424e-04	5.623413251903491e-04
3283	5.495094422025559e-04	5.495408738576248e-04
3293	5.362297526874116e-04	5.370317963702527e-04
3322	5.142665241250066e-04	5.248074602497728e-04
3328	5.125782711883353e-04	5.128613839913648e-04
3384	5.011620328801980e-04	5.011872336272725e-04
3385	4.886308547690232e-04	4.897788193684461e-04
3423	4.777749457941516e-04	4.786300923226385e-04
3434	4.665771525271811e-04	4.677351412871981e-04
3481	4.562503448566346e-04	4.570881896148752e-04
3530	4.465480014401724e-04	4.466835921509630e-04
3555	4.281544037448848e-04	4.365158322401661e-04
3562	4.263398583499445e-04	4.265795188015926e-04
3580	4.158137091083702e-04	4.168693834703355e-04
3669	4.073709669361048e-04	4.073802778041126e-04
3725	3.978329074493248e-04	3.981071705534974e-04
3778	3.881653440281907e-04	3.890451449942805e-04
3933	3.800267158020620e-04	3.801893963205612e-04
3957	3.688594226222142e-04	3.715352290971724e-04
3958	3.624978121271605e-04	3.630780547701014e-04
4027	3.545986663079370e-04	3.548133892335753e-04
4497	3.436498098118301e-04	3.467368504525317e-04
5019	3.385880419020104e-04	3.388441561392024e-04
5303	3.309297192910510e-04	3.311311214825911e-04
5659	3.235824288877476e-04	3.235936569296281e-04
5965	3.139318146544445e-04	3.162277660168379e-04
6157	3.089974019835351e-04	3.090295432513592e-04
6271	3.019135740346401e-04	3.019951720402016e-04
6306	2.941301705392529e-04	2.951209226666387e-04
6393	2.882965969451812e-04	2.884031503126605e-04
6534	2.817923342207651e-04	2.818382931264455e-04
6723	2.747093715507187e-04	2.754228703338166e-04
6811	2.691021579521724e-04	2.691534803926917e-04
6925	2.629125447163316e-04	2.630267991895381e-04
6979	2.568393791089196e-04	2.570395782768865e-04
7011	2.509420148730790e-04	2.511886431509580e-04
7181	2.454436666028403e-04	2.454708915685031e-04
7237	2.395843137945608e-04	2.398832919019490e-04
7375	2.341489526802576e-04	2.344228815319923e-04
7612	2.290555960372531e-04	2.290867652767772e-04
7712	2.238303991930479e-04	2.238721138568340e-04
7878	2.186737681512119e-04	2.187761623949552e-04
8002	2.150171939543366e-04	2.187761623949552e-04
%
% index = 131, name = bbob_f002_i03_d02__bbob_f013_i05_d02
% instance = 2, reference value = 9.977544873790140e-01
% function evaluation | indicator value | target hit
1	5.745084162431068e+01	5.754399373371569e+01
63	4.365085572248683e+01	4.365158322401658e+01
94	1.851873716356383e+01	1.862087136662868e+01
166	1.669004297004170e+01	1.698243652461744e+01
203	5.894992694952134e+00	6.025595860743578e+00
285	2.388036062889946e+00	2.398832919019490e+00
286	2.223641804678014e+00	2.238721138568339e+00
337	1.159648887757514e+00	1.174897554939530e+00
373	1.123315726219014e+00	1.148153621496883e+00
406	6.250442509902858e-01	6.309573444801932e-01
424	3.959180421682187e-01	3.981071705534972e-01
471	1.475461187180159e-01	1.479108388168208e-01
491	8.635555172181453e-02	8.709635899560805e-02
497	7.519798740501327e-02	7.585775750291836e-02
530	5.970701586731053e-02	6.025595860743578e-02
531	5.868725257690521e-02	5.888436553555890e-02
602	5.721462623441820e-02	5.754399373371569e-02
634	5.571159696955019e-02	5.623413251903491e-02
643	5.382440662044752e-02	5.495408738576246e-02
646	5.367965777778916e-02	5.370317963702527e-02
654	4.801826905930173e-02	4.897788193684462e-02
681	4.745677405617421e-02	4.786300923226382e-02
682	4.407282998249096e-02	4.466835921509630e-02
714	4.313533492808652e-02	4.365158322401658e-02
718	3.436045996852111e-02	3.467368504525317e-02
741	3.282106809273277e-02	3.311311214825911e-02
746	3.184014415293457e-02	3.235936569296283e-02
757	3.095679244875293e-02	3.162277660168379e-02
764	3.083864084828147e-02	3.090295432513590e-02
766	1.975607307272420e-02	1.995262314968880e-02
780	1.909390394522148e-02	1.949844599758046e-02
781	1.881036293214289e-02	1.905460717963247e-02
787	1.827220127938911e-02	1.862087136662868e-02
792	1.703467544033777e-02	1.737800828749375e-02
793	1.688805027858653e-02	1.698243652461744e-02
808	1.338981809002748e-02	1.348962882591653e-02
809	1.223661954676081e-02	1.230268770812382e-02
811	1.128872600899899e-02	1.148153621496883e-02
845	4.258697276471657e-03	4.265795188015926e-03
892	4.073753507501499e-03	4.073802778041126e-03
906	3.976576113249863e-03	3.981071705534973e-03
935	3.458870402068159e-03	3.467368504525317e-03
946	3.112051097839186e-03	3.162277660168379e-03
1097	2.923614307255296e-03	2.951209226666387e-03
1170	2.836027742115443e-03	2.884031503126605e-03
1171	2.809145060722162e-03	2.818382931264455e-03
1180	2.664221411467604e-03	2.691534803926917e-03
1181	2.611732834476688e-03	2.630267991895381e-03
1200	2.529919731690700e-03	2.570395782768865e-03
1256	2.492524574076782e-03	2.511886431509579e-03
1283	2.221059594140207e-03	2.238721138568340e-03
1288	2.187583065363041e-03	2.187761623949552e-03
1326	2.136632646154490e-03	2.137962089502233e-03
1352	2.082619951944364e-03	2.089296130854039e-03
1355	1.429503220997441e-03	1.445439770745928e-03
1359	1.409483154814373e-03	1.412537544622754e-03
1478	1.371514526892992e-03	1.380384264602885e-03
1496	1.347722371186522e-03	1.348962882591653e-03
1525	1.302692445482090e-03	1.318256738556408e-03
1545	1.166686701657760e-03	1.174897554939529e-03
1644	1.147787060700178e-03	1.148153621496883e-03
1659	1.063608971544672e-03	1.071519305237606e-03
1699	1.045941439510423e-03	1.047128548050900e-03
1744	1.018219090704320e-03	1.023292992280754e-03
1765	9.974262104761600e-04	1.000000000000000e-03
1774	9.138286816255947e-04	9.332543007969915e-04
1776	9.114681814207382e-04	9.120108393559096e-04
2005	8.885822819365563e-04	8.912509381337459e-04
2912	8.709607489250093e-04	8.709635899560805e-04
3954	7.291741906902960e-04	7.413102413009177e-04
4074	7.239190305832199e-04	7.244359600749898e-04
8002	7.210524197650559e-04	7.244359600749898e-04
%
% index = 132, name = bbob_f002_i07_d02__bbob_f013_i08_d02
% instance = 3, reference value = 9.664324333758960e-01
% function evaluation | indicator value | target hit
1	1.755974298146896e+00	1.778279410038923e+00
119	1.276117216131896e+00	1.288249551693134e+00
155	7.433922154265948e-01	7.585775750291838e-01
167	5.849875995780647e-01	5.888436553555889e-01
190	5.466687185310188e-01	5.495408738576245e-01
322	5.215411862568275e-01	5.248074602497725e-01
323	4.724861421096070e-01	4.786300923226383e-01
345	4.041386913748379e-01	4.073802778041127e-01
355	3.487360385812489e-01	3.548133892335755e-01
364	2.872373158648022e-01	2.884031503126606e-01
403	1.801357821784336e-01	1.819700858609984e-01
512	1.205799591854558e-01	1.230268770812381e-01
538	1.132623673552308e-01	1.148153621496883e-01
568	1.012265715410694e-01	1.023292992280754e-01
581	9.653158715139776e-02	9.772372209558107e-02
664	9.126139848555925e-02	9.332543007969910e-02
666	9.107460767329478e-02	9.120108393559097e-02
682	8.183243148875607e-02	8.317637711026708e-02
688	8.002326067660759e-02	8.128305161640990e-02
703	7.923194743220829e-02	7.943282347242814e-02
708	7.757870415089718e-02	7.762471166286916e-02
711	7.202978594039344e-02	7.244359600749903e-02
757	6.995686953009272e-02	7.079457843841380e-02
768	6.663213254913658e-02	6.760829753919818e-02
776	6.526194131176033e-02	6.606934480075961e-02
804	6.451561777773662e-02	6.456542290346556e-02
849	4.874885402945339e-02	4.897788193684462e-02
892	4.746537954020558e-02	4.786300923226382e-02
894	4.614434210868679e-02	4.677351412871981e-02
906	4.526309232635439e-02	4.570881896148749e-02
916	4.463386351125942e-02	4.466835921509630e-02
995	4.340639411940861e-02	4.365158322401658e-02
1027	4.147650398668379e-02	4.168693834703355e-02
1093	4.073481928221589e-02	4.073802778041128e-02
1285	3.980948268486417e-02	3.981071705534973e-02
2369	3.890448939244195e-02	3.890451449942807e-02
2619	3.765054296658099e-02	3.801893963205612e-02
2832	3.711044418306997e-02	3.715352290971726e-02
3908	3.606490795353134e-02	3.630780547701014e-02
4058	3.387331139312333e-02	3.388441561392026e-02
4453	1.807973444639410e-02	1.819700858609984e-02
4557	1.608929679664683e-02	1.621810097358930e-02
4621	1.427421474626767e-02	1.445439770745927e-02
4683	1.395045847621912e-02	1.412537544622754e-02
4733	1.307127016269205e-02	1.318256738556407e-02
4742	1.287551781183982e-02	1.288249551693134e-02
4762	1.180089192579403e-02	1.202264434617413e-02
4768	1.166278351972794e-02	1.174897554939530e-02
4810	1.144091966540051e-02	1.148153621496883e-02
4832	1.120676600225823e-02	1.122018454301964e-02
4971	1.095142631184165e-02	1.096478196143185e-02
5022	1.070296566083284e-02	1.071519305237606e-02
5065	9.585828084292869e-03	9.772372209558112e-03
5082	9.548897386605915e-03	9.549925860214359e-03
5102	9.328675294707156e-03	9.332543007969915e-03
5136	8.070617577097039e-03	8.128305161640995e-03
5177	7.864866083481581e-03	7.943282347242814e-03
5184	4.817927695243140e-03	4.897788193684461e-03
5185	4.603505072638181e-03	4.677351412871981e-03
5207	3.348058684730537e-03	3.388441561392024e-03
5223	3.299711579683118e-03	3.311311214825911e-03
5247	3.222412785964135e-03	3.235936569296281e-03
5278	3.118849162833115e-03	3.162277660168379e-03
5279	2.985894535157740e-03	3.019951720402016e-03
5287	2.928862350989214e-03	2.951209226666387e-03
5304	2.446493602839772e-03	2.454708915685031e-03
5326	2.340717539790260e-03	2.344228815319923e-03
5328	2.258013958046146e-03	2.290867652767772e-03
5340	2.232456055088150e-03	2.238721138568340e-03
5354	2.187239165248878e-03	2.187761623949552e-03
5359	2.136037604367202e-03	2.137962089502233e-03
5383	2.088778630211729e-03	2.089296130854039e-03
5422	1.972736645202033e-03	1.995262314968879e-03
5427	1.936657761258620e-03	1.949844599758046e-03
5451	1.891641793240084e-03	1.905460717963246e-03
5473	1.823339911805277e-03	1.862087136662868e-03
5474	1.789336841742095e-03	1.819700858609983e-03
5485	1.723315539189807e-03	1.737800828749376e-03
5511	1.697244249465268e-03	1.698243652461744e-03
5527	1.657426620063629e-03	1.659586907437561e-03
5589	1.618173706323445e-03	1.621810097358930e-03
5627	1.561632445060357e-03	1.584893192461114e-03
5628	1.544953199346444e-03	1.548816618912481e-03
5649	1.467627560051921e-03	1.479108388168207e-03
5667	1.339654336464324e-03	1.348962882591653e-03
5670	1.314224059439928e-03	1.318256738556408e-03
5709	1.285348052275093e-03	1.288249551693134e-03
5738	1.258027942611095e-03	1.258925411794167e-03
5853	1.229628561423168e-03	1.230268770812381e-03
5925	1.202249707094261e-03	1.202264434617413e-03
5947	1.173713650233332e-03	1.174897554939529e-03
5982	8.247243851955410e-04	8.317637711026709e-04
5992	8.126142365834088e-04	8.128305161640995e-04
6023	7.654265735890231e-04	7.762471166286919e-04
6041	6.857906380247636e-04	6.918309709189362e-04
6042	6.615881472517016e-04	6.760829753919819e-04
6069	6.569633597417468e-04	6.606934480075957e-04
6126	5.075763719950555e-04	5.128613839913648e-04
6142	4.979841825786258e-04	5.011872336272725e-04
6143	4.446824772570412e-04	4.466835921509630e-04
6144	4.325528966229175e-04	4.365158322401661e-04
6149	4.233778187197057e-04	4.265795188015926e-04
6152	4.166911324176015e-04	4.168693834703355e-04
6173	4.069355576794553e-04	4.073802778041126e-04
6200	3.969719160762386e-04	3.981071705534974e-04
6237	3.224072392462585e-04	3.235936569296281e-04
6255	3.154113627422683e-04	3.162277660168379e-04
6291	3.075042896358848e-04	3.090295432513592e-04
6316	3.005081975664403e-04	3.019951720402016e-04
6330	2.835050338342304e-04	2.884031503126605e-04
6337	2.818252962009105e-04	2.818382931264455e-04
6368	2.752661953787650e-04	2.754228703338166e-04
6388	2.691458995673912e-04	2.691534803926917e-04
6484	2.583495307115768e-04	2.630267991895381e-04
6500	2.569758449062487e-04	2.570395782768865e-04
6533	2.511690512533304e-04	2.511886431509580e-04
6545	2.408985467124980e-04	2.454708915685031e-04
6605	2.390588543628169e-04	2.398832919019490e-04
6637	2.317895647657719e-04	2.344228815319923e-04
6665	2.290476017335896e-04	2.290867652767772e-04
6695	2.236015332958141e-04	2.238721138568340e-04
6709	2.079165565059826e-04	2.089296130854039e-04
6743	2.000713515353247e-04	2.041737944669530e-04
6756	1.989438888533313e-04	1.995262314968879e-04
6794	1.949457966958779e-04	1.949844599758046e-04
6835	1.743366219090214e-04	1.778279410038923e-04
6836	1.726680251957768e-04	1.737800828749376e-04
6888	1.647573939607128e-04	1.659586907437562e-04
6963	1.621664507790443e-04	1.621810097358930e-04
6987	1.524478092223003e-04	1.548816618912481e-04
7068	1.471906029308911e-04	1.479108388168207e-04
7099	1.444040588226558e-04	1.445439770745928e-04
7109	1.410418789160595e-04	1.412537544622754e-04
7259	1.379255971948323e-04	1.380384264602885e-04
7382	1.345294895920279e-04	1.348962882591653e-04
7389	1.313390722662566e-04	1.318256738556407e-04
7490	1.287933847892164e-04	1.288249551693134e-04
7565	1.258787505492576e-04	1.258925411794167e-04
7601	1.219332215651736e-04	1.230268770812381e-04
7695	1.181294112692077e-04	1.202264434617413e-04
7764	1.174397730934196e-04	1.174897554939529e-04
7830	1.139633981772636e-04	1.148153621496883e-04
7835	1.095482051359786e-04	1.096478196143185e-04
7850	1.054859612387160e-04	1.071519305237606e-04
7873	1.046781229332439e-04	1.047128548050900e-04
7917	1.020865239672597e-04	1.023292992280754e-04
7940	9.972615016962116e-05	1.000000000000000e-04
7993	9.747692304340472e-05	9.772372209558111e-05
8002	9.725828689277627e-05	9.772372209558111e-05
%
% index = 133, name = bbob_f002_i09_d02__bbob_f013_i10_d02
% instance = 4, reference value = 9.828994504728480e-01
% function evaluation | indicator value | target hit
1	6.320820798697220e-01	6.456542290346555e-01
204	6.054302098853677e-01	6.165950018614822e-01
212	6.010977575003447e-01	6.025595860743578e-01
307	3.301860361942015e-01	3.311311214825911e-01
344	1.677770315065427e-01	1.698243652461744e-01
366	1.392901735853013e-01	1.412537544622754e-01
368	1.295200428836623e-01	1.318256738556407e-01
369	1.197393671824238e-01	1.202264434617413e-01
370	8.148732494309074e-02	8.317637711026708e-02
388	7.622630300799060e-02	7.762471166286916e-02
394	5.910352525385210e-02	6.025595860743578e-02
402	4.795212068739574e-02	4.897788193684462e-02
418	2.963474304128000e-02	3.019951720402016e-02
454	2.829403569991640e-02	2.884031503126606e-02
456	2.690680086392450e-02	2.691534803926915e-02
467	2.595564009538709e-02	2.630267991895381e-02
477	2.546029278409623e-02	2.570395782768863e-02
478	2.417189880518700e-02	2.454708915685030e-02
483	2.372056923471055e-02	2.398832919019490e-02
487	2.337502178022766e-02	2.344228815319923e-02
522	2.225432184634790e-02	2.238721138568340e-02
528	2.067018185409475e-02	2.089296130854040e-02
536	1.507776516585724e-02	1.513561248436208e-02
544	1.442071899312569e-02	1.445439770745927e-02
549	1.326474003319000e-02	1.348962882591653e-02
552	1.314974107946787e-02	1.318256738556407e-02
558	1.284590236867988e-02	1.288249551693134e-02
567	1.257986617870177e-02	1.258925411794167e-02
580	1.229619623706013e-02	1.230268770812382e-02
583	1.193880959509919e-02	1.202264434617413e-02
585	1.119033229413580e-02	1.122018454301964e-02
599	1.070881064551898e-02	1.071519305237606e-02
626	1.047063882562704e-02	1.047128548050900e-02
634	9.983220935455894e-03	1.000000000000000e-02
641	9.681300235060530e-03	9.772372209558112e-03
646	9.382556295860600e-03	9.549925860214359e-03
654	9.018093735117305e-03	9.120108393559097e-03
658	8.783427412859091e-03	8.912509381337459e-03
659	8.560379099453397e-03	8.709635899560805e-03
660	8.259318307180963e-03	8.317637711026709e-03
669	8.106398683171867e-03	8.128305161640995e-03
674	7.782543628015892e-03	7.943282347242814e-03
685	7.729679306295756e-03	7.762471166286920e-03
700	7.494190664714906e-03	7.585775750291836e-03
704	7.412543576948538e-03	7.413102413009177e-03
717	7.060151247129998e-03	7.079457843841380e-03
734	6.767634161026659e-03	6.918309709189363e-03
746	6.759728212329175e-03	6.760829753919818e-03
752	6.596539547473523e-03	6.606934480075957e-03
784	6.282768686152851e-03	6.309573444801930e-03
785	5.865533366292364e-03	5.888436553555890e-03
786	5.656522124996455e-03	5.754399373371567e-03
802	5.621359516121971e-03	5.623413251903491e-03
850	5.320037030155489e-03	5.370317963702527e-03
851	5.188103323114812e-03	5.248074602497728e-03
870	5.094412448024221e-03	5.128613839913648e-03
878	4.912697865033455e-03	5.011872336272725e-03
879	4.837649604831684e-03	4.897788193684461e-03
888	4.492575005442978e-03	4.570881896148752e-03
889	4.384788923167071e-03	4.466835921509630e-03
894	4.347502488521671e-03	4.365158322401661e-03
927	4.194113130049471e-03	4.265795188015926e-03
949	4.164867251965632e-03	4.168693834703355e-03
959	3.926428014105698e-03	3.981071705534973e-03
978	3.886360358972163e-03	3.890451449942805e-03
1009	3.717455981373519e-03	3.801893963205613e-03
1017	3.711079227675440e-03	3.715352290971724e-03
1024	3.459445015024931e-03	3.467368504525317e-03
1027	3.067377846164843e-03	3.090295432513592e-03
1040	2.982959571241506e-03	3.019951720402016e-03
1064	2.950637001204237e-03	2.951209226666387e-03
1067	2.835003847340811e-03	2.884031503126605e-03
1070	2.646009781132830e-03	2.691534803926917e-03
1076	2.625718821277712e-03	2.630267991895381e-03
1087	2.497029791643013e-03	2.511886431509579e-03
1097	2.453178874889828e-03	2.454708915685031e-03
1116	2.393247547831545e-03	2.398832919019490e-03
1126	2.180020332324561e-03	2.187761623949552e-03
1154	2.136508080096688e-03	2.137962089502233e-03
1170	2.076837351465022e-03	2.089296130854039e-03
1171	1.964264360273527e-03	1.995262314968879e-03
1190	1.922309178881920e-03	1.949844599758046e-03
1215	1.886678692584520e-03	1.905460717963246e-03
1249	1.856845178736521e-03	1.862087136662868e-03
1258	1.807919939048608e-03	1.819700858609983e-03
1292	1.770084885429957e-03	1.778279410038923e-03
1305	1.736845128903819e-03	1.737800828749376e-03
1366	1.360695678256474e-03	1.380384264602885e-03
1373	1.055250628939186e-03	1.071519305237606e-03
1417	1.046374661615279e-03	1.047128548050900e-03
1419	9.603539483122869e-04	9.772372209558111e-04
1423	9.506928565778949e-04	9.549925860214359e-04
1522	9.330542015960619e-04	9.332543007969915e-04
1531	6.391620929532271e-04	6.456542290346556e-04
1534	6.280098462112527e-04	6.309573444801930e-04
1540	6.068867535494737e-04	6.165950018614823e-04
1541	6.025487325166390e-04	6.025595860743575e-04
1545	5.784637615360300e-04	5.888436553555889e-04
1552	5.753689124365913e-04	5.754399373371566e-04
1561	5.617933378978535e-04	5.623413251903491e-04
1575	5.401280943565512e-04	5.495408738576248e-04
1586	5.294989211237500e-04	5.370317963702527e-04
1589	5.246480150948862e-04	5.248074602497728e-04
1647	5.127430455754700e-04	5.128613839913648e-04
1680	5.003789897353172e-04	5.011872336272725e-04
1703	4.887757362410650e-04	4.897788193684461e-04
1712	4.388543491875563e-04	4.466835921509630e-04
1758	4.352568328482853e-04	4.365158322401661e-04
1818	4.264196521056585e-04	4.265795188015926e-04
1922	4.165938623186261e-04	4.168693834703355e-04
1945	4.071576815309896e-04	4.073802778041126e-04
1961	3.904226541854294e-04	3.981071705534974e-04
1966	3.888046013642565e-04	3.890451449942805e-04
1994	3.688856546335550e-04	3.715352290971724e-04
2047	3.620187523910579e-04	3.630780547701014e-04
2075	3.544495119642832e-04	3.548133892335753e-04
2101	3.446164964137077e-04	3.467368504525317e-04
2112	3.217308310538014e-04	3.235936569296281e-04
2148	3.159770522923600e-04	3.162277660168379e-04
2186	3.089628727431792e-04	3.090295432513592e-04
2187	2.921471527104202e-04	2.951209226666387e-04
2213	2.872212460837131e-04	2.884031503126605e-04
2227	2.817578315712499e-04	2.818382931264455e-04
2284	2.747908039186786e-04	2.754228703338166e-04
2300	2.650260350089972e-04	2.691534803926917e-04
2302	2.624147858276693e-04	2.630267991895381e-04
2403	2.560576201386944e-04	2.570395782768865e-04
2436	2.511239295746037e-04	2.511886431509580e-04
2454	2.400961304181992e-04	2.454708915685031e-04
2457	2.397804751766985e-04	2.398832919019490e-04
2504	2.334771609902031e-04	2.344228815319923e-04
2545	2.290118443348810e-04	2.290867652767772e-04
2616	2.237428691054255e-04	2.238721138568340e-04
2726	2.187510866061837e-04	2.187761623949552e-04
2778	2.137835550453104e-04	2.137962089502232e-04
2865	2.085649374957699e-04	2.089296130854039e-04
2986	2.041709261778601e-04	2.041737944669530e-04
3148	1.994721924446496e-04	1.995262314968879e-04
3287	1.948421891401209e-04	1.949844599758046e-04
3525	1.905401415416286e-04	1.905460717963246e-04
3758	1.861988653075741e-04	1.862087136662868e-04
3956	1.818897668980357e-04	1.819700858609983e-04
4049	1.777007368659600e-04	1.778279410038923e-04
4517	1.498500693062343e-04	1.513561248436209e-04
4556	1.139737403991203e-04	1.148153621496883e-04
4597	1.034190055531070e-04	1.047128548050900e-04
4675	8.824932073892011e-05	8.912509381337459e-05
4715	7.936319934909175e-05	7.943282347242822e-05
4756	7.705174427696804e-05	7.762471166286911e-05
4768	7.436170363983585e-05	7.585775750291836e-05
4848	7.403283994966703e-05	7.413102413009176e-05
5340	7.235542142736140e-05	7.244359600749906e-05
5547	7.079279611432732e-05	7.079457843841373e-05
5695	6.917243703719045e-05	6.918309709189363e-05
5856	6.758588612720828e-05	6.760829753919819e-05
6153	6.606826845534375e-05	6.606934480075965e-05
6349	6.452626154307417e-05	6.456542290346549e-05
6686	6.306953950874217e-05	6.309573444801929e-05
7054	6.165551830961125e-05	6.165950018614822e-05
7308	6.025060015135697e-05	6.025595860743581e-05
8002	5.894335611289492e-05	6.025595860743581e-05
%
% index = 134, name = bbob_f002_i11_d02__bbob_f013_i12_d02
% instance = 5, reference value = 9.870278927775200e-01
% function evaluation | indicator value | target hit
1	4.232275082119211e-01	4.265795188015927e-01
212	3.920928136690524e-01	3.981071705534972e-01
213	3.592414442401223e-01	3.630780547701014e-01
254	2.296569222797221e-01	2.344228815319922e-01
264	2.179632230460569e-01	2.187761623949552e-01
302	9.033429485218325e-02	9.120108393559097e-02
303	7.097400401453124e-02	7.244359600749903e-02
338	6.752870498674723e-02	6.760829753919818e-02
422	6.603228844799536e-02	6.606934480075961e-02
427	6.415380733011278e-02	6.456542290346556e-02
476	5.350422588088244e-02	5.370317963702527e-02
540	5.236097058790590e-02	5.248074602497726e-02
2118	5.092894564210915e-02	5.128613839913648e-02
2223	4.897852122971558e-02	5.011872336272722e-02
2290	4.897785743487248e-02	4.897788193684462e-02
2299	4.704332179183668e-02	4.786300923226382e-02
2371	4.653688538451850e-02	4.677351412871981e-02
2506	4.542211762045856e-02	4.570881896148749e-02
2533	4.465383751281260e-02	4.466835921509630e-02
2631	4.168130824661320e-02	4.168693834703355e-02
2685	4.067042353326600e-02	4.073802778041128e-02
2873	3.926450207437648e-02	3.981071705534973e-02
2937	3.862858944946901e-02	3.890451449942807e-02
3001	3.731470325326869e-02	3.801893963205612e-02
3020	3.535267801047781e-02	3.548133892335755e-02
3044	3.261779148645538e-02	3.311311214825911e-02
3212	3.010285855296990e-02	3.019951720402016e-02
3305	2.726964338109861e-02	2.754228703338166e-02
3549	2.681135846879734e-02	2.691534803926915e-02
3571	2.625959024872337e-02	2.630267991895381e-02
3619	2.521010176210581e-02	2.570395782768863e-02
3621	2.447384924318485e-02	2.454708915685030e-02
3725	2.304129086528672e-02	2.344228815319923e-02
3793	2.071706656301653e-02	2.089296130854040e-02
3868	1.885926909332181e-02	1.905460717963247e-02
4015	1.855545806435066e-02	1.862087136662868e-02
4079	1.809101778829869e-02	1.819700858609984e-02
6337	1.571602191798860e-02	1.584893192461113e-02
6485	1.389724499317979e-02	1.412537544622754e-02
6586	1.082467762481698e-02	1.096478196143185e-02
6672	1.071387138702073e-02	1.071519305237606e-02
6683	9.227793556790376e-03	9.332543007969915e-03
6781	8.641645592766922e-03	8.709635899560805e-03
6803	7.924076441983896e-03	7.943282347242814e-03
6832	7.278995088772389e-03	7.413102413009177e-03
6854	7.242060184301846e-03	7.244359600749898e-03
6982	5.099361103392819e-03	5.128613839913648e-03
7013	5.001526985094817e-03	5.011872336272725e-03
7075	4.894665133575615e-03	4.897788193684461e-03
7089	3.366176926159925e-03	3.388441561392024e-03
7117	3.296726093191538e-03	3.311311214825911e-03
7168	3.225399716810906e-03	3.235936569296281e-03
7237	2.932282610881520e-03	2.951209226666387e-03
7268	2.772999520292752e-03	2.818382931264455e-03
7287	2.751991865163839e-03	2.754228703338166e-03
7346	2.330032459373799e-03	2.344228815319923e-03
7451	1.410146415724789e-03	1.412537544622754e-03
7500	1.207719074402203e-03	1.230268770812381e-03
7533	1.201163046845477e-03	1.202264434617413e-03
7551	1.164490665534368e-03	1.174897554939529e-03
7563	1.145699727473470e-03	1.148153621496883e-03
7640	1.120817254919859e-03	1.122018454301963e-03
7805	1.063401061950242e-03	1.071519305237606e-03
7941	1.025343497248699e-03	1.047128548050900e-03
7979	1.017004635489149e-03	1.023292992280754e-03
8002	1.015544476002828e-03	1.023292992280754e-03
%
% index = 135, name = bbob_f002_i13_d02__bbob_f013_i14_d02
% instance = 6, reference value = 9.896108756025410e-01
% function evaluation | indicator value | target hit
1	3.670049239568202e-01	3.715352290971726e-01
228	3.299138453544725e-01	3.311311214825911e-01
291	2.860655160326180e-01	2.884031503126606e-01
338	2.725424942912114e-01	2.754228703338166e-01
339	2.350631683410510e-01	2.398832919019490e-01
388	2.230339729227171e-01	2.238721138568339e-01
393	2.072410840162983e-01	2.089296130854039e-01
403	1.905642489063502e-01	1.949844599758045e-01
409	1.595057717090428e-01	1.621810097358930e-01
410	1.569292528824295e-01	1.584893192461113e-01
424	1.266989049497830e-01	1.288249551693134e-01
434	3.556051615619371e-02	3.630780547701014e-02
456	2.876150928047805e-02	2.884031503126606e-02
588	2.495450485115214e-02	2.511886431509579e-02
633	2.204260295259031e-02	2.238721138568340e-02
654	1.215258720248591e-02	1.230268770812382e-02
662	1.130483536824145e-02	1.148153621496883e-02
703	1.064128078070781e-02	1.071519305237606e-02
710	1.044611627152991e-02	1.047128548050900e-02
715	1.014158396827325e-02	1.023292992280754e-02
741	9.922123912232128e-03	1.000000000000000e-02
752	8.988923188527398e-03	9.120108393559097e-03
758	8.800542542664158e-03	8.912509381337459e-03
759	8.050485136782415e-03	8.128305161640995e-03
767	7.708354264937434e-03	7.762471166286920e-03
774	7.524850148975526e-03	7.585775750291836e-03
799	7.244007359865523e-03	7.244359600749898e-03
804	7.027637225200722e-03	7.079457843841380e-03
817	6.907891527374255e-03	6.918309709189363e-03
823	6.479081460186831e-03	6.606934480075957e-03
825	6.293663314839715e-03	6.309573444801930e-03
846	6.088920265355013e-03	6.165950018614822e-03
854	5.795631368356036e-03	5.888436553555890e-03
855	5.350776059229845e-03	5.370317963702527e-03
862	5.125393850540338e-03	5.128613839913648e-03
870	4.709241464565972e-03	4.786300923226385e-03
871	4.632743793876237e-03	4.677351412871981e-03
883	4.570213212528929e-03	4.570881896148752e-03
884	4.220492033471190e-03	4.265795188015926e-03
890	4.150760855204050e-03	4.168693834703355e-03
907	4.021118667041690e-03	4.073802778041126e-03
910	3.885178397328271e-03	3.890451449942805e-03
912	3.562690588633677e-03	3.630780547701014e-03
923	3.540438686000069e-03	3.548133892335753e-03
936	3.460891946947431e-03	3.467368504525317e-03
937	3.343681104296392e-03	3.388441561392024e-03
942	3.240957454436422e-03	3.311311214825911e-03
943	3.151111368447035e-03	3.162277660168379e-03
960	3.077825909693299e-03	3.090295432513592e-03
978	3.019251982822602e-03	3.019951720402016e-03
981	2.930981210357952e-03	2.951209226666387e-03
999	2.881240668010543e-03	2.884031503126605e-03
1001	2.776500708908780e-03	2.818382931264455e-03
1010	2.742732910212986e-03	2.754228703338166e-03
1015	2.682061151756177e-03	2.691534803926917e-03
1026	2.623155296106128e-03	2.630267991895381e-03
1053	2.568391185453933e-03	2.570395782768865e-03
1056	2.508661545456814e-03	2.511886431509579e-03
1079	2.442579895404418e-03	2.454708915685031e-03
1087	2.390818038244591e-03	2.398832919019490e-03
1104	2.317799072693694e-03	2.344228815319923e-03
1117	2.290800300159490e-03	2.290867652767772e-03
1142	2.236834585634062e-03	2.238721138568340e-03
1159	2.186559690243284e-03	2.187761623949552e-03
1171	2.101553682546498e-03	2.137962089502233e-03
1180	2.087322335333375e-03	2.089296130854039e-03
1200	2.036940246769037e-03	2.041737944669530e-03
1224	1.994035443218745e-03	1.995262314968879e-03
1260	1.949679352194700e-03	1.949844599758046e-03
1287	1.904946185551593e-03	1.905460717963246e-03
1303	1.858260436370163e-03	1.862087136662868e-03
1320	1.801116355969135e-03	1.819700858609983e-03
1349	1.706132844405017e-03	1.737800828749376e-03
1367	1.698151579490159e-03	1.698243652461744e-03
1409	1.657513577259184e-03	1.659586907437561e-03
1495	1.621621065587164e-03	1.621810097358930e-03
1505	1.050050682849468e-03	1.071519305237606e-03
1513	1.046873326858710e-03	1.047128548050900e-03
1547	1.015969219825719e-03	1.023292992280754e-03
1553	9.362099494116816e-04	9.549925860214359e-04
1569	9.331694613408104e-04	9.332543007969915e-04
1616	9.064555281942388e-04	9.120108393559096e-04
1625	5.528867567008433e-04	5.623413251903491e-04
1634	5.488453636663948e-04	5.495408738576248e-04
1635	3.751019448143822e-04	3.801893963205612e-04
1650	3.529924129666018e-04	3.548133892335753e-04
1652	2.808706781125547e-04	2.818382931264455e-04
1675	2.754034151314366e-04	2.754228703338166e-04
1689	2.672444025751952e-04	2.691534803926917e-04
1696	2.573027488896873e-04	2.630267991895381e-04
1697	2.569311125926177e-04	2.570395782768865e-04
1698	2.506475478071257e-04	2.511886431509580e-04
1710	2.426409940893270e-04	2.454708915685031e-04
1712	2.341278901401012e-04	2.344228815319923e-04
1720	2.279685463895120e-04	2.290867652767772e-04
1732	2.203655274506389e-04	2.238721138568340e-04
1733	2.169890943606312e-04	2.187761623949552e-04
1750	2.112808960598178e-04	2.137962089502232e-04
1751	2.086405866060792e-04	2.089296130854039e-04
1773	1.998967432336185e-04	2.041737944669530e-04
1777	1.988778877232145e-04	1.995262314968879e-04
1783	1.861734376110702e-04	1.862087136662868e-04
1806	1.798999990904049e-04	1.819700858609983e-04
1807	1.769902297965587e-04	1.778279410038923e-04
1810	1.659831864166961e-04	1.698243652461744e-04
1811	1.659501204587244e-04	1.659586907437562e-04
1820	1.595570573215133e-04	1.621810097358930e-04
1823	1.582470927656843e-04	1.584893192461114e-04
1831	1.543925920001188e-04	1.548816618912481e-04
1841	1.272396584034441e-04	1.288249551693134e-04
1855	1.257739747736464e-04	1.258925411794167e-04
1877	1.229050428878109e-04	1.230268770812381e-04
1885	1.202125485700867e-04	1.202264434617413e-04
1913	1.174568033366352e-04	1.174897554939529e-04
1933	1.147541589867629e-04	1.148153621496883e-04
1946	1.120518234200008e-04	1.122018454301963e-04
1961	1.094370717787951e-04	1.096478196143185e-04
1988	1.070102550095875e-04	1.071519305237606e-04
2013	1.045353390018988e-04	1.047128548050900e-04
2040	1.022267158491408e-04	1.023292992280754e-04
2082	9.999098470558909e-05	1.000000000000000e-04
2109	9.772362557491920e-05	9.772372209558111e-05
2139	9.538481137316701e-05	9.549925860214369e-05
2178	9.329316143991129e-05	9.332543007969905e-05
2223	9.117051539064835e-05	9.120108393559096e-05
2240	8.905075717613453e-05	8.912509381337459e-05
2278	8.709629617176251e-05	8.709635899560814e-05
2325	8.510073424750075e-05	8.511380382023759e-05
2394	8.317439085958611e-05	8.317637711026709e-05
2442	8.127960580395222e-05	8.128305161640995e-05
2496	7.938878684332629e-05	7.943282347242822e-05
2563	7.692390414881789e-05	7.762471166286911e-05
2574	7.558317857880859e-05	7.585775750291836e-05
2606	7.407127613112685e-05	7.413102413009176e-05
2615	7.161133156285970e-05	7.244359600749906e-05
2680	7.074512451710202e-05	7.079457843841373e-05
2694	6.738466737432613e-05	6.760829753919819e-05
2771	6.606582811441442e-05	6.606934480075965e-05
2780	6.000637873926351e-05	6.025595860743581e-05
2819	5.887820711625302e-05	5.888436553555884e-05
2889	5.753177993961245e-05	5.754399373371566e-05
2916	5.083699523034113e-05	5.128613839913648e-05
2953	5.011150105793671e-05	5.011872336272725e-05
2957	4.412821647403753e-05	4.466835921509635e-05
2993	4.362691201953428e-05	4.365158322401657e-05
3055	4.261906338132171e-05	4.265795188015926e-05
3105	4.021532706044439e-05	4.073802778041130e-05
3120	3.979433390377540e-05	3.981071705534969e-05
3168	3.845404615554493e-05	3.890451449942805e-05
3186	3.800530094788535e-05	3.801893963205612e-05
3199	3.715131874781896e-05	3.715352290971728e-05
3254	3.629813574834717e-05	3.630780547701010e-05
3334	3.547883494192661e-05	3.548133892335753e-05
3357	3.467002736179392e-05	3.467368504525317e-05
3452	3.383341681195695e-05	3.388441561392028e-05
3500	3.306053466345382e-05	3.311311214825908e-05
3602	3.232397393349018e-05	3.235936569296281e-05
3619	3.060980137559177e-05	3.090295432513592e-05
3671	3.018867318704821e-05	3.019951720402019e-05
3692	2.942035275577126e-05	2.951209226666384e-05
3748	2.883487782501248e-05	2.884031503126606e-05
3807	2.817875077898435e-05	2.818382931264455e-05
3888	2.754064732179984e-05	2.754228703338169e-05
3928	2.691185486580761e-05	2.691534803926914e-05
3966	2.627586621484213e-05	2.630267991895381e-05
4003	2.466037216319883e-05	2.511886431509582e-05
4017	2.453671972380000e-05	2.454708915685029e-05
4053	2.397783146645960e-05	2.398832919019490e-05
4782	2.343534743864950e-05	2.344228815319923e-05
5088	2.288029517327761e-05	2.290867652767775e-05
8002	2.250972258333039e-05	2.290867652767775e-05
%
% index = 136, name = bbob_f002_i15_d02__bbob_f013_i16_d02
% instance = 7, reference value = 8.878377696595440e-01
% function evaluation | indicator value | target hit
1	7.075994228642760e-01	7.079457843841379e-01
257	5.996516508217438e-01	6.025595860743578e-01
328	5.153428860383222e-01	5.248074602497725e-01
349	4.676910791633251e-01	4.677351412871982e-01
405	2.126687392067351e-01	2.137962089502232e-01
421	2.075392203431382e-01	2.089296130854039e-01
588	2.038155731683280e-01	2.041737944669530e-01
740	1.994765058867367e-01	1.995262314968880e-01
759	1.916393531812940e-01	1.949844599758045e-01
762	1.887307730065756e-01	1.905460717963247e-01
764	1.564219322256178e-01	1.584893192461113e-01
791	1.548298597630381e-01	1.548816618912481e-01
809	1.511676589474660e-01	1.513561248436208e-01
842	1.225267567777991e-01	1.230268770812381e-01
898	1.200477296677565e-01	1.202264434617413e-01
911	1.124186397654182e-01	1.148153621496883e-01
923	1.121971354684469e-01	1.122018454301964e-01
1026	1.091818412377186e-01	1.096478196143185e-01
1104	9.640413057813146e-02	9.772372209558107e-02
1129	9.496317852381819e-02	9.549925860214359e-02
1162	8.236112464166412e-02	8.317637711026708e-02
1163	8.064431937199834e-02	8.128305161640990e-02
1221	7.941596116927840e-02	7.943282347242814e-02
1263	7.374204463724221e-02	7.413102413009177e-02
1406	7.244330062618154e-02	7.244359600749903e-02
1440	7.078103342242303e-02	7.079457843841380e-02
1517	6.844944238032524e-02	6.918309709189366e-02
1555	6.425524549493455e-02	6.456542290346556e-02
1624	5.965413645465878e-02	6.025595860743578e-02
1659	5.884994798030441e-02	5.888436553555890e-02
1739	5.753041985522522e-02	5.754399373371569e-02
1797	5.607216830807238e-02	5.623413251903491e-02
1821	5.446124290006227e-02	5.495408738576246e-02
1841	5.367964838187100e-02	5.370317963702527e-02
1870	5.246394686653855e-02	5.248074602497726e-02
1919	5.128456617619603e-02	5.128613839913648e-02
1951	4.986685909473498e-02	5.011872336272722e-02
2022	4.887816666183054e-02	4.897788193684462e-02
2061	4.120930442483239e-02	4.168693834703355e-02
2101	4.072755043983711e-02	4.073802778041128e-02
2281	3.879443876366329e-02	3.890451449942807e-02
2336	2.556330202260026e-02	2.570395782768863e-02
2387	2.489463589176766e-02	2.511886431509579e-02
2472	2.368439291207547e-02	2.398832919019490e-02
2506	1.426645127586734e-02	1.445439770745927e-02
2541	1.396465423908133e-02	1.412537544622754e-02
2568	1.152753630937664e-02	1.174897554939530e-02
2569	1.147173942774038e-02	1.148153621496883e-02
2603	1.121470275632597e-02	1.122018454301964e-02
2665	1.069969942108973e-02	1.071519305237606e-02
2667	1.046623413069525e-02	1.047128548050900e-02
2709	9.554209805107572e-03	9.772372209558112e-03
2710	9.395606202533435e-03	9.549925860214359e-03
2715	9.326341288777629e-03	9.332543007969915e-03
2767	9.097490777647432e-03	9.120108393559097e-03
2802	7.593674646116377e-03	7.762471166286920e-03
2835	7.556447943000144e-03	7.585775750291836e-03
2908	7.410961979398389e-03	7.413102413009177e-03
2934	6.548400253465481e-03	6.606934480075957e-03
2950	6.452531879545420e-03	6.456542290346556e-03
3012	4.428310877038766e-03	4.466835921509630e-03
3044	4.285420644699944e-03	4.365158322401661e-03
3047	4.252939090544028e-03	4.265795188015926e-03
3071	4.168669629105115e-03	4.168693834703355e-03
3077	4.060977628227547e-03	4.073802778041126e-03
3117	3.973917349628264e-03	3.981071705534973e-03
3227	3.870655816375246e-03	3.890451449942805e-03
3253	2.319740303629358e-03	2.344228815319923e-03
3293	2.211535589701663e-03	2.238721138568340e-03
3312	2.142784643535123e-03	2.187761623949552e-03
3324	2.132959596105044e-03	2.137962089502233e-03
3345	1.673452740527992e-03	1.698243652461744e-03
3355	1.658815752792253e-03	1.659586907437561e-03
3414	1.621780838227505e-03	1.621810097358930e-03
3435	1.370760672247617e-03	1.380384264602885e-03
3453	1.202251964789514e-03	1.202264434617413e-03
3470	1.023439057062259e-03	1.047128548050900e-03
3471	1.023160185015470e-03	1.023292992280754e-03
3475	9.911937934700132e-04	1.000000000000000e-03
3486	9.678192512961870e-04	9.772372209558111e-04
3489	9.549277778270193e-04	9.549925860214359e-04
3507	9.260102331645204e-04	9.332543007969915e-04
3516	8.952454985192704e-04	9.120108393559096e-04
3521	8.870566459827645e-04	8.912509381337459e-04
3590	8.702815181007573e-04	8.709635899560805e-04
3592	8.420877587819176e-04	8.511380382023768e-04
3596	8.315864981189858e-04	8.317637711026709e-04
3639	7.943957653431255e-04	8.128305161640995e-04
3640	7.941335219878720e-04	7.943282347242813e-04
3669	7.762055159988845e-04	7.762471166286919e-04
3752	7.581019349404139e-04	7.585775750291835e-04
3796	7.411249161922706e-04	7.413102413009177e-04
3852	7.144806751699928e-04	7.244359600749898e-04
3890	7.064658827208303e-04	7.079457843841380e-04
3921	6.908390071956871e-04	6.918309709189362e-04
4050	6.760533110048428e-04	6.760829753919819e-04
5102	6.606070045687140e-04	6.606934480075957e-04
5612	6.456264724282734e-04	6.456542290346556e-04
5835	6.308182106148363e-04	6.309573444801930e-04
6555	6.160993014532323e-04	6.165950018614823e-04
6794	6.021811336894833e-04	6.025595860743575e-04
6809	5.748212128511287e-04	5.754399373371566e-04
6855	5.387724404750660e-04	5.495408738576248e-04
6856	4.921197436269509e-04	5.011872336272725e-04
6921	4.873193059778957e-04	4.897788193684461e-04
6995	4.481997616954114e-04	4.570881896148752e-04
7001	4.156930354490829e-04	4.168693834703355e-04
7054	4.072102146139844e-04	4.073802778041126e-04
7171	3.980932552687388e-04	3.981071705534974e-04
7210	3.818432495439339e-04	3.890451449942805e-04
7250	3.800405825485909e-04	3.801893963205612e-04
7273	3.605718446763051e-04	3.630780547701014e-04
7353	3.548090500264944e-04	3.548133892335753e-04
7379	3.451587631312369e-04	3.467368504525317e-04
7414	3.378647238940768e-04	3.388441561392024e-04
7424	3.251865628909334e-04	3.311311214825911e-04
7431	3.210338266034229e-04	3.235936569296281e-04
7467	3.132470269935350e-04	3.162277660168379e-04
7526	2.815571458966160e-04	2.818382931264455e-04
7528	2.737462856678974e-04	2.754228703338166e-04
7543	2.681809840542337e-04	2.691534803926917e-04
7557	2.500076904531356e-04	2.511886431509580e-04
7664	2.445848007541773e-04	2.454708915685031e-04
7791	2.392602114223985e-04	2.398832919019490e-04
7885	2.343067579640978e-04	2.344228815319923e-04
7901	2.282119170792241e-04	2.290867652767772e-04
7946	2.238588986046564e-04	2.238721138568340e-04
8002	2.193805847645613e-04	2.238721138568340e-04
%
% index = 137, name = bbob_f002_i17_d02__bbob_f013_i18_d02
% instance = 8, reference value = 7.852519397098120e-01
% function evaluation | indicator value | target hit
1	2.670485433402682e+00	2.691534803926916e+00
244	1.865629982481722e+00	1.905460717963247e+00
368	7.838996011014921e-01	7.943282347242815e-01
369	6.948072479892263e-01	7.079457843841379e-01
466	6.475295963215947e-01	6.606934480075960e-01
472	5.764345935502122e-01	5.888436553555889e-01
473	4.879236705727421e-01	4.897788193684462e-01
488	4.542770341101245e-01	4.570881896148750e-01
511	4.376231440922157e-01	4.466835921509631e-01
544	4.209133701708931e-01	4.265795188015927e-01
564	4.143687889561943e-01	4.168693834703354e-01
568	4.058099000959548e-01	4.073802778041127e-01
576	3.937986823159826e-01	3.981071705534972e-01
631	3.878623105765316e-01	3.890451449942806e-01
657	3.783118901226509e-01	3.801893963205612e-01
686	3.699089689816620e-01	3.715352290971726e-01
738	3.619450824670681e-01	3.630780547701014e-01
778	3.538796634075371e-01	3.548133892335755e-01
822	3.458062766606099e-01	3.467368504525316e-01
896	3.385828248837164e-01	3.388441561392025e-01
985	3.310000865022747e-01	3.311311214825911e-01
1096	3.234957886896282e-01	3.235936569296283e-01
1310	3.162208525253594e-01	3.162277660168379e-01
1702	3.090052238633401e-01	3.090295432513591e-01
2035	3.019647400982250e-01	3.019951720402016e-01
2250	2.950885854407143e-01	2.951209226666385e-01
2491	2.884015154811888e-01	2.884031503126606e-01
2693	2.818214693428425e-01	2.818382931264454e-01
2958	2.753197944228868e-01	2.754228703338166e-01
3079	2.691274779031311e-01	2.691534803926916e-01
3250	2.630125889697602e-01	2.630267991895382e-01
3501	2.570040228071576e-01	2.570395782768864e-01
3644	2.511252662931834e-01	2.511886431509580e-01
3738	2.452635297580438e-01	2.454708915685030e-01
3852	2.383878768564105e-01	2.398832919019490e-01
3956	2.343334763381738e-01	2.344228815319922e-01
4074	2.288067273551208e-01	2.290867652767773e-01
4376	1.926771675161436e-01	1.949844599758045e-01
4447	1.783345693280217e-01	1.819700858609984e-01
4464	1.512878997016374e-01	1.513561248436208e-01
4488	1.444513204642726e-01	1.445439770745928e-01
4491	1.335420126920378e-01	1.348962882591654e-01
4518	1.230558021798566e-01	1.258925411794167e-01
4533	1.166663010121586e-01	1.174897554939529e-01
4550	1.041456338451489e-01	1.047128548050900e-01
4556	9.256919446177170e-02	9.332543007969910e-02
4563	9.003916830414460e-02	9.120108393559097e-02
4564	8.307730115067269e-02	8.317637711026708e-02
4579	6.392265311257150e-02	6.456542290346556e-02
4583	6.218801180524935e-02	6.309573444801933e-02
4603	6.140010656434980e-02	6.165950018614822e-02
4609	5.974172314243620e-02	6.025595860743578e-02
4615	5.838263718447678e-02	5.888436553555890e-02
4616	5.671746186103332e-02	5.754399373371569e-02
4629	5.591350031795317e-02	5.623413251903491e-02
4642	5.291292775858158e-02	5.370317963702527e-02
4644	5.153008860277042e-02	5.248074602497726e-02
4649	4.772057281645736e-02	4.786300923226382e-02
4660	4.652371337586225e-02	4.677351412871981e-02
4667	4.459174201365956e-02	4.466835921509630e-02
4673	4.348397860302933e-02	4.365158322401658e-02
4692	4.142608894800992e-02	4.168693834703355e-02
4697	4.071659803931571e-02	4.073802778041128e-02
4709	3.859714921732660e-02	3.890451449942807e-02
4712	3.663386442897243e-02	3.715352290971726e-02
4730	3.629244442931490e-02	3.630780547701014e-02
4735	3.276222187715572e-02	3.311311214825911e-02
4736	2.612647421322911e-02	2.630267991895381e-02
4748	2.569423515187363e-02	2.570395782768863e-02
4762	2.504898383018284e-02	2.511886431509579e-02
4764	2.401352565256587e-02	2.454708915685030e-02
4765	2.244416527160287e-02	2.290867652767773e-02
4766	2.226266467227367e-02	2.238721138568340e-02
4774	2.184919284469145e-02	2.187761623949553e-02
4786	2.124352734633228e-02	2.137962089502233e-02
4790	2.080556153265223e-02	2.089296130854040e-02
4799	2.037051505601617e-02	2.041737944669529e-02
4813	1.960253688838420e-02	1.995262314968880e-02
4814	1.945201253405160e-02	1.949844599758046e-02
4816	1.860025202775173e-02	1.862087136662868e-02
4823	1.817908482184416e-02	1.819700858609984e-02
4824	1.699163153815819e-02	1.737800828749375e-02
4826	1.694810645106171e-02	1.698243652461744e-02
4851	1.648723267622143e-02	1.659586907437561e-02
4853	1.620725953486757e-02	1.621810097358930e-02
4854	1.504401398810506e-02	1.513561248436208e-02
4872	1.470630649336013e-02	1.479108388168207e-02
4892	1.431102871942036e-02	1.445439770745927e-02
4898	1.405959430256909e-02	1.412537544622754e-02
4902	1.372897261310912e-02	1.380384264602885e-02
4911	1.301781111513345e-02	1.318256738556407e-02
4920	1.284466485866353e-02	1.288249551693134e-02
4924	1.230791858273039e-02	1.258925411794167e-02
4926	1.228523127007974e-02	1.230268770812382e-02
4939	1.200176792371677e-02	1.202264434617413e-02
4944	1.130822286146538e-02	1.148153621496883e-02
4948	1.117078120135473e-02	1.122018454301964e-02
4978	1.091093392033071e-02	1.096478196143185e-02
4992	1.070852806399569e-02	1.071519305237606e-02
5000	1.038039255196799e-02	1.047128548050900e-02
5014	1.021657638960360e-02	1.023292992280754e-02
5026	9.899737106284556e-03	1.000000000000000e-02
5028	9.769321958863486e-03	9.772372209558112e-03
5041	9.537007115414831e-03	9.549925860214359e-03
5053	9.228587101041130e-03	9.332543007969915e-03
5063	8.960513469123521e-03	9.120108393559097e-03
5064	8.850496231840643e-03	8.912509381337459e-03
5074	8.705352544603473e-03	8.709635899560805e-03
5084	8.434395782094484e-03	8.511380382023767e-03
5094	7.692802473952320e-03	7.762471166286920e-03
5099	7.582653263235373e-03	7.585775750291836e-03
5114	7.395132967705220e-03	7.413102413009177e-03
5140	7.234761767158315e-03	7.244359600749898e-03
5165	7.041950932840102e-03	7.079457843841380e-03
5179	6.916565198015645e-03	6.918309709189363e-03
5189	6.730972845557681e-03	6.760829753919818e-03
5196	6.604483095808744e-03	6.606934480075957e-03
5204	6.168332384376196e-03	6.309573444801930e-03
5206	6.120737165774104e-03	6.165950018614822e-03
5231	6.025028318311976e-03	6.025595860743574e-03
5243	5.887903821994889e-03	5.888436553555890e-03
5271	5.736558692466365e-03	5.754399373371567e-03
5290	5.618184228998624e-03	5.623413251903491e-03
5315	5.479617093583800e-03	5.495408738576248e-03
5325	5.293142396109896e-03	5.370317963702527e-03
5329	5.229527450928084e-03	5.248074602497728e-03
5342	5.109727447049739e-03	5.128613839913648e-03
5369	5.011695188007148e-03	5.011872336272725e-03
5379	4.865801210296672e-03	4.897788193684461e-03
5399	4.784540061960163e-03	4.786300923226385e-03
5417	4.666156080695649e-03	4.677351412871981e-03
5433	4.569916507007332e-03	4.570881896148752e-03
5452	4.464325668207092e-03	4.466835921509630e-03
5475	4.357013120930286e-03	4.365158322401661e-03
5486	4.265282893890388e-03	4.265795188015926e-03
5507	4.149862539316818e-03	4.168693834703355e-03
5516	4.071845824241915e-03	4.073802778041126e-03
5535	3.980798023273113e-03	3.981071705534973e-03
5558	3.889065226758248e-03	3.890451449942805e-03
5571	3.787946799555186e-03	3.801893963205613e-03
5584	3.712011882245236e-03	3.715352290971724e-03
5598	3.627855807360580e-03	3.630780547701014e-03
5634	3.540873745635831e-03	3.548133892335753e-03
5654	3.462955204298623e-03	3.467368504525317e-03
5672	3.369294465411676e-03	3.388441561392024e-03
5685	3.309597159608102e-03	3.311311214825911e-03
5694	3.216068001953176e-03	3.235936569296281e-03
5716	3.152602438571073e-03	3.162277660168379e-03
5733	3.085599869684263e-03	3.090295432513592e-03
5755	3.011879334963830e-03	3.019951720402016e-03
5769	2.947291123320483e-03	2.951209226666387e-03
5785	2.879369944488896e-03	2.884031503126605e-03
5808	2.817678421864755e-03	2.818382931264455e-03
5830	2.753866735171084e-03	2.754228703338166e-03
5857	2.686096986746711e-03	2.691534803926917e-03
5884	2.625777979078148e-03	2.630267991895381e-03
5895	2.555761654260968e-03	2.570395782768865e-03
5914	2.509425807987631e-03	2.511886431509579e-03
5933	2.454329427155844e-03	2.454708915685031e-03
5953	2.385504262988558e-03	2.398832919019490e-03
5971	2.341980737497473e-03	2.344228815319923e-03
5987	2.281304359024960e-03	2.290867652767772e-03
5997	2.236904890965175e-03	2.238721138568340e-03
6023	2.184408998455623e-03	2.187761623949552e-03
6041	2.135681682459922e-03	2.137962089502233e-03
6063	2.075139657097602e-03	2.089296130854039e-03
6081	2.040081105805336e-03	2.041737944669530e-03
6098	1.988055542092360e-03	1.995262314968879e-03
6111	1.929317098842254e-03	1.949844599758046e-03
6130	1.900143111165598e-03	1.905460717963246e-03
6147	1.857986756890084e-03	1.862087136662868e-03
6186	1.810695406491591e-03	1.819700858609983e-03
6222	1.774092069296351e-03	1.778279410038923e-03
6244	1.729996306020887e-03	1.737800828749376e-03
6264	1.697882995906119e-03	1.698243652461744e-03
6292	1.655199509625671e-03	1.659586907437561e-03
6310	1.621660841004013e-03	1.621810097358930e-03
6362	1.584766639923352e-03	1.584893192461114e-03
6397	1.548280985802730e-03	1.548816618912481e-03
6421	1.510304694511189e-03	1.513561248436209e-03
6463	1.478810777640893e-03	1.479108388168207e-03
6496	1.443590053462840e-03	1.445439770745928e-03
6534	1.412062956720361e-03	1.412537544622754e-03
6584	1.380124958650475e-03	1.380384264602885e-03
6630	1.343607511949396e-03	1.348962882591653e-03
6655	1.318118782588695e-03	1.318256738556408e-03
6691	1.287413878293564e-03	1.288249551693134e-03
6734	1.258019504730590e-03	1.258925411794167e-03
6750	1.229684847813495e-03	1.230268770812381e-03
6768	1.194381024547830e-03	1.202264434617413e-03
6780	1.174611407766535e-03	1.174897554939529e-03
6824	1.146762630302556e-03	1.148153621496883e-03
6854	1.120267606815051e-03	1.122018454301963e-03
6871	1.096261949226740e-03	1.096478196143185e-03
6897	1.071247849165347e-03	1.071519305237606e-03
6947	1.046318937257595e-03	1.047128548050900e-03
6975	1.022733942330878e-03	1.023292992280754e-03
7012	9.979833058377796e-04	1.000000000000000e-03
7046	9.771899367606585e-04	9.772372209558111e-04
7094	9.546252164893687e-04	9.549925860214359e-04
7167	9.330545358324782e-04	9.332543007969915e-04
7191	9.100824808018215e-04	9.120108393559096e-04
7234	8.908566841180354e-04	8.912509381337459e-04
7278	8.584828947231227e-04	8.709635899560805e-04
7291	8.453763436974127e-04	8.511380382023768e-04
7324	8.315660391200463e-04	8.317637711026709e-04
7361	8.124420536930188e-04	8.128305161640995e-04
7380	7.939608971536671e-04	7.943282347242813e-04
7403	7.755258399396725e-04	7.762471166286919e-04
7419	7.584742508258691e-04	7.585775750291835e-04
7457	7.406149602077194e-04	7.413102413009177e-04
7506	7.190693994807429e-04	7.244359600749898e-04
7545	7.043109958533300e-04	7.079457843841380e-04
7562	6.912779673676761e-04	6.918309709189362e-04
7629	6.760156325769096e-04	6.760829753919819e-04
7641	6.580530793635075e-04	6.606934480075957e-04
7700	6.455198542892893e-04	6.456542290346556e-04
7752	6.265772584647111e-04	6.309573444801930e-04
7794	6.155509872833864e-04	6.165950018614823e-04
7859	6.025309254050759e-04	6.025595860743575e-04
7877	5.878795609490783e-04	5.888436553555889e-04
7937	5.752079640835017e-04	5.754399373371566e-04
7979	5.621651053479004e-04	5.623413251903491e-04
8002	5.508616192297922e-04	5.623413251903491e-04
%
% index = 138, name = bbob_f002_i19_d02__bbob_f013_i21_d02
% instance = 9, reference value = 9.995946485300170e-01
% function evaluation | indicator value | target hit
1	6.567545489485671e+01	6.606934480075961e+01
184	6.085294959076090e+01	6.165950018614822e+01
187	5.825385576055199e+01	5.888436553555890e+01
194	3.395104675838797e+01	3.467368504525317e+01
279	3.308639067011364e+01	3.311311214825911e+01
293	1.653525375902879e+01	1.659586907437561e+01
303	1.538826957974302e+01	1.548816618912481e+01
324	5.589114700717517e+00	5.623413251903491e+00
354	4.554216315823332e+00	4.570881896148751e+00
412	2.749277044471198e+00	2.754228703338166e+00
477	2.534567207368517e+00	2.570395782768863e+00
490	2.229584393767517e+00	2.238721138568339e+00
514	2.047993912099396e+00	2.089296130854040e+00
515	1.533159566831017e+00	1.548816618912481e+00
530	1.096014845623017e+00	1.096478196143185e+00
550	1.025130547260517e+00	1.047128548050900e+00
551	1.019731129422017e+00	1.023292992280754e+00
642	9.694951950298017e-01	9.772372209558107e-01
671	9.463698638713752e-01	9.549925860214360e-01
678	8.162911168168093e-01	8.317637711026710e-01
682	4.996646281043907e-01	5.011872336272722e-01
683	2.376083237783440e-01	2.398832919019490e-01
687	1.321299709195253e-01	1.348962882591654e-01
723	1.261083245454911e-01	1.288249551693134e-01
728	6.937554812351443e-02	7.079457843841380e-02
753	6.768014830023339e-02	6.918309709189366e-02
761	6.432956324159755e-02	6.456542290346556e-02
774	5.721241904093166e-02	5.754399373371569e-02
787	5.077431058077164e-02	5.128613839913648e-02
791	3.245275596409658e-02	3.311311214825911e-02
811	3.920493630033772e-03	3.981071705534973e-03
839	2.484205993734112e-03	2.511886431509579e-03
959	2.348946514475037e-03	2.398832919019490e-03
983	2.334525006693955e-03	2.344228815319923e-03
1111	2.272311435371099e-03	2.290867652767772e-03
1153	2.228530675062235e-03	2.238721138568340e-03
1231	1.885204155175346e-03	1.905460717963246e-03
1344	1.842528955209977e-03	1.862087136662868e-03
4972	9.202894514016569e-04	9.332543007969915e-04
5169	8.454125773369459e-04	8.511380382023768e-04
5232	7.559421359936147e-04	7.585775750291835e-04
5393	7.248367333430039e-04	7.413102413009177e-04
5450	7.242438123461481e-04	7.244359600749898e-04
5765	6.641810200908038e-04	6.760829753919819e-04
5798	6.299628827153292e-04	6.309573444801930e-04
5956	5.978253100431541e-04	6.025595860743575e-04
6025	5.085335470059738e-04	5.128613839913648e-04
6051	4.332644436942923e-04	4.365158322401661e-04
6157	4.133877534430175e-04	4.168693834703355e-04
6273	3.528297805740488e-04	3.548133892335753e-04
8002	3.505145478654992e-04	3.548133892335753e-04
%
% index = 139, name = bbob_f002_i21_d02__bbob_f013_i22_d02
% instance = 10, reference value = 9.803179589037539e-01
% function evaluation | indicator value | target hit
1	5.364434920497603e-01	5.370317963702527e-01
208	5.226031932768754e-01	5.248074602497725e-01
251	4.969524437683009e-01	5.011872336272722e-01
259	3.066174853711537e-01	3.090295432513591e-01
262	6.469429173677288e-02	6.606934480075961e-02
278	6.447597957831519e-02	6.456542290346556e-02
287	5.680670206343053e-02	5.754399373371569e-02
407	5.620570599274333e-02	5.623413251903491e-02
451	4.051243772259505e-02	4.073802778041128e-02
452	3.459837486501838e-02	3.467368504525317e-02
499	3.381305532171863e-02	3.388441561392026e-02
557	3.308773204410831e-02	3.311311214825911e-02
600	3.233214329329714e-02	3.235936569296283e-02
637	3.156121743314821e-02	3.162277660168379e-02
652	2.934261983304631e-02	2.951209226666385e-02
713	2.824520123991026e-02	2.884031503126606e-02
716	2.818067926055823e-02	2.818382931264454e-02
766	2.716428558126838e-02	2.754228703338166e-02
816	2.359652715967209e-02	2.398832919019490e-02
904	2.343684104717414e-02	2.344228815319923e-02
933	1.867818903123308e-02	1.905460717963247e-02
1001	1.862069649928122e-02	1.862087136662868e-02
1243	1.736701079681879e-02	1.737800828749375e-02
1303	1.286382758945981e-02	1.288249551693134e-02
1522	1.258905307364633e-02	1.258925411794167e-02
1554	1.146594784998156e-02	1.148153621496883e-02
1609	1.025455527185815e-02	1.047128548050900e-02
1651	1.022846117162513e-02	1.023292992280754e-02
1812	8.464070431385862e-03	8.511380382023767e-03
1911	7.832681742540815e-03	7.943282347242814e-03
1933	7.262250532494852e-03	7.413102413009177e-03
1992	7.239992601468126e-03	7.244359600749898e-03
1997	5.531472543939042e-03	5.623413251903491e-03
2029	4.135810204407897e-03	4.168693834703355e-03
2053	4.065941973256382e-03	4.073802778041126e-03
2095	3.644983381982381e-03	3.715352290971724e-03
2101	3.585461426570680e-03	3.630780547701014e-03
2116	3.536628672370146e-03	3.548133892335753e-03
2141	1.815831914254606e-03	1.819700858609983e-03
2155	1.774346950534023e-03	1.778279410038923e-03
2175	1.693637213871280e-03	1.698243652461744e-03
2207	1.506411142787156e-03	1.513561248436209e-03
2223	1.478850527208420e-03	1.479108388168207e-03
2268	1.303705387536436e-03	1.318256738556408e-03
2269	1.285872565600088e-03	1.288249551693134e-03
2283	1.254563291290034e-03	1.258925411794167e-03
2297	1.230142002020651e-03	1.230268770812381e-03
2315	1.184889739756056e-03	1.202264434617413e-03
2322	1.151327247017608e-03	1.174897554939529e-03
2330	1.146474315285029e-03	1.148153621496883e-03
2357	1.114355426774849e-03	1.122018454301963e-03
2358	1.073988140967264e-03	1.096478196143185e-03
2360	1.071496261932481e-03	1.071519305237606e-03
2381	8.851793845210398e-04	8.912509381337459e-04
2394	8.454352439833945e-04	8.511380382023768e-04
2420	8.313218208370055e-04	8.317637711026709e-04
2437	8.127482213211579e-04	8.128305161640995e-04
2451	7.932955505667305e-04	7.943282347242813e-04
2460	7.742165572434123e-04	7.762471166286919e-04
2478	7.580287263088126e-04	7.585775750291835e-04
2526	7.358283974775448e-04	7.413102413009177e-04
2538	7.232724297696613e-04	7.244359600749898e-04
2606	7.042084337063326e-04	7.079457843841380e-04
2612	6.197221235577643e-04	6.309573444801930e-04
2619	6.152118410305274e-04	6.165950018614823e-04
2632	5.986111536280259e-04	6.025595860743575e-04
2662	5.870745471308059e-04	5.888436553555889e-04
2684	5.748566478034345e-04	5.754399373371566e-04
2786	5.605692041014132e-04	5.623413251903491e-04
2853	5.480769275254538e-04	5.495408738576248e-04
2868	5.360996292130826e-04	5.370317963702527e-04
2880	5.197260785323454e-04	5.248074602497728e-04
2958	5.121213971679417e-04	5.128613839913648e-04
2978	4.988414682277620e-04	5.011872336272725e-04
3006	4.888543685290792e-04	4.897788193684461e-04
3027	4.785176947429415e-04	4.786300923226385e-04
3064	4.660309109904004e-04	4.677351412871981e-04
3105	4.548601312532874e-04	4.570881896148752e-04
3137	4.464231897666204e-04	4.466835921509630e-04
3145	4.058287835678742e-04	4.073802778041126e-04
3160	3.825438295926853e-04	3.890451449942805e-04
3253	3.563152837069428e-04	3.630780547701014e-04
3260	3.539175719626808e-04	3.548133892335753e-04
3448	3.455968355629002e-04	3.467368504525317e-04
3462	3.376775717799374e-04	3.388441561392024e-04
3512	3.310490938611688e-04	3.311311214825911e-04
3551	1.793983377185171e-04	1.819700858609983e-04
3570	1.762520907646614e-04	1.778279410038923e-04
3571	1.735731311904853e-04	1.737800828749376e-04
3582	1.696791832863642e-04	1.698243652461744e-04
3590	1.625980069771549e-04	1.659586907437562e-04
3591	1.610900936762638e-04	1.621810097358930e-04
3622	1.581917705343328e-04	1.584893192461114e-04
3623	1.431387980938004e-04	1.445439770745928e-04
3640	1.362428236202362e-04	1.380384264602885e-04
3654	1.334270258016579e-04	1.348962882591653e-04
3670	1.307418041206487e-04	1.318256738556407e-04
3732	1.285492453428905e-04	1.288249551693134e-04
3755	1.258076565546773e-04	1.258925411794167e-04
3771	1.230256387348971e-04	1.230268770812381e-04
3796	1.201843284187598e-04	1.202264434617413e-04
3797	1.168752566070852e-04	1.174897554939529e-04
3837	1.148114728668492e-04	1.148153621496883e-04
3914	1.121668099177686e-04	1.122018454301963e-04
3967	1.095486267552737e-04	1.096478196143185e-04
3985	1.071434293251627e-04	1.071519305237606e-04
4020	1.046354309198749e-04	1.047128548050900e-04
4048	9.764412225621300e-05	9.772372209558111e-05
5173	9.534139434519417e-05	9.549925860214369e-05
5648	9.330915964189668e-05	9.332543007969905e-05
5834	9.117541718561828e-05	9.120108393559096e-05
5961	8.902662558984975e-05	8.912509381337459e-05
6005	8.709616710567136e-05	8.709635899560814e-05
6077	6.078185729185837e-05	6.165950018614822e-05
6135	6.006484790344047e-05	6.025595860743581e-05
6152	5.859449802769756e-05	5.888436553555884e-05
6334	5.752188878871412e-05	5.754399373371566e-05
6503	5.605766525262901e-05	5.623413251903491e-05
6510	5.406191744516953e-05	5.495408738576248e-05
6568	5.369434478130763e-05	5.370317963702532e-05
6737	2.970362294307805e-05	3.019951720402019e-05
6748	2.922050780973517e-05	2.951209226666384e-05
6847	2.880630683443908e-05	2.884031503126606e-05
6879	2.788126957753434e-05	2.818382931264455e-05
6889	2.753732777516227e-05	2.754228703338169e-05
6917	2.665587834360661e-05	2.691534803926914e-05
6918	2.430354058446937e-05	2.454708915685029e-05
6936	2.396409241722797e-05	2.398832919019490e-05
6966	2.340889254703882e-05	2.344228815319923e-05
6975	2.164227754453130e-05	2.187761623949552e-05
6982	2.135393877555902e-05	2.137962089502232e-05
7010	2.084109642730425e-05	2.089296130854041e-05
7031	2.039391705832561e-05	2.041737944669527e-05
7057	1.995236733254302e-05	1.995262314968879e-05
7062	1.949758898944776e-05	1.949844599758046e-05
7073	1.861167429095811e-05	1.862087136662866e-05
7074	1.265208975587129e-05	1.288249551693135e-05
7077	1.258290973760179e-05	1.258925411794166e-05
7079	1.226609299265213e-05	1.230268770812381e-05
7145	1.090652091761957e-05	1.096478196143185e-05
7160	1.071286637954749e-05	1.071519305237607e-05
7183	1.040969824706028e-05	1.047128548050899e-05
7191	1.022340758805029e-05	1.023292992280754e-05
7200	9.880681872020958e-06	1.000000000000000e-05
7293	9.657046340261211e-06	9.772372209558111e-06
7301	9.537745792043140e-06	9.549925860214369e-06
7318	9.299416730890186e-06	9.332543007969906e-06
7406	8.355395310855052e-06	8.511380382023760e-06
7412	8.233118569012099e-06	8.317637711026709e-06
7435	8.117269679974726e-06	8.128305161640995e-06
7440	7.882888344190597e-06	7.943282347242822e-06
7564	7.738460542250358e-06	7.762471166286911e-06
7574	7.584579618802323e-06	7.585775750291836e-06
7578	6.221472430789632e-06	6.309573444801930e-06
7580	6.162987021496313e-06	6.165950018614822e-06
7585	5.922028059823781e-06	6.025595860743581e-06
7590	5.826975012390712e-06	5.888436553555884e-06
7605	5.743612992326064e-06	5.754399373371567e-06
7617	-2.013297328073982e-06	-1.995262314968879e-06
7618	-3.665851685763499e-06	-3.630780547701010e-06
7621	-3.845511810762758e-06	-3.801893963205613e-06
7626	-3.892089551982281e-06	-3.890451449942805e-06
7630	-4.004030049520324e-06	-3.981071705534969e-06
7635	-4.076724957835509e-06	-4.073802778041131e-06
7642	-4.233523797303462e-06	-4.168693834703355e-06
7644	-4.266075705139372e-06	-4.265795188015926e-06
7651	-4.496848042379042e-06	-4.466835921509635e-06
7655	-4.583438851901711e-06	-4.570881896148752e-06
7663	-4.771403337988644e-06	-4.677351412871981e-06
7664	-5.014145002979475e-06	-5.011872336272725e-06
7673	-5.158952843364872e-06	-5.128613839913648e-06
7683	-5.250267839596034e-06	-5.248074602497723e-06
7685	-5.590694274304475e-06	-5.495408738576248e-06
7686	-5.632401288147015e-06	-5.623413251903491e-06
7691	-6.197653137696157e-06	-6.165950018614822e-06
7692	-6.376371756156018e-06	-6.309573444801930e-06
7702	-6.583365508405770e-06	-6.456542290346549e-06
7703	-6.610415524632707e-06	-6.606934480075964e-06
7705	-6.777786633382910e-06	-6.760829753919819e-06
7710	-6.946599693358202e-06	-6.918309709189363e-06
7717	-7.115127097057083e-06	-7.079457843841373e-06
7725	-7.305615386754560e-06	-7.244359600749906e-06
7726	-7.571548890750179e-06	-7.413102413009177e-06
7731	-7.728584394239846e-06	-7.585775750291836e-06
7732	-7.782133344957920e-06	-7.762471166286911e-06
7734	-7.948441542171558e-06	-7.943282347242822e-06
7743	-8.181612786262171e-06	-8.128305161640995e-06
7744	-8.329058235556630e-06	-8.317637711026709e-06
7768	-8.513504040075226e-06	-8.511380382023760e-06
7774	-8.772320434502490e-06	-8.709635899560814e-06
7777	-8.942877600559562e-06	-8.912509381337459e-06
7782	-9.168521002522745e-06	-9.120108393559096e-06
7790	-1.015589864272748e-05	-1.000000000000000e-05
7791	-1.023511226905249e-05	-1.023292992280754e-05
7899	-1.051768906035200e-05	-1.047128548050899e-05
7917	-1.076833026181223e-05	-1.071519305237607e-05
7934	-1.102421513665686e-05	-1.096478196143185e-05
7945	-1.122227278715915e-05	-1.122018454301963e-05
8002	-1.139713340991833e-05	-1.122018454301963e-05
