%
% index = 340, name = bbob_f013_i02_d02__bbob_f013_i04_d02
% instance = 1, reference value = 9.281631289544110e-01
% function evaluation | indicator value | target hit
1	7.900612064141482e-01	7.943282347242815e-01
412	7.104454229732181e-01	7.244359600749900e-01
434	6.619414746679507e-01	6.760829753919817e-01
493	6.503341018647097e-01	6.606934480075960e-01
497	5.646730307185289e-01	5.754399373371569e-01
504	2.041848274614027e-01	2.089296130854039e-01
505	1.973661801576450e-01	1.995262314968880e-01
517	1.878964006724215e-01	1.905460717963247e-01
520	1.857214168715345e-01	1.862087136662867e-01
565	1.429024331318899e-01	1.445439770745928e-01
598	1.400908743691917e-01	1.412537544622754e-01
614	1.341636190271125e-01	1.348962882591654e-01
619	1.248082023901920e-01	1.258925411794167e-01
633	1.117945196476414e-01	1.122018454301964e-01
677	1.052561338613025e-01	1.071519305237607e-01
689	1.039117348401520e-01	1.047128548050900e-01
697	1.005680408629919e-01	1.023292992280754e-01
704	9.986444642028602e-02	1.000000000000000e-01
733	9.709618968903111e-02	9.772372209558107e-02
742	9.380712183473139e-02	9.549925860214359e-02
752	9.255103310595603e-02	9.332543007969910e-02
776	6.770240680424422e-02	6.918309709189366e-02
778	6.698391517469615e-02	6.760829753919818e-02
789	6.591876114806161e-02	6.606934480075961e-02
807	6.452579055980501e-02	6.456542290346556e-02
816	5.196442491894204e-02	5.248074602497726e-02
846	5.033517725453163e-02	5.128613839913648e-02
857	4.825369366068921e-02	4.897788193684462e-02
860	4.784041858150045e-02	4.786300923226382e-02
887	4.574438667401703e-02	4.677351412871981e-02
888	4.560171159265780e-02	4.570881896148749e-02
896	4.414212987300259e-02	4.466835921509630e-02
897	4.235989155910636e-02	4.265795188015926e-02
921	4.156961134749892e-02	4.168693834703355e-02
926	3.830588699832971e-02	3.890451449942807e-02
931	3.783306678301546e-02	3.801893963205612e-02
934	3.664007558253712e-02	3.715352290971726e-02
941	3.626967430687744e-02	3.630780547701014e-02
946	3.541107875748739e-02	3.548133892335755e-02
948	3.458487293353429e-02	3.467368504525317e-02
952	3.322718897030608e-02	3.388441561392026e-02
961	3.311257688876501e-02	3.311311214825911e-02
977	3.166929090934645e-02	3.235936569296283e-02
984	3.151423995389069e-02	3.162277660168379e-02
994	3.035333900277482e-02	3.090295432513590e-02
995	3.018466505015949e-02	3.019951720402016e-02
1030	2.852464144608002e-02	2.884031503126606e-02
1031	2.695369195033515e-02	2.754228703338166e-02
1042	2.686193904170198e-02	2.691534803926915e-02
1058	2.614461662420942e-02	2.630267991895381e-02
1114	2.566193464015021e-02	2.570395782768863e-02
1121	2.469618846376387e-02	2.511886431509579e-02
1133	2.453796853559720e-02	2.454708915685030e-02
1185	2.387314671806984e-02	2.398832919019490e-02
1212	2.340555940907774e-02	2.344228815319923e-02
1237	2.290236281095193e-02	2.290867652767773e-02
1259	2.049542556594885e-02	2.089296130854040e-02
1275	2.041308314447932e-02	2.041737944669529e-02
1328	1.992252486303947e-02	1.995262314968880e-02
1343	1.813999246845621e-02	1.819700858609984e-02
1353	1.704950753397338e-02	1.737800828749375e-02
1361	1.693552306137103e-02	1.698243652461744e-02
1399	1.462049421397504e-02	1.479108388168207e-02
1415	1.400056151337714e-02	1.412537544622754e-02
1439	1.356868454302496e-02	1.380384264602885e-02
1452	1.334879263955091e-02	1.348962882591653e-02
1460	1.313869233926890e-02	1.318256738556407e-02
1490	1.284400587356449e-02	1.288249551693134e-02
1517	1.256330861952870e-02	1.258925411794167e-02
1533	1.194413116620097e-02	1.202264434617413e-02
1534	1.040831894769867e-02	1.047128548050900e-02
1561	1.011422140010143e-02	1.023292992280754e-02
1565	9.932234329915191e-03	1.000000000000000e-02
1612	9.413856987720348e-03	9.549925860214359e-03
1631	9.330515781491577e-03	9.332543007969915e-03
1652	9.112362026096110e-03	9.120108393559097e-03
1653	6.773339780698162e-03	6.918309709189363e-03
1658	6.600188018374364e-03	6.606934480075957e-03
1679	6.447466441016680e-03	6.456542290346556e-03
1710	5.987522152600677e-03	6.025595860743574e-03
1729	5.861831173915810e-03	5.888436553555890e-03
1748	5.751119036921160e-03	5.754399373371567e-03
1758	5.522399534961697e-03	5.623413251903491e-03
1759	5.383874693450363e-03	5.495408738576248e-03
1762	5.369973372560288e-03	5.370317963702527e-03
1769	5.235229927364471e-03	5.248074602497728e-03
1777	5.127154749655083e-03	5.128613839913648e-03
1811	5.007960993597460e-03	5.011872336272725e-03
1849	4.891069579477381e-03	4.897788193684461e-03
1877	4.777274822845623e-03	4.786300923226385e-03
1900	4.674409543056868e-03	4.677351412871981e-03
1927	4.543156214004029e-03	4.570881896148752e-03
1982	4.466091643789416e-03	4.466835921509630e-03
2001	4.454602849041978e-03	4.466835921509630e-03
%
% index = 341, name = bbob_f013_i03_d02__bbob_f013_i05_d02
% instance = 2, reference value = 5.024416478989699e-01
% function evaluation | indicator value | target hit
1	2.521468513499595e-01	2.570395782768864e-01
211	1.955843518375714e-01	1.995262314968880e-01
223	1.638417571292721e-01	1.659586907437560e-01
279	1.314152893780682e-01	1.318256738556407e-01
301	1.273051135581833e-01	1.288249551693134e-01
302	1.104515482056404e-01	1.122018454301964e-01
305	1.057172904087076e-01	1.071519305237607e-01
306	1.028405636908460e-01	1.047128548050900e-01
307	9.861349612435460e-02	1.000000000000000e-01
311	9.726016674450466e-02	9.772372209558107e-02
336	9.057878529228613e-02	9.120108393559097e-02
346	8.645780405699854e-02	8.709635899560805e-02
347	8.029967903329932e-02	8.128305161640990e-02
352	7.852394282306863e-02	7.943282347242814e-02
355	5.985603610098228e-02	6.025595860743578e-02
365	5.724623340054508e-02	5.754399373371569e-02
384	4.850031718851949e-02	4.897788193684462e-02
389	4.674854552158725e-02	4.677351412871981e-02
411	4.366477767986332e-02	4.466835921509630e-02
414	4.342694961116633e-02	4.365158322401658e-02
421	4.148707111098038e-02	4.168693834703355e-02
423	3.926686398700052e-02	3.981071705534973e-02
424	3.792872818644905e-02	3.801893963205612e-02
434	3.518708981420260e-02	3.548133892335755e-02
438	3.405780645905465e-02	3.467368504525317e-02
440	3.369956325669138e-02	3.388441561392026e-02
441	3.288467106469128e-02	3.311311214825911e-02
450	3.215876897031544e-02	3.235936569296283e-02
453	3.123474943560772e-02	3.162277660168379e-02
455	3.024376702397757e-02	3.090295432513590e-02
456	2.954287422184854e-02	3.019951720402016e-02
457	2.915650270905057e-02	2.951209226666385e-02
458	2.875669893979371e-02	2.884031503126606e-02
463	2.792102386115991e-02	2.818382931264454e-02
468	2.742188239728749e-02	2.754228703338166e-02
475	2.680148099253160e-02	2.691534803926915e-02
482	2.611436315577648e-02	2.630267991895381e-02
488	2.562108303369010e-02	2.570395782768863e-02
490	2.409145674623581e-02	2.454708915685030e-02
494	2.357814745733611e-02	2.398832919019490e-02
495	2.306953093882835e-02	2.344228815319923e-02
501	2.279715234807028e-02	2.290867652767773e-02
504	2.209533754638865e-02	2.238721138568340e-02
505	2.165119920299030e-02	2.187761623949553e-02
507	2.137314787036265e-02	2.137962089502233e-02
510	2.084911205453405e-02	2.089296130854040e-02
523	2.036253162740820e-02	2.041737944669529e-02
529	1.979123061616855e-02	1.995262314968880e-02
530	1.933859746256628e-02	1.949844599758046e-02
541	1.884969642503870e-02	1.905460717963247e-02
546	1.843389839577936e-02	1.862087136662868e-02
551	1.810634190093646e-02	1.819700858609984e-02
554	1.723785203118400e-02	1.737800828749375e-02
559	1.677421381636501e-02	1.698243652461744e-02
566	1.649202116141008e-02	1.659586907437561e-02
567	1.587034589372799e-02	1.621810097358930e-02
568	1.558015130612372e-02	1.584893192461113e-02
571	1.532671869199670e-02	1.548816618912481e-02
577	1.512927565964312e-02	1.513561248436208e-02
580	1.472748473139479e-02	1.479108388168207e-02
582	1.426790533487315e-02	1.445439770745927e-02
583	1.391484877926030e-02	1.412537544622754e-02
587	1.379856089156706e-02	1.380384264602885e-02
602	1.345664562065219e-02	1.348962882591653e-02
614	1.309079481330433e-02	1.318256738556407e-02
619	1.254261772976228e-02	1.258925411794167e-02
627	1.218727352559518e-02	1.230268770812382e-02
631	1.201213000420615e-02	1.202264434617413e-02
639	1.173866570869031e-02	1.174897554939530e-02
651	1.144672371407857e-02	1.148153621496883e-02
658	1.121676976210273e-02	1.122018454301964e-02
661	1.088258380725238e-02	1.096478196143185e-02
665	1.065598730992956e-02	1.071519305237606e-02
668	1.046047258115879e-02	1.047128548050900e-02
683	1.022585127569403e-02	1.023292992280754e-02
686	8.727204993976834e-03	8.912509381337459e-03
687	8.595656796512141e-03	8.709635899560805e-03
689	8.440727269612092e-03	8.511380382023767e-03
694	8.308338666174087e-03	8.317637711026709e-03
706	8.121003589516174e-03	8.128305161640995e-03
711	7.931674971174363e-03	7.943282347242814e-03
727	7.536052528363146e-03	7.585775750291836e-03
729	7.143419186055766e-03	7.244359600749898e-03
733	7.041675261569569e-03	7.079457843841380e-03
738	6.901306340821756e-03	6.918309709189363e-03
750	6.745291550790455e-03	6.760829753919818e-03
751	6.381784196696771e-03	6.456542290346556e-03
758	6.287390464437215e-03	6.309573444801930e-03
762	6.067608758287546e-03	6.165950018614822e-03
767	6.018561110730958e-03	6.025595860743574e-03
772	5.884669982872848e-03	5.888436553555890e-03
779	5.714483673068649e-03	5.754399373371567e-03
782	5.607153906104390e-03	5.623413251903491e-03
790	5.475276871070633e-03	5.495408738576248e-03
796	5.183496183138292e-03	5.248074602497728e-03
799	5.126351802021201e-03	5.128613839913648e-03
807	5.008156177371437e-03	5.011872336272725e-03
817	4.710850920014498e-03	4.786300923226385e-03
824	4.640057830426647e-03	4.677351412871981e-03
835	4.562349635606477e-03	4.570881896148752e-03
848	4.462770317457843e-03	4.466835921509630e-03
863	4.363797125619961e-03	4.365158322401661e-03
871	4.264045516415682e-03	4.265795188015926e-03
878	4.120866834664783e-03	4.168693834703355e-03
886	4.066116253359287e-03	4.073802778041126e-03
890	3.916655174035555e-03	3.981071705534973e-03
891	3.872351021697862e-03	3.890451449942805e-03
901	3.800233731381331e-03	3.801893963205613e-03
916	3.714748211901486e-03	3.715352290971724e-03
924	3.619291996696306e-03	3.630780547701014e-03
939	3.547785904760403e-03	3.548133892335753e-03
942	3.285821726585536e-03	3.311311214825911e-03
955	3.235010188880783e-03	3.235936569296281e-03
975	3.153806373488777e-03	3.162277660168379e-03
995	3.088853028138605e-03	3.090295432513592e-03
1011	3.019381130622001e-03	3.019951720402016e-03
1016	2.949509888674040e-03	2.951209226666387e-03
1029	2.869409332561579e-03	2.884031503126605e-03
1034	2.814516152585045e-03	2.818382931264455e-03
1048	2.732459141778720e-03	2.754228703338166e-03
1055	2.624132170133298e-03	2.630267991895381e-03
1083	2.567518843906047e-03	2.570395782768865e-03
1098	2.503717687860618e-03	2.511886431509579e-03
1114	2.442649258899310e-03	2.454708915685031e-03
1131	2.397506760089207e-03	2.398832919019490e-03
1141	2.288133922021540e-03	2.290867652767772e-03
1164	2.236766666231627e-03	2.238721138568340e-03
1170	2.177719982764836e-03	2.187761623949552e-03
1202	2.133733630913293e-03	2.137962089502233e-03
1217	2.057349452964985e-03	2.089296130854039e-03
1219	2.038949841032034e-03	2.041737944669530e-03
1236	1.989929102007126e-03	1.995262314968879e-03
1247	1.948989453370298e-03	1.949844599758046e-03
1264	1.901196717725040e-03	1.905460717963246e-03
1286	1.860977988243917e-03	1.862087136662868e-03
1308	1.817601339727859e-03	1.819700858609983e-03
1330	1.774829016453761e-03	1.778279410038923e-03
1354	1.733637518818831e-03	1.737800828749376e-03
1365	1.693227745962145e-03	1.698243652461744e-03
1384	1.659456556984185e-03	1.659586907437561e-03
1408	1.612420155123084e-03	1.621810097358930e-03
1431	1.584657526826461e-03	1.584893192461114e-03
1454	1.548290719047607e-03	1.548816618912481e-03
1466	1.504773261460701e-03	1.513561248436209e-03
1479	1.456398696037087e-03	1.479108388168207e-03
1489	1.445377407966464e-03	1.445439770745928e-03
1525	1.402588162578877e-03	1.412537544622754e-03
1534	1.378852256914032e-03	1.380384264602885e-03
1552	1.344825899373570e-03	1.348962882591653e-03
1579	1.318184080123408e-03	1.318256738556408e-03
1600	1.286119516898721e-03	1.288249551693134e-03
1625	1.256779128213981e-03	1.258925411794167e-03
1648	1.228437396779358e-03	1.230268770812381e-03
1660	1.202194313164373e-03	1.202264434617413e-03
1680	1.171771286225365e-03	1.174897554939529e-03
1709	1.147591262682268e-03	1.148153621496883e-03
1735	1.121220240197340e-03	1.122018454301963e-03
1753	1.096312716377223e-03	1.096478196143185e-03
1788	1.070979373195335e-03	1.071519305237606e-03
1811	1.046940320187928e-03	1.047128548050900e-03
1837	1.023037433260154e-03	1.023292992280754e-03
1868	9.995545681270590e-04	1.000000000000000e-03
1883	9.740857305706729e-04	9.772372209558111e-04
1904	9.540194314643369e-04	9.549925860214359e-04
1931	9.305359207257835e-04	9.332543007969915e-04
1959	9.110261770067796e-04	9.120108393559096e-04
1993	8.892243112919029e-04	8.912509381337459e-04
2001	8.844935194920467e-04	8.912509381337459e-04
%
% index = 342, name = bbob_f013_i07_d02__bbob_f013_i08_d02
% instance = 3, reference value = 8.754950499235490e-01
% function evaluation | indicator value | target hit
1	6.329399493300482e-01	6.456542290346555e-01
218	5.726315316351442e-01	5.754399373371569e-01
321	5.437708767766791e-01	5.495408738576245e-01
330	5.022856825166562e-01	5.128613839913648e-01
350	3.186534284789753e-01	3.235936569296283e-01
405	2.476842693702339e-01	2.511886431509580e-01
489	2.406753864610340e-01	2.454708915685030e-01
512	2.355152088990099e-01	2.398832919019490e-01
521	2.172103396335472e-01	2.187761623949552e-01
546	2.117626282880376e-01	2.137962089502232e-01
576	2.015965301993554e-01	2.041737944669530e-01
584	1.990142312368464e-01	1.995262314968880e-01
588	1.834360712253336e-01	1.862087136662867e-01
622	1.804800096214967e-01	1.819700858609984e-01
650	1.715652821093688e-01	1.737800828749375e-01
672	1.675372862255455e-01	1.698243652461744e-01
678	1.591529374402084e-01	1.621810097358930e-01
680	1.482726206425256e-01	1.513561248436208e-01
681	1.442680811798882e-01	1.445439770745928e-01
768	1.411217114607788e-01	1.412537544622754e-01
769	1.349634365606661e-01	1.380384264602885e-01
770	1.326436839957307e-01	1.348962882591654e-01
774	1.276284635902416e-01	1.288249551693134e-01
798	1.255019259979571e-01	1.258925411794167e-01
825	1.229208486277461e-01	1.230268770812381e-01
841	1.083414195210780e-01	1.096478196143185e-01
854	1.066392609221692e-01	1.071519305237607e-01
862	1.039254704706246e-01	1.047128548050900e-01
916	8.927745195249104e-02	9.120108393559097e-02
929	8.900518532784696e-02	8.912509381337455e-02
975	8.217227551681294e-02	8.317637711026708e-02
1003	8.122020426169430e-02	8.128305161640990e-02
1054	7.756083305510908e-02	7.762471166286916e-02
1078	7.065725454905736e-02	7.079457843841380e-02
1099	6.651572840255882e-02	6.760829753919818e-02
1101	6.600751987753828e-02	6.606934480075961e-02
1103	6.014799921533487e-02	6.025595860743578e-02
1150	5.884365348278109e-02	5.888436553555890e-02
1287	5.752547472435199e-02	5.754399373371569e-02
1305	5.071321867031164e-02	5.128613839913648e-02
1312	5.000700251483103e-02	5.011872336272722e-02
1354	4.708757016761600e-02	4.786300923226382e-02
1386	4.676829677308414e-02	4.677351412871981e-02
1411	4.569833040288829e-02	4.570881896148749e-02
1430	4.463296638178071e-02	4.466835921509630e-02
1504	4.338995423181780e-02	4.365158322401658e-02
1538	4.262001270458837e-02	4.265795188015926e-02
1546	4.157532955430598e-02	4.168693834703355e-02
1626	4.060919878200087e-02	4.073802778041128e-02
1723	3.975234386223836e-02	3.981071705534973e-02
1726	3.649949701828048e-02	3.715352290971726e-02
1752	3.572731460507639e-02	3.630780547701014e-02
1753	3.528269432088782e-02	3.548133892335755e-02
1768	3.411559338569925e-02	3.467368504525317e-02
1805	3.366401776664407e-02	3.388441561392026e-02
1858	3.309051302950383e-02	3.311311214825911e-02
1923	3.222809449818209e-02	3.235936569296283e-02
1967	3.160933046443692e-02	3.162277660168379e-02
1982	3.086857139546240e-02	3.090295432513590e-02
2001	3.082539521427585e-02	3.090295432513590e-02
%
% index = 343, name = bbob_f013_i09_d02__bbob_f013_i10_d02
% instance = 4, reference value = 8.182495508956290e-01
% function evaluation | indicator value | target hit
1	1.122930268949629e+00	1.148153621496883e+00
208	1.087955735135129e+00	1.096478196143185e+00
215	6.289383167793537e-01	6.309573444801932e-01
268	5.089125231256638e-01	5.128613839913648e-01
270	3.481962363509960e-01	3.548133892335755e-01
321	2.883272335791086e-01	2.884031503126606e-01
410	2.446241681588459e-01	2.454708915685030e-01
441	2.383863315634698e-01	2.398832919019490e-01
445	2.334897469505623e-01	2.344228815319922e-01
475	2.287245442762113e-01	2.290867652767773e-01
492	2.223195763158629e-01	2.238721138568339e-01
509	2.107915896063548e-01	2.137962089502232e-01
512	1.682171578813061e-01	1.698243652461744e-01
519	1.620467642978699e-01	1.621810097358930e-01
531	1.419784378308476e-01	1.445439770745928e-01
538	1.356328785569727e-01	1.380384264602885e-01
554	1.336623261680678e-01	1.348962882591654e-01
560	1.301365795069741e-01	1.318256738556407e-01
564	1.285130017471676e-01	1.288249551693134e-01
566	1.250431347384872e-01	1.258925411794167e-01
594	1.216435923687021e-01	1.230268770812381e-01
614	1.177178688159733e-01	1.202264434617413e-01
615	1.161840842538597e-01	1.174897554939529e-01
660	1.145448226683413e-01	1.148153621496883e-01
674	1.095337563169022e-01	1.096478196143185e-01
690	1.040705059203770e-01	1.047128548050900e-01
694	9.692239367249933e-02	9.772372209558107e-02
695	9.185732343841380e-02	9.332543007969910e-02
711	8.907869105863886e-02	8.912509381337455e-02
715	8.698581546610762e-02	8.709635899560805e-02
724	8.450409325489583e-02	8.511380382023763e-02
738	8.279561989310136e-02	8.317637711026708e-02
739	7.832574451469199e-02	7.943282347242814e-02
741	7.581650731733658e-02	7.585775750291836e-02
766	7.100728994164041e-02	7.244359600749903e-02
767	6.827743666479846e-02	6.918309709189366e-02
773	6.508753605337070e-02	6.606934480075961e-02
781	6.455822574145853e-02	6.456542290346556e-02
791	6.303222008003329e-02	6.309573444801933e-02
817	6.065710939143154e-02	6.165950018614822e-02
840	6.022438879101344e-02	6.025595860743578e-02
848	5.699316825178624e-02	5.754399373371569e-02
849	5.603576759314866e-02	5.623413251903491e-02
852	5.494652826500257e-02	5.495408738576246e-02
867	5.101519457331671e-02	5.128613839913648e-02
872	4.971326131509735e-02	5.011872336272722e-02
876	4.661489365700755e-02	4.677351412871981e-02
916	4.531877627840220e-02	4.570881896148749e-02
935	4.416593228975108e-02	4.466835921509630e-02
938	4.258546606741098e-02	4.265795188015926e-02
964	4.102798531571750e-02	4.168693834703355e-02
973	4.037186863837328e-02	4.073802778041128e-02
982	3.859326915312689e-02	3.890451449942807e-02
995	3.745618686321672e-02	3.801893963205612e-02
999	3.688069698826069e-02	3.715352290971726e-02
1015	3.580719090102702e-02	3.630780547701014e-02
1027	3.519149893783813e-02	3.548133892335755e-02
1048	3.441334475128466e-02	3.467368504525317e-02
1050	3.325085821446239e-02	3.388441561392026e-02
1052	3.301553816452185e-02	3.311311214825911e-02
1060	3.171490719201320e-02	3.235936569296283e-02
1061	3.146671142159685e-02	3.162277660168379e-02
1076	3.061183806642276e-02	3.090295432513590e-02
1077	2.995690893320946e-02	3.019951720402016e-02
1086	2.912630552490092e-02	2.951209226666385e-02
1096	2.814162506414120e-02	2.818382931264454e-02
1127	2.746168953084172e-02	2.754228703338166e-02
1138	2.669486612633787e-02	2.691534803926915e-02
1140	2.544781531477736e-02	2.570395782768863e-02
1155	2.503780975090064e-02	2.511886431509579e-02
1175	2.395173494440817e-02	2.398832919019490e-02
1194	2.329906729189635e-02	2.344228815319923e-02
1210	2.261114248146923e-02	2.290867652767773e-02
1213	2.214521374026446e-02	2.238721138568340e-02
1222	2.183978174444945e-02	2.187761623949553e-02
1240	2.111455885038205e-02	2.137962089502233e-02
1241	2.069328080050858e-02	2.089296130854040e-02
1258	2.037968982137017e-02	2.041737944669529e-02
1266	1.994946817816645e-02	1.995262314968880e-02
1287	1.922727013308501e-02	1.949844599758046e-02
1289	1.905139011360224e-02	1.905460717963247e-02
1302	1.851928106485412e-02	1.862087136662868e-02
1317	1.808516761654588e-02	1.819700858609984e-02
1321	1.755326288833969e-02	1.778279410038923e-02
1343	1.733021058810424e-02	1.737800828749375e-02
1362	1.692025765873306e-02	1.698243652461744e-02
1377	1.650930083480573e-02	1.659586907437561e-02
1400	1.621150319046194e-02	1.621810097358930e-02
1403	1.584782085442438e-02	1.584893192461113e-02
1432	1.545278022162211e-02	1.548816618912481e-02
1463	1.511503850824891e-02	1.513561248436208e-02
1479	1.476959993352955e-02	1.479108388168207e-02
1489	1.445130277656725e-02	1.445439770745927e-02
1510	1.408620552380468e-02	1.412537544622754e-02
1527	1.377782923126170e-02	1.380384264602885e-02
1551	1.341969811973331e-02	1.348962882591653e-02
1564	1.316860233818140e-02	1.318256738556407e-02
1585	1.252203489692461e-02	1.258925411794167e-02
1608	1.221202306890290e-02	1.230268770812382e-02
1616	1.200120356965872e-02	1.202264434617413e-02
1633	1.173523684370925e-02	1.174897554939530e-02
1660	1.140508505074145e-02	1.148153621496883e-02
1669	1.111472046254602e-02	1.122018454301964e-02
1680	1.095487923636784e-02	1.096478196143185e-02
1692	1.069528619386995e-02	1.071519305237606e-02
1718	1.046798336875543e-02	1.047128548050900e-02
1768	1.016617295218791e-02	1.023292992280754e-02
1786	9.977300635201858e-03	1.000000000000000e-02
1812	9.749370459824380e-03	9.772372209558112e-03
1843	9.542117484013235e-03	9.549925860214359e-03
1873	9.321287050598204e-03	9.332543007969915e-03
1892	8.872454930781037e-03	8.912509381337459e-03
1913	8.570936958183006e-03	8.709635899560805e-03
1924	8.507993195217778e-03	8.511380382023767e-03
1945	8.264458914270190e-03	8.317637711026709e-03
1972	8.116214330661897e-03	8.128305161640995e-03
2001	8.006557910107182e-03	8.128305161640995e-03
%
% index = 344, name = bbob_f013_i11_d02__bbob_f013_i12_d02
% instance = 5, reference value = 5.727753042133310e-01
% function evaluation | indicator value | target hit
1	3.242976883317524e-01	3.311311214825911e-01
211	2.770547039774582e-01	2.818382931264454e-01
255	2.640027130012434e-01	2.691534803926916e-01
307	1.548122768227871e-01	1.548816618912481e-01
321	1.328426030534193e-01	1.348962882591654e-01
382	1.308839639323876e-01	1.318256738556407e-01
399	1.084121535820362e-01	1.096478196143185e-01
433	9.286043840192709e-02	9.332543007969910e-02
436	8.691460828388592e-02	8.709635899560805e-02
446	7.591076195675195e-02	7.762471166286916e-02
447	7.382376956870174e-02	7.413102413009177e-02
470	7.233133432595806e-02	7.244359600749903e-02
471	6.996548625546317e-02	7.079457843841380e-02
476	6.866311852607121e-02	6.918309709189366e-02
477	6.714210285514577e-02	6.760829753919818e-02
488	6.561207067911545e-02	6.606934480075961e-02
491	6.209982588258645e-02	6.309573444801933e-02
494	6.033263773187891e-02	6.165950018614822e-02
495	5.343610520589737e-02	5.370317963702527e-02
497	5.157743923585179e-02	5.248074602497726e-02
498	5.125080950807137e-02	5.128613839913648e-02
502	4.949347977589791e-02	5.011872336272722e-02
505	4.692770074769981e-02	4.786300923226382e-02
508	4.567183620727189e-02	4.570881896148749e-02
524	4.375835049070242e-02	4.466835921509630e-02
526	4.302250604695457e-02	4.365158322401658e-02
528	4.133667838710831e-02	4.168693834703355e-02
529	3.890620822450852e-02	3.981071705534973e-02
535	3.765212936069540e-02	3.801893963205612e-02
542	3.585475623532264e-02	3.630780547701014e-02
548	3.543466432881393e-02	3.548133892335755e-02
557	3.462431013220746e-02	3.467368504525317e-02
566	3.342685403279666e-02	3.388441561392026e-02
576	3.040404245269790e-02	3.090295432513590e-02
579	2.942752180371011e-02	2.951209226666385e-02
584	2.881599082793418e-02	2.884031503126606e-02
600	2.800912064673322e-02	2.818382931264454e-02
604	2.590658398862167e-02	2.630267991895381e-02
609	2.558823434809021e-02	2.570395782768863e-02
611	2.486091956623770e-02	2.511886431509579e-02
613	2.421412193834527e-02	2.454708915685030e-02
615	2.395052208823123e-02	2.398832919019490e-02
632	2.327234180931637e-02	2.344228815319923e-02
634	2.278930074173768e-02	2.290867652767773e-02
636	2.227741944720796e-02	2.238721138568340e-02
646	2.177505098510024e-02	2.187761623949553e-02
653	2.096195293927372e-02	2.137962089502233e-02
655	2.053084273680539e-02	2.089296130854040e-02
656	2.010225887682404e-02	2.041737944669529e-02
659	1.979633171533135e-02	1.995262314968880e-02
676	1.943938136833123e-02	1.949844599758046e-02
678	1.835787957703161e-02	1.862087136662868e-02
683	1.817097782694777e-02	1.819700858609984e-02
689	1.776884162813730e-02	1.778279410038923e-02
693	1.699187533697366e-02	1.737800828749375e-02
694	1.618458582135596e-02	1.621810097358930e-02
702	1.584056356774266e-02	1.584893192461113e-02
709	1.531083979348602e-02	1.548816618912481e-02
715	1.511219242953443e-02	1.513561248436208e-02
725	1.355510854930309e-02	1.380384264602885e-02
730	1.348898272839516e-02	1.348962882591653e-02
743	1.317747021685378e-02	1.318256738556407e-02
748	1.277143891987664e-02	1.288249551693134e-02
754	1.116496544444068e-02	1.122018454301964e-02
758	1.093378550390733e-02	1.096478196143185e-02
759	1.068227070007122e-02	1.071519305237606e-02
764	1.029267824803892e-02	1.047128548050900e-02
767	1.020723114033284e-02	1.023292992280754e-02
772	9.971059671931015e-03	1.000000000000000e-02
784	9.580309570730750e-03	9.772372209558112e-03
789	9.515767896194127e-03	9.549925860214359e-03
810	9.329726369156299e-03	9.332543007969915e-03
820	9.076114552123649e-03	9.120108393559097e-03
831	8.909825197000121e-03	8.912509381337459e-03
844	8.707904772845887e-03	8.709635899560805e-03
855	7.811081376243312e-03	7.943282347242814e-03
860	7.761587064073816e-03	7.762471166286920e-03
875	7.575378151307155e-03	7.585775750291836e-03
899	7.325956941536815e-03	7.413102413009177e-03
921	7.229481879881372e-03	7.244359600749898e-03
931	7.073335555201954e-03	7.079457843841380e-03
932	6.890807132070909e-03	6.918309709189363e-03
952	6.737710723634494e-03	6.760829753919818e-03
979	6.565168211624117e-03	6.606934480075957e-03
991	6.426915364149743e-03	6.456542290346556e-03
998	6.290540037055314e-03	6.309573444801930e-03
1008	6.123726471014779e-03	6.165950018614822e-03
1025	6.020095233212674e-03	6.025595860743574e-03
1043	5.842833430329097e-03	5.888436553555890e-03
1069	5.753847002584633e-03	5.754399373371567e-03
1094	5.621934616330648e-03	5.623413251903491e-03
1120	5.463842078717751e-03	5.495408738576248e-03
1146	5.369620149632603e-03	5.370317963702527e-03
1168	5.219635572314307e-03	5.248074602497728e-03
1191	5.114027838581836e-03	5.128613839913648e-03
1202	5.009497053367395e-03	5.011872336272725e-03
1234	4.896618244179085e-03	4.897788193684461e-03
1283	4.765169804166747e-03	4.786300923226385e-03
1317	4.666306560636047e-03	4.677351412871981e-03
1344	4.568130381305435e-03	4.570881896148752e-03
1364	4.461142278468833e-03	4.466835921509630e-03
1399	4.300768002748145e-03	4.365158322401661e-03
1417	4.263301569364053e-03	4.265795188015926e-03
1464	4.167883129082561e-03	4.168693834703355e-03
1501	4.073312089657666e-03	4.073802778041126e-03
1586	3.970918601082896e-03	3.981071705534973e-03
1642	3.888767015502337e-03	3.890451449942805e-03
1670	3.693223063131579e-03	3.715352290971724e-03
1696	3.630111990085783e-03	3.630780547701014e-03
1746	3.547612613400308e-03	3.548133892335753e-03
1856	3.274316850128689e-03	3.311311214825911e-03
1905	3.235420053172566e-03	3.235936569296281e-03
2001	3.183559770570832e-03	3.235936569296281e-03
%
% index = 345, name = bbob_f013_i13_d02__bbob_f013_i14_d02
% instance = 6, reference value = 9.805267944248840e-01
% function evaluation | indicator value | target hit
1	4.178450572992234e-01	4.265795188015927e-01
297	3.313227948322918e-01	3.388441561392025e-01
420	3.288196792748841e-01	3.311311214825911e-01
443	2.971864687865290e-01	3.019951720402016e-01
446	1.666837862095012e-01	1.698243652461744e-01
456	1.654648479869059e-01	1.659586907437560e-01
457	1.525971230143203e-01	1.548816618912481e-01
471	4.055286733439334e-02	4.073802778041128e-02
502	3.615898381932769e-02	3.630780547701014e-02
503	3.463101797058521e-02	3.467368504525317e-02
573	3.140292771036157e-02	3.162277660168379e-02
601	3.070096845859760e-02	3.090295432513590e-02
610	2.840621601951410e-02	2.884031503126606e-02
631	2.814043116088183e-02	2.818382931264454e-02
644	1.961149837756193e-02	1.995262314968880e-02
682	1.829151306780874e-02	1.862087136662868e-02
683	1.782898438218605e-02	1.819700858609984e-02
688	1.665030626670938e-02	1.698243652461744e-02
695	1.567754390548737e-02	1.584893192461113e-02
743	1.538807436195999e-02	1.548816618912481e-02
757	1.492934657860268e-02	1.513561248436208e-02
762	1.404439901473642e-02	1.412537544622754e-02
767	1.337823141841854e-02	1.348962882591653e-02
785	1.294919804355121e-02	1.318256738556407e-02
789	1.274536318093111e-02	1.288249551693134e-02
858	1.216689349316391e-02	1.230268770812382e-02
868	1.202173387121597e-02	1.202264434617413e-02
905	1.154226969041405e-02	1.174897554939530e-02
920	1.147887609155995e-02	1.148153621496883e-02
972	1.119556003048072e-02	1.122018454301964e-02
982	1.085998756526974e-02	1.096478196143185e-02
1030	1.071240141862262e-02	1.071519305237606e-02
1119	1.045469388640408e-02	1.047128548050900e-02
1219	1.022580732173051e-02	1.023292992280754e-02
1317	9.957862927635230e-03	1.000000000000000e-02
1479	9.727341210951979e-03	9.772372209558112e-03
1519	9.375615727971298e-03	9.549925860214359e-03
1574	8.627049160872979e-03	8.709635899560805e-03
1620	8.329303978242941e-03	8.511380382023767e-03
1642	8.316998962567324e-03	8.317637711026709e-03
1679	7.274731622419761e-03	7.413102413009177e-03
1714	7.242840373030135e-03	7.244359600749898e-03
1758	6.816084236306197e-03	6.918309709189363e-03
1795	6.034592758747737e-03	6.165950018614822e-03
1816	5.529316960103170e-03	5.623413251903491e-03
1889	5.493208273404160e-03	5.495408738576248e-03
1967	4.946392532667154e-03	5.011872336272725e-03
2001	4.941223430596997e-03	5.011872336272725e-03
%
% index = 346, name = bbob_f013_i15_d02__bbob_f013_i16_d02
% instance = 7, reference value = 9.900944911641670e-01
% function evaluation | indicator value | target hit
1	9.210460578191972e-01	9.332543007969910e-01
407	6.944156099446706e-01	7.079457843841379e-01
434	6.583023168183295e-01	6.606934480075960e-01
472	6.252432506489722e-01	6.309573444801932e-01
476	5.885712128627283e-01	5.888436553555889e-01
500	4.713457623049230e-01	4.786300923226383e-01
525	4.239590659594374e-01	4.265795188015927e-01
532	2.492541704088403e-01	2.511886431509580e-01
539	2.162574926018200e-01	2.187761623949552e-01
558	2.131182162618069e-01	2.137962089502232e-01
577	2.045771312229731e-01	2.089296130854039e-01
585	1.607762007467695e-01	1.621810097358930e-01
586	1.357391051329498e-01	1.380384264602885e-01
592	1.219339026161900e-01	1.230268770812381e-01
602	1.066868306797443e-01	1.071519305237607e-01
606	1.038299199240240e-01	1.047128548050900e-01
618	1.009040080271969e-01	1.023292992280754e-01
628	9.956829244842003e-02	1.000000000000000e-01
645	9.479598204538231e-02	9.549925860214359e-02
658	9.219164727699281e-02	9.332543007969910e-02
661	8.738165422089728e-02	8.912509381337455e-02
684	7.938349497228869e-02	7.943282347242814e-02
693	7.520068082469067e-02	7.585775750291836e-02
696	6.796720601261286e-02	6.918309709189366e-02
704	3.304532273826244e-02	3.311311214825911e-02
709	3.120310663862746e-02	3.162277660168379e-02
742	2.979278495757021e-02	3.019951720402016e-02
760	2.895214150745551e-02	2.951209226666385e-02
761	2.047144179024996e-02	2.089296130854040e-02
769	2.023888949262564e-02	2.041737944669529e-02
772	1.870232176837938e-02	1.905460717963247e-02
778	1.861521903199281e-02	1.862087136662868e-02
779	1.807543126351385e-02	1.819700858609984e-02
793	1.758712636208892e-02	1.778279410038923e-02
816	1.729788932295473e-02	1.737800828749375e-02
818	1.579991581462925e-02	1.584893192461113e-02
834	1.409814004351018e-02	1.412537544622754e-02
849	1.377069618071691e-02	1.380384264602885e-02
862	1.332015744698301e-02	1.348962882591653e-02
876	1.272880996930870e-02	1.288249551693134e-02
898	1.002937004114268e-02	1.023292992280754e-02
901	9.103434442621183e-03	9.120108393559097e-03
910	8.210614587444987e-03	8.317637711026709e-03
924	8.107490926288041e-03	8.128305161640995e-03
1024	7.515870820910431e-03	7.585775750291836e-03
1034	7.230299203210944e-03	7.244359600749898e-03
1035	6.939167478700825e-03	7.079457843841380e-03
1047	6.864746024843771e-03	6.918309709189363e-03
1050	6.536910218317593e-03	6.606934480075957e-03
1098	6.434260103986511e-03	6.456542290346556e-03
1138	5.529123536221037e-03	5.623413251903491e-03
1166	5.485233068417084e-03	5.495408738576248e-03
1229	5.276523669406563e-03	5.370317963702527e-03
1234	5.235020784389310e-03	5.248074602497728e-03
1268	4.763107288470736e-03	4.786300923226385e-03
1270	4.653216592324316e-03	4.677351412871981e-03
1292	4.523339700991724e-03	4.570881896148752e-03
1293	4.255826491902703e-03	4.265795188015926e-03
1297	4.062012787742098e-03	4.073802778041126e-03
1333	3.951863006173117e-03	3.981071705534973e-03
1368	3.697030642978438e-03	3.715352290971724e-03
1463	3.608302077696246e-03	3.630780547701014e-03
1484	3.389139816261655e-03	3.467368504525317e-03
1485	3.377234778594640e-03	3.388441561392024e-03
1501	3.291318501925211e-03	3.311311214825911e-03
1523	3.235319005146731e-03	3.235936569296281e-03
1558	3.161360931409174e-03	3.162277660168379e-03
1582	3.086515178712168e-03	3.090295432513592e-03
1655	3.015201295235914e-03	3.019951720402016e-03
1694	2.884496172333550e-03	2.951209226666387e-03
1695	2.861738526240165e-03	2.884031503126605e-03
1755	2.811228310743319e-03	2.818382931264455e-03
1798	2.751993834770761e-03	2.754228703338166e-03
2001	2.702299481822656e-03	2.754228703338166e-03
%
% index = 347, name = bbob_f013_i17_d02__bbob_f013_i18_d02
% instance = 8, reference value = 5.850234135962740e-01
% function evaluation | indicator value | target hit
1	3.130462093093114e-01	3.162277660168379e-01
215	1.897386065786693e-01	1.905460717963247e-01
269	1.855821626169737e-01	1.862087136662867e-01
316	1.744355771061531e-01	1.778279410038923e-01
332	1.652991420880565e-01	1.659586907437560e-01
362	1.504947783470288e-01	1.513561248436208e-01
379	1.425424295854035e-01	1.445439770745928e-01
390	1.406601011214804e-01	1.412537544622754e-01
396	1.379291832641680e-01	1.380384264602885e-01
397	1.343431341610855e-01	1.348962882591654e-01
410	1.317095745884285e-01	1.318256738556407e-01
436	1.195164017953623e-01	1.202264434617413e-01
439	1.108172483625891e-01	1.122018454301964e-01
454	1.073992873371358e-01	1.096478196143185e-01
456	1.068425379015981e-01	1.071519305237607e-01
480	1.032816457579120e-01	1.047128548050900e-01
482	9.853959318373701e-02	1.000000000000000e-01
484	9.000336962924882e-02	9.120108393559097e-02
488	8.071037244632473e-02	8.128305161640990e-02
490	7.770243348605776e-02	7.943282347242814e-02
494	7.640568016020521e-02	7.762471166286916e-02
495	7.220748631259710e-02	7.244359600749903e-02
502	6.821299733637642e-02	6.918309709189366e-02
503	6.725413758984478e-02	6.760829753919818e-02
518	6.474434777391536e-02	6.606934480075961e-02
520	6.412721469548444e-02	6.456542290346556e-02
522	5.594997171256011e-02	5.623413251903491e-02
530	5.370433077296033e-02	5.495408738576246e-02
531	5.284831869329454e-02	5.370317963702527e-02
535	5.110147492598494e-02	5.128613839913648e-02
556	4.992940588057804e-02	5.011872336272722e-02
570	4.744881061394168e-02	4.786300923226382e-02
578	4.675541436547581e-02	4.677351412871981e-02
579	4.543827964594405e-02	4.570881896148749e-02
594	4.192435951475693e-02	4.265795188015926e-02
597	4.137771656813194e-02	4.168693834703355e-02
602	4.042889983078790e-02	4.073802778041128e-02
613	3.962515511855402e-02	3.981071705534973e-02
615	3.883821167057111e-02	3.890451449942807e-02
622	3.779097180093194e-02	3.801893963205612e-02
626	3.513104222660790e-02	3.548133892335755e-02
634	3.427961228365850e-02	3.467368504525317e-02
637	3.269424791849973e-02	3.311311214825911e-02
640	3.217620796929888e-02	3.235936569296283e-02
643	3.156522365724379e-02	3.162277660168379e-02
648	3.041019371652842e-02	3.090295432513590e-02
649	2.814626738389003e-02	2.818382931264454e-02
652	2.687404330595289e-02	2.691534803926915e-02
655	2.625121875650305e-02	2.630267991895381e-02
664	2.545105253075208e-02	2.570395782768863e-02
670	2.506504909090990e-02	2.511886431509579e-02
681	2.443257159375978e-02	2.454708915685030e-02
692	2.392431149826313e-02	2.398832919019490e-02
706	2.337156295301912e-02	2.344228815319923e-02
709	2.242081657658035e-02	2.290867652767773e-02
712	2.231885348231410e-02	2.238721138568340e-02
719	2.186042702847968e-02	2.187761623949553e-02
733	2.137026878769321e-02	2.137962089502233e-02
746	2.089131040978542e-02	2.089296130854040e-02
765	2.037973048987785e-02	2.041737944669529e-02
773	1.994585299956864e-02	1.995262314968880e-02
783	1.936068540075353e-02	1.949844599758046e-02
786	1.901445455823048e-02	1.905460717963247e-02
792	1.851941151992331e-02	1.862087136662868e-02
799	1.813475668786846e-02	1.819700858609984e-02
814	1.766351672954414e-02	1.778279410038923e-02
826	1.736903890770691e-02	1.737800828749375e-02
845	1.694167643979405e-02	1.698243652461744e-02
858	1.653832215664952e-02	1.659586907437561e-02
884	1.621460883162706e-02	1.621810097358930e-02
889	1.492769915075398e-02	1.513561248436208e-02
897	1.478578690645815e-02	1.479108388168207e-02
931	1.442195043532912e-02	1.445439770745927e-02
935	1.404320297480066e-02	1.412537544622754e-02
936	1.364092725167110e-02	1.380384264602885e-02
939	1.344446608561922e-02	1.348962882591653e-02
957	1.317927786073714e-02	1.318256738556407e-02
985	1.284717057659168e-02	1.288249551693134e-02
1024	1.258257107383443e-02	1.258925411794167e-02
1044	1.225077993126655e-02	1.230268770812382e-02
1063	1.193416601951935e-02	1.202264434617413e-02
1092	1.134641355230948e-02	1.148153621496883e-02
1098	1.121816552236232e-02	1.122018454301964e-02
1134	1.088942992382302e-02	1.096478196143185e-02
1171	1.071482764954990e-02	1.071519305237606e-02
1226	1.042311545087804e-02	1.047128548050900e-02
1265	1.022551500146529e-02	1.023292992280754e-02
1344	9.984488828955973e-03	1.000000000000000e-02
1395	9.768539320740066e-03	9.772372209558112e-03
1482	9.546939236961371e-03	9.549925860214359e-03
1611	9.311636141695501e-03	9.332543007969915e-03
1807	9.117002501642824e-03	9.120108393559097e-03
1995	8.670270860521967e-03	8.709635899560805e-03
2001	8.668627101440673e-03	8.709635899560805e-03
%
% index = 348, name = bbob_f013_i19_d02__bbob_f013_i21_d02
% instance = 9, reference value = 8.119801499280680e-01
% function evaluation | indicator value | target hit
1	6.425594646414720e-01	6.456542290346555e-01
221	5.495360385426774e-01	5.495408738576245e-01
279	3.882871164726081e-01	3.890451449942806e-01
306	3.301372351934032e-01	3.311311214825911e-01
324	3.181087195893487e-01	3.235936569296283e-01
345	1.659737644848212e-01	1.698243652461744e-01
347	1.646030613363376e-01	1.659586907437560e-01
383	1.599236907578576e-01	1.621810097358930e-01
385	1.538101087350821e-01	1.548816618912481e-01
410	1.440895541020560e-01	1.445439770745928e-01
413	1.386411053670931e-01	1.412537544622754e-01
421	1.357017196619736e-01	1.380384264602885e-01
427	1.329442175081558e-01	1.348962882591654e-01
432	1.305063305061132e-01	1.318256738556407e-01
459	1.280659938030967e-01	1.288249551693134e-01
465	1.256837124239135e-01	1.258925411794167e-01
480	1.123353257648546e-01	1.148153621496883e-01
481	1.098929474066430e-01	1.122018454301964e-01
486	1.085831142305876e-01	1.096478196143185e-01
505	9.552683725868016e-02	9.772372209558107e-02
514	9.482232537232782e-02	9.549925860214359e-02
517	8.050827311240361e-02	8.128305161640990e-02
528	7.885152750822233e-02	7.943282347242814e-02
532	7.655793194935168e-02	7.762471166286916e-02
547	7.550467092998514e-02	7.585775750291836e-02
548	7.254636828521965e-02	7.413102413009177e-02
559	7.009044549646160e-02	7.079457843841380e-02
572	6.807784813837925e-02	6.918309709189366e-02
574	6.333506405397060e-02	6.456542290346556e-02
577	6.288059523942402e-02	6.309573444801933e-02
578	6.152949129806995e-02	6.165950018614822e-02
589	5.917041701004588e-02	6.025595860743578e-02
592	5.870419094027679e-02	5.888436553555890e-02
618	5.728046094751249e-02	5.754399373371569e-02
636	5.622471419808195e-02	5.623413251903491e-02
637	5.257956613366210e-02	5.370317963702527e-02
638	5.248031915701368e-02	5.248074602497726e-02
654	4.219802050071730e-02	4.265795188015926e-02
655	4.161850809927081e-02	4.168693834703355e-02
666	4.064496563178310e-02	4.073802778041128e-02
678	3.976683207322762e-02	3.981071705534973e-02
706	3.884488383137286e-02	3.890451449942807e-02
727	3.547222095521319e-02	3.548133892335755e-02
762	3.413670052510731e-02	3.467368504525317e-02
763	3.386667605908800e-02	3.388441561392026e-02
794	3.303072069829749e-02	3.311311214825911e-02
829	3.233937263049413e-02	3.235936569296283e-02
845	3.147740137752331e-02	3.162277660168379e-02
856	3.088078388031368e-02	3.090295432513590e-02
875	2.284506131885999e-02	2.290867652767773e-02
893	2.232475884985818e-02	2.238721138568340e-02
904	2.179694530826792e-02	2.187761623949553e-02
907	2.133011179039357e-02	2.137962089502233e-02
942	2.073210576264994e-02	2.089296130854040e-02
960	2.040216444836851e-02	2.041737944669529e-02
963	1.976069883636611e-02	1.995262314968880e-02
973	1.947456639022038e-02	1.949844599758046e-02
1000	1.903256598664682e-02	1.905460717963247e-02
1040	1.860749360768510e-02	1.862087136662868e-02
1108	1.819515450264997e-02	1.819700858609984e-02
1162	1.717469112010539e-02	1.737800828749375e-02
1198	1.696161140051711e-02	1.698243652461744e-02
1255	1.589590331860369e-02	1.621810097358930e-02
1291	1.582788405411895e-02	1.584893192461113e-02
1311	1.543948145241392e-02	1.548816618912481e-02
1352	1.510709145348643e-02	1.513561248436208e-02
1386	1.478613882194757e-02	1.479108388168207e-02
1434	1.444231890654879e-02	1.445439770745927e-02
1472	1.349405789634739e-02	1.380384264602885e-02
1475	1.348894330043982e-02	1.348962882591653e-02
1481	1.265573763873051e-02	1.288249551693134e-02
1505	1.258495664707415e-02	1.258925411794167e-02
1660	1.230000403601983e-02	1.230268770812382e-02
1804	1.201901742166256e-02	1.202264434617413e-02
1827	1.174862312025404e-02	1.174897554939530e-02
1952	1.038117584905596e-02	1.047128548050900e-02
2001	1.033347607122437e-02	1.047128548050900e-02
%
% index = 349, name = bbob_f013_i21_d02__bbob_f013_i22_d02
% instance = 10, reference value = 9.975307324723141e-01
% function evaluation | indicator value | target hit
1	4.180707422658784e+00	4.265795188015927e+00
281	2.894999700299314e+00	2.951209226666386e+00
319	2.351442355815185e+00	2.398832919019490e+00
359	2.158936622543814e+00	2.187761623949553e+00
368	1.510587980128314e+00	1.513561248436208e+00
369	1.170691980989314e+00	1.174897554939530e+00
426	9.718560187387908e-01	9.772372209558107e-01
468	8.722475367543716e-01	8.912509381337456e-01
469	8.631008366816035e-01	8.709635899560807e-01
474	3.555938208571989e-01	3.630780547701014e-01
516	3.412284830028075e-01	3.467368504525316e-01
546	3.381870979916854e-01	3.388441561392025e-01
561	2.943814267312460e-01	2.951209226666385e-01
569	2.777444969828494e-01	2.818382931264454e-01
616	2.528471672566082e-01	2.570395782768864e-01
623	2.462668225993395e-01	2.511886431509580e-01
629	1.689630619960047e-01	1.698243652461744e-01
648	1.367854536151841e-01	1.380384264602885e-01
652	1.348661284670676e-01	1.348962882591654e-01
667	1.020117285028342e-01	1.023292992280754e-01
675	7.786126888994982e-02	7.943282347242814e-02
682	6.462218261068375e-02	6.606934480075961e-02
693	5.200898136751475e-02	5.248074602497726e-02
740	3.419588004067531e-02	3.467368504525317e-02
744	2.692752377102237e-02	2.754228703338166e-02
758	2.437380301106185e-02	2.454708915685030e-02
780	2.167561702672871e-02	2.187761623949553e-02
782	2.109221665360217e-02	2.137962089502233e-02
794	2.044487823337038e-02	2.089296130854040e-02
831	2.035905045586006e-02	2.041737944669529e-02
847	1.827422368805109e-02	1.862087136662868e-02
854	1.805741947178963e-02	1.819700858609984e-02
876	1.715729916821196e-02	1.737800828749375e-02
903	1.637583879083160e-02	1.659586907437561e-02
906	1.594361407123235e-02	1.621810097358930e-02
909	1.558199087989942e-02	1.584893192461113e-02
913	1.545278775946490e-02	1.548816618912481e-02
917	1.152373717568267e-02	1.174897554939530e-02
921	1.125287886114723e-02	1.148153621496883e-02
932	1.095431448250794e-02	1.096478196143185e-02
939	1.066069157958660e-02	1.071519305237606e-02
943	1.037982677201843e-02	1.047128548050900e-02
944	1.021993170622926e-02	1.023292992280754e-02
952	8.908037830741899e-03	8.912509381337459e-03
953	8.108506244790981e-03	8.128305161640995e-03
959	7.471475980427078e-03	7.585775750291836e-03
961	7.408787068087674e-03	7.413102413009177e-03
973	5.947698311004945e-03	6.025595860743574e-03
1008	5.738409803442979e-03	5.754399373371567e-03
1042	5.117969321926319e-03	5.128613839913648e-03
1052	4.780379052102712e-03	4.786300923226385e-03
1102	4.360327003317344e-03	4.365158322401661e-03
1152	4.259667485271068e-03	4.265795188015926e-03
1265	4.168049969016874e-03	4.168693834703355e-03
1282	4.065628687098366e-03	4.073802778041126e-03
1299	3.768397391535450e-03	3.801893963205613e-03
1626	3.715235487132262e-03	3.715352290971724e-03
1968	3.588157133846748e-03	3.630780547701014e-03
2001	3.588056231261905e-03	3.630780547701014e-03
