%
% index = 350, name = bbob_f013_i02_d02__bbob_f014_i04_d02
% instance = 1, reference value = 9.459136580691730e-01
% function evaluation | indicator value | target hit
1	1.612723902162172e-01	1.621810097358930e-01
223	1.418498284278944e-01	1.445439770745928e-01
371	1.402832294875315e-01	1.412537544622754e-01
376	1.103687044212810e-01	1.122018454301964e-01
424	1.053532278744597e-01	1.071519305237607e-01
482	9.872608895882840e-02	1.000000000000000e-01
510	9.136140977258622e-02	9.332543007969910e-02
513	6.598030756200679e-02	6.606934480075961e-02
555	6.343887295122042e-02	6.456542290346556e-02
556	5.056724035077265e-02	5.128613839913648e-02
567	4.854976275283440e-02	4.897788193684462e-02
584	4.754432051103219e-02	4.786300923226382e-02
612	4.476409935171011e-02	4.570881896148749e-02
617	4.381553751317757e-02	4.466835921509630e-02
635	4.052990130178424e-02	4.073802778041128e-02
644	3.785569197608418e-02	3.801893963205612e-02
647	3.562406230220938e-02	3.630780547701014e-02
660	3.529100421463049e-02	3.548133892335755e-02
662	3.400090499155140e-02	3.467368504525317e-02
679	3.381108445121228e-02	3.388441561392026e-02
681	3.236907501191455e-02	3.311311214825911e-02
687	3.219233963229806e-02	3.235936569296283e-02
688	2.993330190383736e-02	3.019951720402016e-02
689	2.900767065355769e-02	2.951209226666385e-02
690	2.869793379357355e-02	2.884031503126606e-02
693	2.801784472673863e-02	2.818382931264454e-02
698	2.701419027342922e-02	2.754228703338166e-02
699	2.689047030788938e-02	2.691534803926915e-02
700	2.579020859289904e-02	2.630267991895381e-02
702	2.544144395251546e-02	2.570395782768863e-02
722	2.504408831916649e-02	2.511886431509579e-02
729	2.447514450003274e-02	2.454708915685030e-02
744	2.329223049906937e-02	2.344228815319923e-02
752	2.285452175383651e-02	2.290867652767773e-02
754	2.228944489373308e-02	2.238721138568340e-02
759	2.141167671171806e-02	2.187761623949553e-02
763	2.131967810707569e-02	2.137962089502233e-02
772	1.988206015243710e-02	1.995262314968880e-02
792	1.883078517117909e-02	1.905460717963247e-02
799	1.853605014315596e-02	1.862087136662868e-02
811	1.815126100433018e-02	1.819700858609984e-02
820	1.763666684200371e-02	1.778279410038923e-02
832	1.731456464833347e-02	1.737800828749375e-02
842	1.695649678919997e-02	1.698243652461744e-02
846	1.635661238288366e-02	1.659586907437561e-02
850	1.588074951643326e-02	1.621810097358930e-02
851	1.580512049623162e-02	1.584893192461113e-02
853	1.531128351943956e-02	1.548816618912481e-02
859	1.450258091116130e-02	1.479108388168207e-02
866	1.443443577451975e-02	1.445439770745927e-02
884	1.387052776505793e-02	1.412537544622754e-02
888	1.376383386453184e-02	1.380384264602885e-02
890	1.317620307103995e-02	1.318256738556407e-02
895	1.284090303107610e-02	1.288249551693134e-02
903	1.249945019544618e-02	1.258925411794167e-02
920	1.228327272611418e-02	1.230268770812382e-02
928	1.191459984955967e-02	1.202264434617413e-02
938	1.162061084331900e-02	1.174897554939530e-02
946	1.143358652853277e-02	1.148153621496883e-02
951	1.114310959911513e-02	1.122018454301964e-02
966	1.078964893014511e-02	1.096478196143185e-02
967	1.063851375636549e-02	1.071519305237606e-02
983	1.045639442441748e-02	1.047128548050900e-02
990	1.013259392923926e-02	1.023292992280754e-02
993	9.988445447478123e-03	1.000000000000000e-02
996	9.408427005257347e-03	9.549925860214359e-03
997	9.170534546815157e-03	9.332543007969915e-03
1002	8.801920007308839e-03	8.912509381337459e-03
1003	8.595343077083206e-03	8.709635899560805e-03
1010	8.408198481626550e-03	8.511380382023767e-03
1012	8.308162847026956e-03	8.317637711026709e-03
1023	8.127477032276120e-03	8.128305161640995e-03
1025	7.920421677280909e-03	7.943282347242814e-03
1048	7.694184136390780e-03	7.762471166286920e-03
1056	7.585492333985755e-03	7.585775750291836e-03
1060	7.389254405065548e-03	7.413102413009177e-03
1070	7.241348760544719e-03	7.244359600749898e-03
1088	7.060363762409927e-03	7.079457843841380e-03
1115	6.835544792652470e-03	6.918309709189363e-03
1129	6.736410253890379e-03	6.760829753919818e-03
1176	6.605242280026680e-03	6.606934480075957e-03
1194	6.421047123676971e-03	6.456542290346556e-03
1224	6.302455487091518e-03	6.309573444801930e-03
1237	6.124635604194739e-03	6.165950018614822e-03
1282	6.021736256555110e-03	6.025595860743574e-03
1337	5.886183438394865e-03	5.888436553555890e-03
1403	5.740721795292947e-03	5.754399373371567e-03
1453	5.590575867956971e-03	5.623413251903491e-03
1570	5.378633573258407e-03	5.495408738576248e-03
1574	5.370032904170818e-03	5.370317963702527e-03
1623	5.237429713228603e-03	5.248074602497728e-03
1667	5.081608060955034e-03	5.128613839913648e-03
1692	5.005672548503703e-03	5.011872336272725e-03
1745	4.882175807352507e-03	4.897788193684461e-03
1797	4.783684451657555e-03	4.786300923226385e-03
1967	4.633589750898892e-03	4.677351412871981e-03
2001	4.609475688542419e-03	4.677351412871981e-03
%
% index = 351, name = bbob_f013_i03_d02__bbob_f014_i05_d02
% instance = 2, reference value = 9.823388801017690e-01
% function evaluation | indicator value | target hit
1	5.531070903839119e-01	5.623413251903491e-01
212	2.600874648264232e-01	2.630267991895382e-01
329	2.531884151177908e-01	2.570395782768864e-01
337	2.118897908067348e-01	2.137962089502232e-01
348	1.902564094042877e-01	1.905460717963247e-01
360	1.314750957691034e-01	1.318256738556407e-01
362	1.117294741490845e-01	1.122018454301964e-01
402	9.953511513258473e-02	1.000000000000000e-01
464	9.763042041795089e-02	9.772372209558107e-02
505	7.470679234486222e-02	7.585775750291836e-02
516	5.242284047953627e-02	5.248074602497726e-02
552	4.010387072673549e-02	4.073802778041128e-02
562	3.366329075560104e-02	3.388441561392026e-02
572	2.953847028786660e-02	3.019951720402016e-02
588	2.910393524930155e-02	2.951209226666385e-02
619	2.876039878660153e-02	2.884031503126606e-02
642	2.818209730413468e-02	2.818382931264454e-02
704	2.100146620760757e-02	2.137962089502233e-02
705	2.072971359408415e-02	2.089296130854040e-02
720	2.036296387447678e-02	2.041737944669529e-02
764	1.960368954521119e-02	1.995262314968880e-02
792	1.906563685146090e-02	1.949844599758046e-02
796	1.903148295336299e-02	1.905460717963247e-02
823	1.854743663492642e-02	1.862087136662868e-02
845	1.819619481381929e-02	1.819700858609984e-02
883	1.775846968146344e-02	1.778279410038923e-02
898	1.721802081432999e-02	1.737800828749375e-02
920	1.522428706948009e-02	1.548816618912481e-02
921	1.255880115730246e-02	1.258925411794167e-02
978	1.184302351809197e-02	1.202264434617413e-02
993	1.165564419022680e-02	1.174897554939530e-02
1019	1.147878089690235e-02	1.148153621496883e-02
1042	1.121028173174210e-02	1.122018454301964e-02
1055	7.584549908850491e-03	7.585775750291836e-03
1082	7.390879943494411e-03	7.413102413009177e-03
1126	7.234584487085804e-03	7.244359600749898e-03
1161	6.803140283245579e-03	6.918309709189363e-03
1223	6.577181896399775e-03	6.606934480075957e-03
1226	6.414207936446537e-03	6.456542290346556e-03
1247	6.283070530639590e-03	6.309573444801930e-03
1294	5.875731565345710e-03	5.888436553555890e-03
1355	5.746498265857491e-03	5.754399373371567e-03
1445	5.619825872227091e-03	5.623413251903491e-03
1491	4.732334609303446e-03	4.786300923226385e-03
1572	3.214207524127821e-03	3.235936569296281e-03
1579	3.145267359868753e-03	3.162277660168379e-03
1631	3.080064487464895e-03	3.090295432513592e-03
1677	2.915209923069928e-03	2.951209226666387e-03
1684	2.038350298396829e-03	2.041737944669530e-03
1738	1.967552689915109e-03	1.995262314968879e-03
1752	1.939326205933622e-03	1.949844599758046e-03
1823	1.905388403619979e-03	1.905460717963246e-03
1839	1.703848174924527e-03	1.737800828749376e-03
1852	1.698229425343811e-03	1.698243652461744e-03
1913	1.655080700384781e-03	1.659586907437561e-03
1914	1.621153153736676e-03	1.621810097358930e-03
1953	1.570125538276734e-03	1.584893192461114e-03
1958	1.542543040902955e-03	1.548816618912481e-03
1963	1.064549248196434e-03	1.071519305237606e-03
2001	1.056542902316271e-03	1.071519305237606e-03
%
% index = 352, name = bbob_f013_i07_d02__bbob_f014_i08_d02
% instance = 3, reference value = 8.087744018546550e-01
% function evaluation | indicator value | target hit
1	1.083400775509794e+01	1.096478196143185e+01
30	6.269753666311789e+00	6.309573444801933e+00
142	2.810418139073110e+00	2.818382931264454e+00
233	2.618760776872235e+00	2.630267991895382e+00
288	4.955073784724677e-01	5.011872336272722e-01
355	4.741926866322280e-01	4.786300923226383e-01
438	4.081811407942212e-01	4.168693834703354e-01
480	4.032009425325126e-01	4.073802778041127e-01
518	3.897619538626725e-01	3.981071705534972e-01
519	3.877907268188753e-01	3.890451449942806e-01
530	3.800615867646489e-01	3.801893963205612e-01
553	2.654674071828320e-01	2.691534803926916e-01
576	2.587159301555857e-01	2.630267991895382e-01
577	2.523317235864146e-01	2.570395782768864e-01
590	2.506927345936399e-01	2.511886431509580e-01
591	2.352051698930719e-01	2.398832919019490e-01
605	2.333535358103065e-01	2.344228815319922e-01
609	2.263415819105937e-01	2.290867652767773e-01
622	2.142849212403106e-01	2.187761623949552e-01
623	2.007229654603478e-01	2.041737944669530e-01
653	1.805779089767612e-01	1.819700858609984e-01
654	1.692262830757728e-01	1.698243652461744e-01
658	1.546509352798229e-01	1.548816618912481e-01
664	1.277800474645886e-01	1.288249551693134e-01
665	1.215313144814619e-01	1.230268770812381e-01
680	1.126629723215624e-01	1.148153621496883e-01
683	1.054256344537033e-01	1.071519305237607e-01
691	1.030376500104615e-01	1.047128548050900e-01
710	9.925448646246748e-02	1.000000000000000e-01
713	9.657056714690893e-02	9.772372209558107e-02
721	9.412877220870131e-02	9.549925860214359e-02
740	8.000835851641397e-02	8.128305161640990e-02
748	7.552221982861118e-02	7.585775750291836e-02
756	7.402908088935645e-02	7.413102413009177e-02
762	7.219557715562586e-02	7.244359600749903e-02
767	7.056312544886689e-02	7.079457843841380e-02
786	6.737537971224516e-02	6.760829753919818e-02
802	6.593686922943087e-02	6.606934480075961e-02
805	6.311566699270976e-02	6.456542290346556e-02
810	5.855415178904322e-02	5.888436553555890e-02
828	5.433861796744199e-02	5.495408738576246e-02
833	5.367567306892518e-02	5.370317963702527e-02
837	5.140873246522404e-02	5.248074602497726e-02
838	5.114251239064127e-02	5.128613839913648e-02
850	4.861147539206068e-02	4.897788193684462e-02
851	4.734072616760299e-02	4.786300923226382e-02
853	4.557692770716515e-02	4.570881896148749e-02
855	4.449226233681414e-02	4.466835921509630e-02
856	4.299478762414477e-02	4.365158322401658e-02
862	4.163002874278554e-02	4.168693834703355e-02
864	3.956839805546908e-02	3.981071705534973e-02
877	3.859572210318862e-02	3.890451449942807e-02
884	3.801453868845261e-02	3.801893963205612e-02
896	3.699481197964993e-02	3.715352290971726e-02
912	3.602319966750578e-02	3.630780547701014e-02
924	3.538619119126907e-02	3.548133892335755e-02
930	3.445306773127998e-02	3.467368504525317e-02
937	3.285440584009691e-02	3.311311214825911e-02
949	3.232116473973545e-02	3.235936569296283e-02
962	3.160078461371607e-02	3.162277660168379e-02
973	3.037426564670953e-02	3.090295432513590e-02
987	2.949776083707711e-02	2.951209226666385e-02
1011	2.848975043888069e-02	2.884031503126606e-02
1014	2.793474547498775e-02	2.818382931264454e-02
1017	2.723275971015959e-02	2.754228703338166e-02
1022	2.682385083453220e-02	2.691534803926915e-02
1034	2.595828358814889e-02	2.630267991895381e-02
1039	2.555776384446751e-02	2.570395782768863e-02
1056	2.501888205388370e-02	2.511886431509579e-02
1063	2.453361591469261e-02	2.454708915685030e-02
1079	2.390499589201633e-02	2.398832919019490e-02
1093	2.339166761701161e-02	2.344228815319923e-02
1103	2.285978499782182e-02	2.290867652767773e-02
1116	2.236083713876358e-02	2.238721138568340e-02
1127	2.149574030730250e-02	2.187761623949553e-02
1131	2.124343949443941e-02	2.137962089502233e-02
1132	2.084747398054509e-02	2.089296130854040e-02
1151	2.038196495852496e-02	2.041737944669529e-02
1166	1.993283238523014e-02	1.995262314968880e-02
1186	1.946390619029159e-02	1.949844599758046e-02
1205	1.892694047885657e-02	1.905460717963247e-02
1211	1.861783589306809e-02	1.862087136662868e-02
1240	1.794518395328926e-02	1.819700858609984e-02
1245	1.774019544008709e-02	1.778279410038923e-02
1266	1.728302967503659e-02	1.737800828749375e-02
1274	1.697408874460338e-02	1.698243652461744e-02
1284	1.658493769043989e-02	1.659586907437561e-02
1305	1.620695507717484e-02	1.621810097358930e-02
1330	1.582060815804498e-02	1.584893192461113e-02
1339	1.548747884637125e-02	1.548816618912481e-02
1359	1.503184756930687e-02	1.513561248436208e-02
1365	1.478722962314893e-02	1.479108388168207e-02
1385	1.443623396194815e-02	1.445439770745927e-02
1392	1.406930330183220e-02	1.412537544622754e-02
1412	1.378015023888479e-02	1.380384264602885e-02
1431	1.342810782969572e-02	1.348962882591653e-02
1439	1.317996882566841e-02	1.318256738556407e-02
1449	1.253417159142001e-02	1.258925411794167e-02
1461	1.229220699007372e-02	1.230268770812382e-02
1473	1.166905548336372e-02	1.174897554939530e-02
1487	1.147329902877925e-02	1.148153621496883e-02
1488	1.113364535800487e-02	1.122018454301964e-02
1515	1.095817034788993e-02	1.096478196143185e-02
1530	1.069774734537687e-02	1.071519305237606e-02
1551	1.045866526396622e-02	1.047128548050900e-02
1580	1.022538506981430e-02	1.023292992280754e-02
1607	9.987028899755224e-03	1.000000000000000e-02
1624	9.757971805442578e-03	9.772372209558112e-03
1645	9.536169553408969e-03	9.549925860214359e-03
1668	9.330884878480217e-03	9.332543007969915e-03
1679	9.098285541395468e-03	9.120108393559097e-03
1708	8.890752751363640e-03	8.912509381337459e-03
1728	8.699094991631684e-03	8.709635899560805e-03
1743	8.510002030105435e-03	8.511380382023767e-03
1755	8.306931313261101e-03	8.317637711026709e-03
1768	8.001318526318468e-03	8.128305161640995e-03
1773	7.939269363941404e-03	7.943282347242814e-03
1795	7.759711472701603e-03	7.762471166286920e-03
1818	7.584445968934705e-03	7.585775750291836e-03
1846	7.408870708064730e-03	7.413102413009177e-03
1871	7.239938270184321e-03	7.244359600749898e-03
1892	6.966934810674230e-03	7.079457843841380e-03
1897	6.912680194702925e-03	6.918309709189363e-03
1928	6.759738113314206e-03	6.760829753919818e-03
1945	6.605725300055432e-03	6.606934480075957e-03
1968	6.442210122421965e-03	6.456542290346556e-03
1990	6.287761842116657e-03	6.309573444801930e-03
2001	6.222166653983674e-03	6.309573444801930e-03
%
% index = 353, name = bbob_f013_i09_d02__bbob_f014_i10_d02
% instance = 4, reference value = 9.132019436335610e-01
% function evaluation | indicator value | target hit
1	3.635729381749755e-01	3.715352290971726e-01
105	3.474173180371496e-01	3.548133892335755e-01
155	3.446869490806204e-01	3.467368504525316e-01
172	2.419223144965646e-01	2.454708915685030e-01
182	2.391071020250621e-01	2.398832919019490e-01
262	2.340219920658347e-01	2.344228815319922e-01
278	2.115393143482506e-01	2.137962089502232e-01
288	2.062876354621869e-01	2.089296130854039e-01
328	2.033446086201942e-01	2.041737944669530e-01
333	1.995121866788269e-01	1.995262314968880e-01
345	1.686851946685424e-01	1.698243652461744e-01
361	1.406333561335863e-01	1.412537544622754e-01
370	1.005424687477952e-01	1.023292992280754e-01
384	9.779210273005223e-02	1.000000000000000e-01
385	8.780379639840241e-02	8.912509381337455e-02
391	8.665860612733911e-02	8.709635899560805e-02
410	8.492380973852620e-02	8.511380382023763e-02
418	8.018391691415327e-02	8.128305161640990e-02
440	7.937641701554510e-02	7.943282347242814e-02
442	7.638147262989670e-02	7.762471166286916e-02
443	7.548350072718857e-02	7.585775750291836e-02
467	4.481115619754772e-02	4.570881896148749e-02
476	4.245479192168555e-02	4.265795188015926e-02
477	4.090038579461541e-02	4.168693834703355e-02
482	4.060620819761707e-02	4.073802778041128e-02
496	3.723572182480839e-02	3.801893963205612e-02
497	3.669167707437238e-02	3.715352290971726e-02
509	3.611605822505481e-02	3.630780547701014e-02
512	3.519605718526653e-02	3.548133892335755e-02
513	3.454580227795168e-02	3.467368504525317e-02
516	3.107056924385787e-02	3.162277660168379e-02
532	3.089714826138223e-02	3.090295432513590e-02
547	2.881155169433713e-02	2.884031503126606e-02
568	2.813994322346069e-02	2.818382931264454e-02
572	2.672806739596034e-02	2.691534803926915e-02
573	2.558725682397722e-02	2.570395782768863e-02
605	2.494847694480251e-02	2.511886431509579e-02
625	2.354811049213756e-02	2.398832919019490e-02
626	2.321659458741876e-02	2.344228815319923e-02
627	2.250669652371218e-02	2.290867652767773e-02
631	2.230132088188708e-02	2.238721138568340e-02
663	2.166626098562119e-02	2.187761623949553e-02
670	2.137511171096440e-02	2.137962089502233e-02
692	2.032808517659834e-02	2.041737944669529e-02
705	1.982204528374243e-02	1.995262314968880e-02
709	1.937342782874352e-02	1.949844599758046e-02
716	1.903963762693661e-02	1.905460717963247e-02
728	1.716302782419377e-02	1.737800828749375e-02
732	1.688276218030405e-02	1.698243652461744e-02
741	1.548056895969685e-02	1.548816618912481e-02
761	1.503277493709343e-02	1.513561248436208e-02
763	1.477908768677860e-02	1.479108388168207e-02
776	1.408145747013112e-02	1.412537544622754e-02
796	1.377373476747445e-02	1.380384264602885e-02
802	1.308799069140953e-02	1.318256738556407e-02
813	1.287477911077872e-02	1.288249551693134e-02
839	1.258797451901228e-02	1.258925411794167e-02
863	1.222320604582572e-02	1.230268770812382e-02
887	1.200817221648709e-02	1.202264434617413e-02
913	1.167990782316308e-02	1.174897554939530e-02
921	1.105246760409839e-02	1.122018454301964e-02
942	1.096472209839727e-02	1.096478196143185e-02
969	1.070426377199496e-02	1.071519305237606e-02
1005	1.044779218866876e-02	1.047128548050900e-02
1008	9.419094892764934e-03	9.549925860214359e-03
1033	9.297186032288129e-03	9.332543007969915e-03
1042	9.118333487130204e-03	9.120108393559097e-03
1043	8.264861015290559e-03	8.317637711026709e-03
1067	8.127394417248190e-03	8.128305161640995e-03
1123	7.936237963238724e-03	7.943282347242814e-03
1139	6.400517097836622e-03	6.456542290346556e-03
1155	6.301641449487971e-03	6.309573444801930e-03
1163	6.142787241758874e-03	6.165950018614822e-03
1201	5.912514021846893e-03	6.025595860743574e-03
1217	5.887118736029429e-03	5.888436553555890e-03
1269	5.746271357727983e-03	5.754399373371567e-03
1307	5.615872170654401e-03	5.623413251903491e-03
1413	5.371920272562725e-03	5.495408738576248e-03
1419	5.369668554197959e-03	5.370317963702527e-03
1422	5.042160736198564e-03	5.128613839913648e-03
1423	4.850329915219609e-03	4.897788193684461e-03
1465	4.057142482348453e-03	4.073802778041126e-03
1536	3.629877163774498e-03	3.630780547701014e-03
1560	3.547042906078435e-03	3.548133892335753e-03
1664	3.298550034458003e-03	3.311311214825911e-03
1733	3.168400326200027e-03	3.235936569296281e-03
1742	3.157327833130386e-03	3.162277660168379e-03
1812	2.820736992361517e-03	2.884031503126605e-03
1813	2.487892212003850e-03	2.511886431509579e-03
1850	2.447205556176724e-03	2.454708915685031e-03
1854	2.392280085625975e-03	2.398832919019490e-03
1886	2.267896264824043e-03	2.290867652767772e-03
1887	2.211828969157281e-03	2.238721138568340e-03
1912	2.186306295547835e-03	2.187761623949552e-03
1942	2.071007186854934e-03	2.089296130854039e-03
1943	2.039875171598204e-03	2.041737944669530e-03
1980	1.987484066232947e-03	1.995262314968879e-03
2001	1.969120480230568e-03	1.995262314968879e-03
%
% index = 354, name = bbob_f013_i11_d02__bbob_f014_i12_d02
% instance = 5, reference value = 7.714614426654050e-01
% function evaluation | indicator value | target hit
1	9.457908842584049e-01	9.549925860214360e-01
202	6.778017657295519e-01	6.918309709189365e-01
272	5.102614704026057e-01	5.128613839913648e-01
273	4.521044945214935e-01	4.570881896148750e-01
366	4.454204467898832e-01	4.466835921509631e-01
378	4.260433513794218e-01	4.265795188015927e-01
386	2.719959676736846e-01	2.754228703338166e-01
397	2.549191539901313e-01	2.570395782768864e-01
399	1.663171989391570e-01	1.698243652461744e-01
404	1.527499899432185e-01	1.548816618912481e-01
405	1.194084694239359e-01	1.202264434617413e-01
406	1.152202966769813e-01	1.174897554939529e-01
407	1.102094674168803e-01	1.122018454301964e-01
417	1.070922602194486e-01	1.071519305237607e-01
422	9.548879797940613e-02	9.549925860214359e-02
429	8.788018633230155e-02	8.912509381337455e-02
456	8.603187396447076e-02	8.709635899560805e-02
458	7.347731007514369e-02	7.413102413009177e-02
485	7.200385302323431e-02	7.244359600749903e-02
490	6.902534561644136e-02	6.918309709189366e-02
492	6.598269712412641e-02	6.606934480075961e-02
502	6.432455264709747e-02	6.456542290346556e-02
508	5.608006443996627e-02	5.623413251903491e-02
509	4.182995508469667e-02	4.265795188015926e-02
522	4.097526772078885e-02	4.168693834703355e-02
542	3.992820715538092e-02	4.073802778041128e-02
544	3.978090027955794e-02	3.981071705534973e-02
545	3.828673767111890e-02	3.890451449942807e-02
546	3.788497796466173e-02	3.801893963205612e-02
556	3.145000290901367e-02	3.162277660168379e-02
557	2.980101487569486e-02	3.019951720402016e-02
562	2.928496971468852e-02	2.951209226666385e-02
568	2.817521106949616e-02	2.818382931264454e-02
576	2.706006883488310e-02	2.754228703338166e-02
582	2.668197424727170e-02	2.691534803926915e-02
583	2.598145953243036e-02	2.630267991895381e-02
584	2.505879999003890e-02	2.511886431509579e-02
593	2.447035786875718e-02	2.454708915685030e-02
602	2.385204494405857e-02	2.398832919019490e-02
608	2.289229012952421e-02	2.290867652767773e-02
611	2.229395026168768e-02	2.238721138568340e-02
617	2.174198076540534e-02	2.187761623949553e-02
627	2.053162599802782e-02	2.089296130854040e-02
630	2.031759994074522e-02	2.041737944669529e-02
634	1.992463083428508e-02	1.995262314968880e-02
636	1.940276156078202e-02	1.949844599758046e-02
644	1.867303486056948e-02	1.905460717963247e-02
648	1.784031799358643e-02	1.819700858609984e-02
653	1.776825550016381e-02	1.778279410038923e-02
661	1.730016367345266e-02	1.737800828749375e-02
665	1.681811810848644e-02	1.698243652461744e-02
668	1.655530886337520e-02	1.659586907437561e-02
675	1.621513910034666e-02	1.621810097358930e-02
682	1.532648954148630e-02	1.548816618912481e-02
685	1.508753539015195e-02	1.513561248436208e-02
692	1.464375381269034e-02	1.479108388168207e-02
693	1.442828261197404e-02	1.445439770745927e-02
698	1.410420001884893e-02	1.412537544622754e-02
703	1.374060967775192e-02	1.380384264602885e-02
708	1.348609626091546e-02	1.348962882591653e-02
717	1.317845287338681e-02	1.318256738556407e-02
723	1.268094033388667e-02	1.288249551693134e-02
724	1.252682759337131e-02	1.258925411794167e-02
733	1.226931266850062e-02	1.230268770812382e-02
736	1.201886979111344e-02	1.202264434617413e-02
742	1.142575859934036e-02	1.148153621496883e-02
746	1.109993145870458e-02	1.122018454301964e-02
749	1.057013011407315e-02	1.071519305237606e-02
758	1.029121719466330e-02	1.047128548050900e-02
762	1.022189061309120e-02	1.023292992280754e-02
769	9.947649941497327e-03	1.000000000000000e-02
773	9.675378464470308e-03	9.772372209558112e-03
779	9.513659911734473e-03	9.549925860214359e-03
789	9.284007433317254e-03	9.332543007969915e-03
800	9.107410418112472e-03	9.120108393559097e-03
808	8.869423588953040e-03	8.912509381337459e-03
814	8.697068818468212e-03	8.709635899560805e-03
821	8.462697043838507e-03	8.511380382023767e-03
826	8.317358280010900e-03	8.317637711026709e-03
833	8.097468480243175e-03	8.128305161640995e-03
850	7.917140437359582e-03	7.943282347242814e-03
857	7.762121313533599e-03	7.762471166286920e-03
864	7.581032407676269e-03	7.585775750291836e-03
875	7.362422018524439e-03	7.413102413009177e-03
894	7.144237206478388e-03	7.244359600749898e-03
900	7.075973193827578e-03	7.079457843841380e-03
919	6.911251685854936e-03	6.918309709189363e-03
938	6.759986907160731e-03	6.760829753919818e-03
952	6.604640936764161e-03	6.606934480075957e-03
953	6.380623421468834e-03	6.456542290346556e-03
959	6.305458847233325e-03	6.309573444801930e-03
979	6.138727486532214e-03	6.165950018614822e-03
1003	6.024809605514658e-03	6.025595860743574e-03
1011	5.823785527768188e-03	5.888436553555890e-03
1028	5.751460088627480e-03	5.754399373371567e-03
1049	5.621661746561091e-03	5.623413251903491e-03
1074	5.495389510669191e-03	5.495408738576248e-03
1097	5.369843526667917e-03	5.370317963702527e-03
1129	5.239353530797075e-03	5.248074602497728e-03
1159	4.950584633919508e-03	5.011872336272725e-03
1168	4.811951288935079e-03	4.897788193684461e-03
1189	4.784117501586360e-03	4.786300923226385e-03
1214	4.668997432344391e-03	4.677351412871981e-03
1222	4.563461084390319e-03	4.570881896148752e-03
1254	4.465940285529157e-03	4.466835921509630e-03
1330	4.364841262560648e-03	4.365158322401661e-03
1371	4.257440104746713e-03	4.265795188015926e-03
1393	4.132520637993076e-03	4.168693834703355e-03
1437	4.069336378972443e-03	4.073802778041126e-03
1467	3.971195047553611e-03	3.981071705534973e-03
1555	3.888635721857381e-03	3.890451449942805e-03
1609	3.793417889362383e-03	3.801893963205613e-03
1689	3.715179342385300e-03	3.715352290971724e-03
1794	3.630251536324569e-03	3.630780547701014e-03
1892	3.544938148273835e-03	3.548133892335753e-03
2001	3.478381476655024e-03	3.548133892335753e-03
%
% index = 355, name = bbob_f013_i13_d02__bbob_f014_i14_d02
% instance = 6, reference value = 9.336957637078150e-01
% function evaluation | indicator value | target hit
1	4.084531987646129e-01	4.168693834703354e-01
337	1.510344356330223e-01	1.513561248436208e-01
414	1.095647294053036e-01	1.096478196143185e-01
424	1.037880211291985e-01	1.047128548050900e-01
434	7.081833301644835e-02	7.244359600749903e-02
435	6.900578522037792e-02	6.918309709189366e-02
452	6.446812797529866e-02	6.456542290346556e-02
464	5.186544182595654e-02	5.248074602497726e-02
471	4.124057880052512e-02	4.168693834703355e-02
490	4.023228713846283e-02	4.073802778041128e-02
507	3.871051814807525e-02	3.890451449942807e-02
529	3.533800724909719e-02	3.548133892335755e-02
555	3.457147182316644e-02	3.467368504525317e-02
559	2.826170153032825e-02	2.884031503126606e-02
564	2.735069853856043e-02	2.754228703338166e-02
602	2.488445284845719e-02	2.511886431509579e-02
606	2.121370948518086e-02	2.137962089502233e-02
615	2.072844570139842e-02	2.089296130854040e-02
617	2.032640964626009e-02	2.041737944669529e-02
626	1.955139411755502e-02	1.995262314968880e-02
627	1.934689972274894e-02	1.949844599758046e-02
646	1.903492454312172e-02	1.905460717963247e-02
653	1.844620003262687e-02	1.862087136662868e-02
654	1.613439913537362e-02	1.621810097358930e-02
668	1.583234499063058e-02	1.584893192461113e-02
692	1.485853215951183e-02	1.513561248436208e-02
706	1.166380873830153e-02	1.174897554939530e-02
707	1.146661265462023e-02	1.148153621496883e-02
708	9.345532135434209e-03	9.549925860214359e-03
709	9.255103187519875e-03	9.332543007969915e-03
721	9.052697753614503e-03	9.120108393559097e-03
730	8.746571270577652e-03	8.912509381337459e-03
735	8.455880878722954e-03	8.511380382023767e-03
737	8.253819163701603e-03	8.317637711026709e-03
752	7.228547581289879e-03	7.244359600749898e-03
757	7.044509953299527e-03	7.079457843841380e-03
760	6.792681401321610e-03	6.918309709189363e-03
761	6.197026797020722e-03	6.309573444801930e-03
762	5.941879591838228e-03	6.025595860743574e-03
763	5.728490587911028e-03	5.754399373371567e-03
768	5.321410069582311e-03	5.370317963702527e-03
782	5.192734727962556e-03	5.248074602497728e-03
799	5.124724210744502e-03	5.128613839913648e-03
808	4.920033163596349e-03	5.011872336272725e-03
813	4.858015292649953e-03	4.897788193684461e-03
814	4.783632046345909e-03	4.786300923226385e-03
823	4.660041895190203e-03	4.677351412871981e-03
833	4.402718140755324e-03	4.466835921509630e-03
840	4.364506960872983e-03	4.365158322401661e-03
852	4.255103575424912e-03	4.265795188015926e-03
857	4.161872476775352e-03	4.168693834703355e-03
867	4.020044989921367e-03	4.073802778041126e-03
872	3.972938841115048e-03	3.981071705534973e-03
873	3.889866214898952e-03	3.890451449942805e-03
880	3.763745837847332e-03	3.801893963205613e-03
889	3.687179710977762e-03	3.715352290971724e-03
895	3.525492215991188e-03	3.548133892335753e-03
898	3.466627485490426e-03	3.467368504525317e-03
910	3.368379370436214e-03	3.388441561392024e-03
918	3.306391821229382e-03	3.311311214825911e-03
938	3.163409044465437e-03	3.235936569296281e-03
939	3.161802846355921e-03	3.162277660168379e-03
944	3.071492618261451e-03	3.090295432513592e-03
952	3.012710477864555e-03	3.019951720402016e-03
968	2.944993954338893e-03	2.951209226666387e-03
978	2.867865366314781e-03	2.884031503126605e-03
982	2.808136611297529e-03	2.818382931264455e-03
990	2.722390450153767e-03	2.754228703338166e-03
1004	2.687690352434102e-03	2.691534803926917e-03
1016	2.617672401355575e-03	2.630267991895381e-03
1029	2.563623576446128e-03	2.570395782768865e-03
1048	2.511813325621337e-03	2.511886431509579e-03
1068	2.451940582753442e-03	2.454708915685031e-03
1071	2.398597639556188e-03	2.398832919019490e-03
1088	2.341847834642530e-03	2.344228815319923e-03
1105	2.287962879166106e-03	2.290867652767772e-03
1118	2.234610227107692e-03	2.238721138568340e-03
1133	2.184201632448368e-03	2.187761623949552e-03
1153	2.132872949136111e-03	2.137962089502233e-03
1185	2.084004528265293e-03	2.089296130854039e-03
1205	2.041299962349696e-03	2.041737944669530e-03
1244	1.990551782180994e-03	1.995262314968879e-03
1284	1.947894184950782e-03	1.949844599758046e-03
1337	1.904243326026234e-03	1.905460717963246e-03
1389	1.862045586382699e-03	1.862087136662868e-03
1449	1.818708441640227e-03	1.819700858609983e-03
1522	1.776525742012036e-03	1.778279410038923e-03
1603	1.736253605853944e-03	1.737800828749376e-03
1708	1.698155520118871e-03	1.698243652461744e-03
1783	1.659372096251110e-03	1.659586907437561e-03
1930	1.621776336772074e-03	1.621810097358930e-03
2001	1.606698605374879e-03	1.621810097358930e-03
%
% index = 356, name = bbob_f013_i15_d02__bbob_f014_i16_d02
% instance = 7, reference value = 9.376577042409610e-01
% function evaluation | indicator value | target hit
1	3.611934075637052e+00	3.630780547701014e+00
306	1.993659765701961e+00	1.995262314968880e+00
417	1.120438770016461e+00	1.122018454301963e+00
508	2.650235113370394e-01	2.691534803926916e-01
516	2.518306343965340e-01	2.570395782768864e-01
517	1.915795785663701e-01	1.949844599758045e-01
648	1.610626309144307e-01	1.621810097358930e-01
688	1.548145320403247e-01	1.548816618912481e-01
691	1.494977304138319e-01	1.513561248436208e-01
732	1.460236601582322e-01	1.479108388168208e-01
733	1.310743388439086e-01	1.318256738556407e-01
735	1.274543035166329e-01	1.288249551693134e-01
740	8.735946114997573e-02	8.912509381337455e-02
750	8.253639044029504e-02	8.317637711026708e-02
755	7.804078967959527e-02	7.943282347242814e-02
791	7.761243443685240e-02	7.762471166286916e-02
796	7.578098007168987e-02	7.585775750291836e-02
797	7.365654514293707e-02	7.413102413009177e-02
805	5.957658179033221e-02	6.025595860743578e-02
823	4.864668362180791e-02	4.897788193684462e-02
825	4.708339561519104e-02	4.786300923226382e-02
840	4.329241058947220e-02	4.365158322401658e-02
841	4.184336400714816e-02	4.265795188015926e-02
845	3.351978952040480e-02	3.388441561392026e-02
851	3.305837195723293e-02	3.311311214825911e-02
853	3.192375849205142e-02	3.235936569296283e-02
864	2.964416315934060e-02	3.019951720402016e-02
865	2.945200950658899e-02	2.951209226666385e-02
890	2.578292807053795e-02	2.630267991895381e-02
896	2.542393594331727e-02	2.570395782768863e-02
897	2.492155379877892e-02	2.511886431509579e-02
928	2.425744329672574e-02	2.454708915685030e-02
934	2.379729005034747e-02	2.398832919019490e-02
938	2.309587129434187e-02	2.344228815319923e-02
949	2.275550608602150e-02	2.290867652767773e-02
957	2.238620956590642e-02	2.238721138568340e-02
959	2.084694445677249e-02	2.089296130854040e-02
966	2.035614427638543e-02	2.041737944669529e-02
967	1.912904379875091e-02	1.949844599758046e-02
970	1.904287275207739e-02	1.905460717963247e-02
971	1.814283303306141e-02	1.819700858609984e-02
981	1.753962710822987e-02	1.778279410038923e-02
984	1.724903497826369e-02	1.737800828749375e-02
1000	1.653477033681472e-02	1.659586907437561e-02
1001	1.588440912416667e-02	1.621810097358930e-02
1003	1.532590692719160e-02	1.548816618912481e-02
1006	1.508699857172624e-02	1.513561248436208e-02
1010	1.395545580884672e-02	1.412537544622754e-02
1016	1.265458574911793e-02	1.288249551693134e-02
1026	1.040540700077841e-02	1.047128548050900e-02
1041	1.018932828276697e-02	1.023292992280754e-02
1056	9.934809811313672e-03	1.000000000000000e-02
1060	8.746454018438765e-03	8.912509381337459e-03
1065	8.708445914234586e-03	8.709635899560805e-03
1088	8.374625153663162e-03	8.511380382023767e-03
1089	8.158576504450954e-03	8.317637711026709e-03
1092	8.078957760263794e-03	8.128305161640995e-03
1104	7.755172015943779e-03	7.762471166286920e-03
1112	7.494212325458882e-03	7.585775750291836e-03
1113	7.393931271593046e-03	7.413102413009177e-03
1123	7.228753948354982e-03	7.244359600749898e-03
1124	7.057278448471704e-03	7.079457843841380e-03
1128	6.829510008410922e-03	6.918309709189363e-03
1135	6.602476460368156e-03	6.606934480075957e-03
1142	6.440879006619715e-03	6.456542290346556e-03
1148	6.297982071585051e-03	6.309573444801930e-03
1154	5.870241851170910e-03	5.888436553555890e-03
1155	5.707383472615790e-03	5.754399373371567e-03
1158	5.610106110219504e-03	5.623413251903491e-03
1170	5.462937584916339e-03	5.495408738576248e-03
1172	5.328459757913295e-03	5.370317963702527e-03
1183	5.201493523536715e-03	5.248074602497728e-03
1187	5.071594594019180e-03	5.128613839913648e-03
1192	4.992243058391299e-03	5.011872336272725e-03
1207	4.884062356121155e-03	4.897788193684461e-03
1210	4.758030662582180e-03	4.786300923226385e-03
1212	4.640778731764494e-03	4.677351412871981e-03
1222	4.520162740201727e-03	4.570881896148752e-03
1225	4.439928941779581e-03	4.466835921509630e-03
1235	4.331851553607713e-03	4.365158322401661e-03
1240	4.263117403601857e-03	4.265795188015926e-03
1250	4.153956725494234e-03	4.168693834703355e-03
1258	4.003582340263434e-03	4.073802778041126e-03
1262	3.949282248902786e-03	3.981071705534973e-03
1266	3.877460839091462e-03	3.890451449942805e-03
1273	3.795380336417464e-03	3.801893963205613e-03
1292	3.710381199912627e-03	3.715352290971724e-03
1300	3.623334968195113e-03	3.630780547701014e-03
1320	3.547806525074138e-03	3.548133892335753e-03
1341	3.460312207848260e-03	3.467368504525317e-03
1356	3.387534094194011e-03	3.388441561392024e-03
1369	3.309853282010278e-03	3.311311214825911e-03
1402	3.234065091329397e-03	3.235936569296281e-03
1418	3.158808973046989e-03	3.162277660168379e-03
1444	3.082443961151760e-03	3.090295432513592e-03
1470	3.014857626738920e-03	3.019951720402016e-03
1500	2.950963347173374e-03	2.951209226666387e-03
1538	2.883846688885305e-03	2.884031503126605e-03
1605	2.815012588478827e-03	2.818382931264455e-03
1645	2.753933496124961e-03	2.754228703338166e-03
1718	2.685154127399891e-03	2.691534803926917e-03
1813	2.629767054121879e-03	2.630267991895381e-03
1863	2.570374070697601e-03	2.570395782768865e-03
1870	2.501763893853592e-03	2.511886431509579e-03
1941	2.448536994654860e-03	2.454708915685031e-03
2001	2.437646085983514e-03	2.454708915685031e-03
%
% index = 357, name = bbob_f013_i17_d02__bbob_f014_i18_d02
% instance = 8, reference value = 7.737919720549860e-01
% function evaluation | indicator value | target hit
1	2.827410697738206e-01	2.884031503126606e-01
89	2.363208452782815e-01	2.398832919019490e-01
191	2.306115959946176e-01	2.344228815319922e-01
215	1.668785941715893e-01	1.698243652461744e-01
223	1.626341911508518e-01	1.659586907437560e-01
241	1.610591650379956e-01	1.621810097358930e-01
256	1.238762026588562e-01	1.258925411794167e-01
261	1.097572848579820e-01	1.122018454301964e-01
263	9.327715509968204e-02	9.332543007969910e-02
268	8.734143090091462e-02	8.912509381337455e-02
270	8.508573295056743e-02	8.511380382023763e-02
279	7.856356886532512e-02	7.943282347242814e-02
304	7.469410993592340e-02	7.585775750291836e-02
305	7.340767149362271e-02	7.413102413009177e-02
308	7.013091153803674e-02	7.079457843841380e-02
318	6.622308786479358e-02	6.760829753919818e-02
320	6.531913565952308e-02	6.606934480075961e-02
340	6.277253680927064e-02	6.309573444801933e-02
358	6.006094926906580e-02	6.025595860743578e-02
359	5.869424310548577e-02	5.888436553555890e-02
360	5.699476854869256e-02	5.754399373371569e-02
374	5.568506591947819e-02	5.623413251903491e-02
399	5.301827583323360e-02	5.370317963702527e-02
406	5.202594934095517e-02	5.248074602497726e-02
415	5.106259336984764e-02	5.128613839913648e-02
417	4.976366387879083e-02	5.011872336272722e-02
436	4.727382679386982e-02	4.786300923226382e-02
438	3.844356324151443e-02	3.890451449942807e-02
446	3.779185336376145e-02	3.801893963205612e-02
451	3.537994239661235e-02	3.548133892335755e-02
456	3.126605604794419e-02	3.162277660168379e-02
457	3.039450217571626e-02	3.090295432513590e-02
459	2.508478965501004e-02	2.511886431509579e-02
467	2.452521485016268e-02	2.454708915685030e-02
470	2.316942304943614e-02	2.344228815319923e-02
471	2.257847159774962e-02	2.290867652767773e-02
474	2.169518516960123e-02	2.187761623949553e-02
485	2.133150884375867e-02	2.137962089502233e-02
487	2.061063943021502e-02	2.089296130854040e-02
494	2.040680240399162e-02	2.041737944669529e-02
501	1.994370803197898e-02	1.995262314968880e-02
505	1.933011987180466e-02	1.949844599758046e-02
515	1.897978678812529e-02	1.905460717963247e-02
516	1.853167351782947e-02	1.862087136662868e-02
523	1.809529505838436e-02	1.819700858609984e-02
524	1.641267344564856e-02	1.659586907437561e-02
525	1.587596285580095e-02	1.621810097358930e-02
526	1.581175417750824e-02	1.584893192461113e-02
541	1.538404454522824e-02	1.548816618912481e-02
542	1.500762956574164e-02	1.513561248436208e-02
555	1.473525908375639e-02	1.479108388168207e-02
564	1.438359275395862e-02	1.445439770745927e-02
574	1.355980615957419e-02	1.380384264602885e-02
577	1.343608455656764e-02	1.348962882591653e-02
589	1.275664359225759e-02	1.288249551693134e-02
595	1.253197355641666e-02	1.258925411794167e-02
602	1.207186978526531e-02	1.230268770812382e-02
606	1.199581859996424e-02	1.202264434617413e-02
614	1.173993702562148e-02	1.174897554939530e-02
626	9.924096587842990e-03	1.000000000000000e-02
636	9.770441714040512e-03	9.772372209558112e-03
643	9.512057482452319e-03	9.549925860214359e-03
654	9.310718388977235e-03	9.332543007969915e-03
664	9.065428777567108e-03	9.120108393559097e-03
672	8.894267336699291e-03	8.912509381337459e-03
686	8.483839994825604e-03	8.511380382023767e-03
689	8.184142365559754e-03	8.317637711026709e-03
700	8.060484268147650e-03	8.128305161640995e-03
707	7.876978298230863e-03	7.943282347242814e-03
717	7.700194243409952e-03	7.762471166286920e-03
727	7.246074857626406e-03	7.413102413009177e-03
729	7.242005769622417e-03	7.244359600749898e-03
744	6.994445390563708e-03	7.079457843841380e-03
749	6.914248193993555e-03	6.918309709189363e-03
766	6.743788535154005e-03	6.760829753919818e-03
767	5.657464092447828e-03	5.754399373371567e-03
771	5.619661678353038e-03	5.623413251903491e-03
778	5.491636392971011e-03	5.495408738576248e-03
799	5.359230775876966e-03	5.370317963702527e-03
819	5.245000267222411e-03	5.248074602497728e-03
831	5.088687427541316e-03	5.128613839913648e-03
837	4.689488174109302e-03	4.786300923226385e-03
840	4.671614470684426e-03	4.677351412871981e-03
850	4.555963891094583e-03	4.570881896148752e-03
868	4.461390476230065e-03	4.466835921509630e-03
887	4.364738702671178e-03	4.365158322401661e-03
912	4.235723065866281e-03	4.265795188015926e-03
928	4.160930761358816e-03	4.168693834703355e-03
939	4.063230719692279e-03	4.073802778041126e-03
950	3.970470181873131e-03	3.981071705534973e-03
958	3.825006667974695e-03	3.890451449942805e-03
963	3.799914352440870e-03	3.801893963205613e-03
974	3.265897503385573e-03	3.311311214825911e-03
978	3.226425306322112e-03	3.235936569296281e-03
987	3.091474972289898e-03	3.162277660168379e-03
989	3.087617059342351e-03	3.090295432513592e-03
1004	3.002170411035787e-03	3.019951720402016e-03
1024	2.922776575083330e-03	2.951209226666387e-03
1038	2.882347416840569e-03	2.884031503126605e-03
1047	2.786615469514975e-03	2.818382931264455e-03
1054	2.752425431513550e-03	2.754228703338166e-03
1087	2.634435447269934e-03	2.691534803926917e-03
1091	2.629405959391318e-03	2.630267991895381e-03
1117	2.556006676249223e-03	2.570395782768865e-03
1142	2.489922892466301e-03	2.511886431509579e-03
1148	2.419074803033716e-03	2.454708915685031e-03
1152	2.387171789213882e-03	2.398832919019490e-03
1161	2.316047743571192e-03	2.344228815319923e-03
1178	2.242855414181788e-03	2.290867652767772e-03
1181	2.235082681075196e-03	2.238721138568340e-03
1205	2.185216901229414e-03	2.187761623949552e-03
1240	2.122821288797927e-03	2.137962089502233e-03
1265	2.085617934287298e-03	2.089296130854039e-03
1291	2.039355166276513e-03	2.041737944669530e-03
1313	1.992747864714040e-03	1.995262314968879e-03
1342	1.907869353212632e-03	1.949844599758046e-03
1345	1.905212277418245e-03	1.905460717963246e-03
1386	1.860519516815762e-03	1.862087136662868e-03
1439	1.819692455693245e-03	1.819700858609983e-03
1485	1.778251030683853e-03	1.778279410038923e-03
1510	1.736891390442086e-03	1.737800828749376e-03
1558	1.696580383344304e-03	1.698243652461744e-03
1614	1.657065114109013e-03	1.659586907437561e-03
1670	1.621127295864944e-03	1.621810097358930e-03
1729	1.576116705651720e-03	1.584893192461114e-03
1765	1.545006566452956e-03	1.548816618912481e-03
1805	1.507360478420150e-03	1.513561248436209e-03
1849	1.478764952500988e-03	1.479108388168207e-03
1899	1.445411548928521e-03	1.445439770745928e-03
1903	1.404083498698139e-03	1.412537544622754e-03
1956	1.379858804868905e-03	1.380384264602885e-03
2001	1.353579091665336e-03	1.380384264602885e-03
%
% index = 358, name = bbob_f013_i19_d02__bbob_f014_i21_d02
% instance = 9, reference value = 8.914443560029660e-01
% function evaluation | indicator value | target hit
1	1.894867751084466e+00	1.905460717963247e+00
415	1.422320477960966e+00	1.445439770745927e+00
437	7.560858324601516e-01	7.585775750291838e-01
466	6.276257690026089e-01	6.309573444801932e-01
489	5.740331183347972e-01	5.754399373371569e-01
531	2.695970160083320e-01	2.754228703338166e-01
541	1.783882935349944e-01	1.819700858609984e-01
608	1.676261844851724e-01	1.698243652461744e-01
623	1.625785262332162e-01	1.659586907437560e-01
642	1.483184490112534e-01	1.513561248436208e-01
645	1.282409539923713e-01	1.288249551693134e-01
648	1.207001212001099e-01	1.230268770812381e-01
657	1.091787838150172e-01	1.096478196143185e-01
665	9.783682075068800e-02	1.000000000000000e-01
675	9.746082293375202e-02	9.772372209558107e-02
707	7.814826362901373e-02	7.943282347242814e-02
713	7.608683814027939e-02	7.762471166286916e-02
730	7.569443492063632e-02	7.585775750291836e-02
735	6.656294720838063e-02	6.760829753919818e-02
743	6.377161852449165e-02	6.456542290346556e-02
751	6.259186202568934e-02	6.309573444801933e-02
761	5.806056521210246e-02	5.888436553555890e-02
768	5.731441339226706e-02	5.754399373371569e-02
772	5.623147128782380e-02	5.623413251903491e-02
784	5.395181251679382e-02	5.495408738576246e-02
797	5.363899749838841e-02	5.370317963702527e-02
799	5.151274213245594e-02	5.248074602497726e-02
808	5.096452455914380e-02	5.128613839913648e-02
827	4.839127882999961e-02	4.897788193684462e-02
836	4.093729612627650e-02	4.168693834703355e-02
837	4.037604186370447e-02	4.073802778041128e-02
851	3.923970787021458e-02	3.981071705534973e-02
856	3.874591400490890e-02	3.890451449942807e-02
870	3.561832283978117e-02	3.630780547701014e-02
876	3.454540620916147e-02	3.467368504525317e-02
884	3.377178819165361e-02	3.388441561392026e-02
887	3.116249986574493e-02	3.162277660168379e-02
891	3.064102452699480e-02	3.090295432513590e-02
906	3.015320866620541e-02	3.019951720402016e-02
919	2.946409027054420e-02	2.951209226666385e-02
934	2.876570524072031e-02	2.884031503126606e-02
940	2.752098745102272e-02	2.754228703338166e-02
945	2.297688705136869e-02	2.344228815319923e-02
946	2.288043729551892e-02	2.290867652767773e-02
972	2.230070020574493e-02	2.238721138568340e-02
975	2.095379336302639e-02	2.137962089502233e-02
977	2.089013902224213e-02	2.089296130854040e-02
990	1.993659879095744e-02	1.995262314968880e-02
1001	1.941732955410480e-02	1.949844599758046e-02
1019	1.766120905505864e-02	1.778279410038923e-02
1031	1.592675846338165e-02	1.621810097358930e-02
1037	1.584471035460167e-02	1.584893192461113e-02
1053	1.546615869511414e-02	1.548816618912481e-02
1061	1.505489923028247e-02	1.513561248436208e-02
1067	1.239105683482555e-02	1.258925411794167e-02
1074	1.228439456594976e-02	1.230268770812382e-02
1075	1.156602229156589e-02	1.174897554939530e-02
1093	1.147183839522492e-02	1.148153621496883e-02
1113	1.121044659088988e-02	1.122018454301964e-02
1136	1.055651557368753e-02	1.071519305237606e-02
1137	9.769405020699007e-03	9.772372209558112e-03
1153	9.383041998103248e-03	9.549925860214359e-03
1160	9.263681572992399e-03	9.332543007969915e-03
1161	9.101340957904047e-03	9.120108393559097e-03
1172	8.814076877261878e-03	8.912509381337459e-03
1185	8.694190818558489e-03	8.709635899560805e-03
1201	8.509186199176622e-03	8.511380382023767e-03
1222	7.707430625733314e-03	7.762471166286920e-03
1241	7.410953383204411e-03	7.413102413009177e-03
1288	7.244155006428943e-03	7.244359600749898e-03
1306	7.069168919668134e-03	7.079457843841380e-03
1327	6.900194423553163e-03	6.918309709189363e-03
1336	6.757417859496573e-03	6.760829753919818e-03
1361	6.576223767803424e-03	6.606934480075957e-03
1384	6.435570729612761e-03	6.456542290346556e-03
1433	6.305813796560922e-03	6.309573444801930e-03
1474	6.160953038581884e-03	6.165950018614822e-03
1530	5.961174921159995e-03	6.025595860743574e-03
1552	5.887442660666320e-03	5.888436553555890e-03
1611	5.748536498148660e-03	5.754399373371567e-03
1764	5.620494920118846e-03	5.623413251903491e-03
1833	5.492877370355420e-03	5.495408738576248e-03
1961	5.369054926057326e-03	5.370317963702527e-03
2001	5.280649302309981e-03	5.370317963702527e-03
%
% index = 359, name = bbob_f013_i21_d02__bbob_f014_i22_d02
% instance = 10, reference value = 9.343980204850060e-01
% function evaluation | indicator value | target hit
1	3.009029849729151e-01	3.019951720402016e-01
363	1.278489092156831e-01	1.288249551693134e-01
407	1.066140325385869e-01	1.071519305237607e-01
515	1.014832762780982e-01	1.023292992280754e-01
722	9.910046168029396e-02	1.000000000000000e-01
727	9.371762409544060e-02	9.549925860214359e-02
740	9.209641935140422e-02	9.332543007969910e-02
772	8.952531395247543e-02	9.120108393559097e-02
787	8.904874162539111e-02	8.912509381337455e-02
842	8.692291645271988e-02	8.709635899560805e-02
888	8.484102303714491e-02	8.511380382023763e-02
1004	8.314631604984646e-02	8.317637711026708e-02
1491	8.126912016736032e-02	8.128305161640990e-02
2001	8.103930944934390e-02	8.128305161640990e-02
