%
% index = 560, name = bbob_f001_i02_d03__bbob_f002_i04_d03
% instance = 1, reference value = 8.793100587090010e-01
% function evaluation | indicator value | target hit
1	8.475288657261275e-01	8.511380382023764e-01
287	6.617256638853051e-01	6.760829753919817e-01
396	5.490510268369385e-01	5.495408738576245e-01
397	5.335761222748672e-01	5.370317963702527e-01
408	4.824659380998849e-01	4.897788193684462e-01
409	3.915682900086438e-01	3.981071705534972e-01
430	2.269341587512460e-01	2.290867652767773e-01
441	2.100208607444227e-01	2.137962089502232e-01
490	1.943008774982850e-01	1.949844599758045e-01
500	1.820391265078851e-01	1.862087136662867e-01
501	1.758592101990013e-01	1.778279410038923e-01
514	1.699692646119285e-01	1.737800828749375e-01
516	1.544862425050604e-01	1.548816618912481e-01
528	1.490767646037543e-01	1.513561248436208e-01
544	1.284751734262881e-01	1.288249551693134e-01
563	1.035600128151155e-01	1.047128548050900e-01
572	1.008938763098300e-01	1.023292992280754e-01
573	9.862989404175437e-02	1.000000000000000e-01
578	9.219859310245726e-02	9.332543007969910e-02
579	8.760478076817180e-02	8.912509381337455e-02
585	8.490988732029414e-02	8.511380382023763e-02
593	7.369271571982450e-02	7.413102413009177e-02
607	7.231062774473473e-02	7.244359600749903e-02
612	6.922860572099532e-02	7.079457843841380e-02
613	6.855705793043487e-02	6.918309709189366e-02
614	6.560110981807699e-02	6.606934480075961e-02
621	5.879309691941181e-02	5.888436553555890e-02
625	5.735125705476340e-02	5.754399373371569e-02
626	5.605779843907066e-02	5.623413251903491e-02
629	5.458307744156221e-02	5.495408738576246e-02
646	5.267632346454110e-02	5.370317963702527e-02
651	5.107736253471817e-02	5.128613839913648e-02
659	4.974703588387497e-02	5.011872336272722e-02
661	4.754202278441000e-02	4.786300923226382e-02
667	4.648434476149532e-02	4.677351412871981e-02
682	4.565080754271933e-02	4.570881896148749e-02
699	4.447327943585855e-02	4.466835921509630e-02
712	4.246992681723882e-02	4.265795188015926e-02
718	4.151809454131516e-02	4.168693834703355e-02
729	3.918510612009385e-02	3.981071705534973e-02
744	3.829196935836277e-02	3.890451449942807e-02
748	3.795932445008998e-02	3.801893963205612e-02
758	3.634659913931637e-02	3.715352290971726e-02
761	3.605613293621213e-02	3.630780547701014e-02
763	3.544692717144815e-02	3.548133892335755e-02
781	3.452185185665868e-02	3.467368504525317e-02
783	3.332639664545456e-02	3.388441561392026e-02
786	3.187613133659328e-02	3.235936569296283e-02
792	2.975347538121276e-02	3.019951720402016e-02
802	2.921420453285728e-02	2.951209226666385e-02
811	2.878579318170871e-02	2.884031503126606e-02
817	2.643659139259025e-02	2.691534803926915e-02
822	2.613309948211062e-02	2.630267991895381e-02
834	2.558064313493980e-02	2.570395782768863e-02
838	2.492880049870982e-02	2.511886431509579e-02
846	2.454141234397034e-02	2.454708915685030e-02
860	2.354044782472275e-02	2.398832919019490e-02
862	2.340518151081816e-02	2.344228815319923e-02
885	2.290022661772562e-02	2.290867652767773e-02
893	2.238589975591365e-02	2.238721138568340e-02
907	2.156773757956143e-02	2.187761623949553e-02
912	2.132772522180260e-02	2.137962089502233e-02
928	2.087311699119521e-02	2.089296130854040e-02
952	2.041446029994798e-02	2.041737944669529e-02
971	1.981671589841127e-02	1.995262314968880e-02
989	1.940645884416947e-02	1.949844599758046e-02
1024	1.903060205180984e-02	1.905460717963247e-02
1058	1.861670748786903e-02	1.862087136662868e-02
1070	1.787536064301698e-02	1.819700858609984e-02
1090	1.778189903455729e-02	1.778279410038923e-02
1125	1.723111559210067e-02	1.737800828749375e-02
1142	1.696511455850735e-02	1.698243652461744e-02
1166	1.647184812950309e-02	1.659586907437561e-02
1167	1.579378327110548e-02	1.584893192461113e-02
1221	1.546611602421555e-02	1.548816618912481e-02
1261	1.513559741520276e-02	1.513561248436208e-02
1266	1.265164826662779e-02	1.288249551693134e-02
1270	1.025233875548059e-02	1.047128548050900e-02
1274	9.953487988361709e-03	1.000000000000000e-02
1290	9.769120751432991e-03	9.772372209558112e-03
1307	8.630014990446244e-03	8.709635899560805e-03
1344	8.507326011797822e-03	8.511380382023767e-03
1370	8.039133977980950e-03	8.128305161640995e-03
1391	7.941145474178235e-03	7.943282347242814e-03
1399	7.664867174849710e-03	7.762471166286920e-03
1423	7.576837822050653e-03	7.585775750291836e-03
1456	7.397461882827194e-03	7.413102413009177e-03
1457	7.012193123896227e-03	7.079457843841380e-03
1465	6.913128602445417e-03	6.918309709189363e-03
1484	6.760541441133139e-03	6.760829753919818e-03
1526	6.605432717399551e-03	6.606934480075957e-03
1549	6.447428310314085e-03	6.456542290346556e-03
1594	6.303669569918458e-03	6.309573444801930e-03
1616	6.133621541907885e-03	6.165950018614822e-03
1621	6.020508876491082e-03	6.025595860743574e-03
1650	5.744433863519416e-03	5.754399373371567e-03
1671	5.513973046180176e-03	5.623413251903491e-03
1681	5.487966055054971e-03	5.495408738576248e-03
1736	5.363688809019385e-03	5.370317963702527e-03
1772	5.246750097546049e-03	5.248074602497728e-03
1826	5.127515850376740e-03	5.128613839913648e-03
1871	4.750142494774012e-03	4.786300923226385e-03
1904	4.672450520386673e-03	4.677351412871981e-03
1907	4.426468087436963e-03	4.466835921509630e-03
1919	4.364840948286597e-03	4.365158322401661e-03
1958	4.264820795863766e-03	4.265795188015926e-03
2020	4.167860178877714e-03	4.168693834703355e-03
2071	4.072029313487713e-03	4.073802778041126e-03
2118	3.980155383421113e-03	3.981071705534973e-03
2159	3.881980494128134e-03	3.890451449942805e-03
2198	3.795597358053016e-03	3.801893963205613e-03
2246	3.711388352539147e-03	3.715352290971724e-03
2263	3.629357920749476e-03	3.630780547701014e-03
2324	3.543930475696011e-03	3.548133892335753e-03
2356	3.446025868772185e-03	3.467368504525317e-03
2388	3.379905355640700e-03	3.388441561392024e-03
2459	3.310939087586950e-03	3.311311214825911e-03
2511	3.234754296901898e-03	3.235936569296281e-03
2614	3.157685295324786e-03	3.162277660168379e-03
2694	3.090271417085177e-03	3.090295432513592e-03
2825	2.899216402855620e-03	2.951209226666387e-03
2841	2.879554285505570e-03	2.884031503126605e-03
2902	2.791221218941708e-03	2.818382931264455e-03
2927	2.753123580365613e-03	2.754228703338166e-03
2986	2.690496422546484e-03	2.691534803926917e-03
3001	2.665427705681789e-03	2.691534803926917e-03
%
% index = 561, name = bbob_f001_i03_d03__bbob_f002_i05_d03
% instance = 2, reference value = 9.811358036287670e-01
% function evaluation | indicator value | target hit
1	6.754234068350240e-01	6.760829753919817e-01
433	2.374483571153765e-01	2.398832919019490e-01
475	1.727796651383081e-01	1.737800828749375e-01
520	1.606513680586341e-01	1.621810097358930e-01
549	1.441399433088227e-01	1.445439770745928e-01
552	1.184621728016173e-01	1.202264434617413e-01
557	1.123872434393649e-01	1.148153621496883e-01
626	1.115830939102542e-01	1.122018454301964e-01
640	8.456871660818643e-02	8.511380382023763e-02
645	8.149500222941353e-02	8.317637711026708e-02
648	8.126747490785713e-02	8.128305161640990e-02
681	7.058720108913452e-02	7.079457843841380e-02
694	6.449573533328701e-02	6.456542290346556e-02
770	6.306728705312581e-02	6.309573444801933e-02
844	5.424753614179190e-02	5.495408738576246e-02
894	5.368815115776526e-02	5.370317963702527e-02
1099	5.231071175019686e-02	5.248074602497726e-02
1100	4.835566705324390e-02	4.897788193684462e-02
1110	4.712237228371019e-02	4.786300923226382e-02
1228	4.539364295338899e-02	4.570881896148749e-02
1471	4.411020855491832e-02	4.466835921509630e-02
1482	4.240899777413065e-02	4.265795188015926e-02
1608	4.104377795761649e-02	4.168693834703355e-02
1913	3.708853286017855e-02	3.715352290971726e-02
1956	3.581148413815827e-02	3.630780547701014e-02
2078	3.528129849021389e-02	3.548133892335755e-02
2349	3.299778872156478e-02	3.311311214825911e-02
2388	3.150328021712201e-02	3.162277660168379e-02
2403	2.889553713492032e-02	2.951209226666385e-02
2539	2.883503363839923e-02	2.884031503126606e-02
2584	2.715108867009719e-02	2.754228703338166e-02
2658	2.420774033234074e-02	2.454708915685030e-02
2742	2.030330962599258e-02	2.041737944669529e-02
2799	1.995180165240107e-02	1.995262314968880e-02
2869	1.899981722787192e-02	1.905460717963247e-02
3001	1.877942349698802e-02	1.905460717963247e-02
%
% index = 562, name = bbob_f001_i07_d03__bbob_f002_i08_d03
% instance = 3, reference value = 9.526009312888770e-01
% function evaluation | indicator value | target hit
1	8.618332848508155e-01	8.709635899560807e-01
564	5.759766286978338e-01	5.888436553555889e-01
605	5.449461567122930e-01	5.495408738576245e-01
618	2.267417284962386e-01	2.290867652767773e-01
657	2.075951043241817e-01	2.089296130854039e-01
663	1.982951234361933e-01	1.995262314968880e-01
687	1.903352588101173e-01	1.905460717963247e-01
702	1.109637201731777e-01	1.122018454301964e-01
719	1.089861667444878e-01	1.096478196143185e-01
759	1.056928586076018e-01	1.071519305237607e-01
779	9.955324747840621e-02	1.000000000000000e-01
790	9.731093345404696e-02	9.772372209558107e-02
805	9.526570974942083e-02	9.549925860214359e-02
823	8.757356148730844e-02	8.912509381337455e-02
830	8.700345611176663e-02	8.709635899560805e-02
856	8.334965837877317e-02	8.511380382023763e-02
862	7.075950001766573e-02	7.079457843841380e-02
914	6.916471441022332e-02	6.918309709189366e-02
930	6.618986475922750e-02	6.760829753919818e-02
933	6.601547381545436e-02	6.606934480075961e-02
957	6.363585228797708e-02	6.456542290346556e-02
960	6.197378766366868e-02	6.309573444801933e-02
961	6.162891380927848e-02	6.165950018614822e-02
1094	5.841190010990116e-02	5.888436553555890e-02
1266	5.754317990848568e-02	5.754399373371569e-02
1289	5.249259761009595e-02	5.370317963702527e-02
1300	5.248023521218503e-02	5.248074602497726e-02
1346	4.573924157543363e-02	4.677351412871981e-02
1373	4.567113676051948e-02	4.570881896148749e-02
1378	4.305686764088523e-02	4.365158322401658e-02
1379	4.017685015229810e-02	4.073802778041128e-02
1508	3.892360897743508e-02	3.981071705534973e-02
1528	3.888209151626976e-02	3.890451449942807e-02
1558	3.662456155769955e-02	3.715352290971726e-02
1721	2.769074608329869e-02	2.818382931264454e-02
1735	2.470223272313232e-02	2.511886431509579e-02
1754	2.074341746308539e-02	2.089296130854040e-02
1855	2.032284943301799e-02	2.041737944669529e-02
1911	1.944223858645822e-02	1.949844599758046e-02
1926	1.834876197573443e-02	1.862087136662868e-02
2137	1.446065696871957e-02	1.479108388168207e-02
2150	1.438271692767046e-02	1.445439770745927e-02
2168	8.997220656511429e-03	9.120108393559097e-03
2197	8.520000907065395e-03	8.709635899560805e-03
2198	8.445545845643498e-03	8.511380382023767e-03
2241	7.390188963270150e-03	7.413102413009177e-03
2249	5.695359845547032e-03	5.754399373371567e-03
2257	5.526564771219045e-03	5.623413251903491e-03
2260	5.491232138841950e-03	5.495408738576248e-03
2263	4.786125450491285e-03	4.786300923226385e-03
2313	4.620968902193434e-03	4.677351412871981e-03
2325	4.552159315560522e-03	4.570881896148752e-03
2357	3.607838887277448e-03	3.630780547701014e-03
2384	3.082206343488103e-03	3.090295432513592e-03
2408	3.018032318192865e-03	3.019951720402016e-03
2431	2.945959266304032e-03	2.951209226666387e-03
2434	2.766260589172731e-03	2.818382931264455e-03
2435	2.749893258811809e-03	2.754228703338166e-03
2461	2.679624416817128e-03	2.691534803926917e-03
2468	2.626244458770022e-03	2.630267991895381e-03
2505	2.443853528028117e-03	2.454708915685031e-03
2521	2.389711134912598e-03	2.398832919019490e-03
2526	2.263547937322752e-03	2.290867652767772e-03
2540	2.235833850239288e-03	2.238721138568340e-03
2589	2.156977002923721e-03	2.187761623949552e-03
2594	2.118824691563215e-03	2.137962089502233e-03
2604	2.088355131163455e-03	2.089296130854039e-03
2630	2.041267553673287e-03	2.041737944669530e-03
2648	1.957058182481930e-03	1.995262314968879e-03
2663	1.945972290683939e-03	1.949844599758046e-03
2682	1.874545805028660e-03	1.905460717963246e-03
2693	1.713065236187084e-03	1.737800828749376e-03
2723	1.696326484453281e-03	1.698243652461744e-03
2782	1.657350890330034e-03	1.659586907437561e-03
2807	1.619263417100836e-03	1.621810097358930e-03
2811	1.573211257570151e-03	1.584893192461114e-03
2831	1.547023238081313e-03	1.548816618912481e-03
2874	1.513372683966896e-03	1.513561248436209e-03
2913	1.478727783942535e-03	1.479108388168207e-03
2955	1.280518615440762e-03	1.288249551693134e-03
2992	1.243250458425327e-03	1.258925411794167e-03
3001	1.238755125192559e-03	1.258925411794167e-03
%
% index = 563, name = bbob_f001_i09_d03__bbob_f002_i10_d03
% instance = 4, reference value = 8.894567983902160e-01
% function evaluation | indicator value | target hit
1	7.295929190315738e-01	7.413102413009175e-01
740	6.988242827903431e-01	7.079457843841379e-01
1054	5.373091886266623e-01	5.495408738576245e-01
1172	4.958953174283190e-01	5.011872336272722e-01
1272	4.845682703986675e-01	4.897788193684462e-01
1285	4.236449297803757e-01	4.265795188015927e-01
1291	4.090561076546286e-01	4.168693834703354e-01
1337	3.808648093766087e-01	3.890451449942806e-01
1338	3.798586620534206e-01	3.801893963205612e-01
1342	3.614855213119740e-01	3.630780547701014e-01
1359	3.535579499401471e-01	3.548133892335755e-01
1362	3.412679250605603e-01	3.467368504525316e-01
1364	3.350064134943161e-01	3.388441561392025e-01
1372	3.309996162693816e-01	3.311311214825911e-01
1417	3.229029934904757e-01	3.235936569296283e-01
1474	3.157308283966045e-01	3.162277660168379e-01
1570	3.090203340621095e-01	3.090295432513591e-01
1604	3.014315421996492e-01	3.019951720402016e-01
1686	2.935937481547430e-01	2.951209226666385e-01
1806	2.882888246428953e-01	2.884031503126606e-01
1926	2.818170124185148e-01	2.818382931264454e-01
2139	2.753324318147057e-01	2.754228703338166e-01
2323	2.691420474730443e-01	2.691534803926916e-01
2986	2.630212026444730e-01	2.630267991895382e-01
3001	2.629226506200584e-01	2.630267991895382e-01
%
% index = 564, name = bbob_f001_i11_d03__bbob_f002_i12_d03
% instance = 5, reference value = 9.240223382531551e-01
% function evaluation | indicator value | target hit
1	9.395428490110840e+00	9.549925860214358e+00
553	7.733422827491155e+00	7.762471166286917e+00
612	6.701177897654655e+00	6.760829753919817e+00
622	8.765168976487270e-01	8.912509381337456e-01
656	5.140338238922485e-01	5.248074602497725e-01
686	4.965393915571958e-01	5.011872336272722e-01
748	2.523343134660416e-01	2.570395782768864e-01
749	2.062562218114106e-01	2.089296130854039e-01
765	1.924043412494776e-01	1.949844599758045e-01
792	1.878723060869555e-01	1.905460717963247e-01
803	1.854292529978706e-01	1.862087136662867e-01
833	1.640240784081731e-01	1.659586907437560e-01
860	1.620655767240234e-01	1.621810097358930e-01
948	1.584349665717394e-01	1.584893192461113e-01
1007	1.458108586017646e-01	1.479108388168208e-01
1032	1.430920238385798e-01	1.445439770745928e-01
1060	1.380882542281249e-01	1.412537544622754e-01
1069	1.379359011934491e-01	1.380384264602885e-01
1138	1.339279172603970e-01	1.348962882591654e-01
1153	1.310770623785652e-01	1.318256738556407e-01
1325	1.261859482888502e-01	1.288249551693134e-01
1334	1.256194323831492e-01	1.258925411794167e-01
1377	1.229957519552309e-01	1.230268770812381e-01
1456	1.159753497754860e-01	1.174897554939529e-01
1476	1.065836300414092e-01	1.071519305237607e-01
1488	1.022738505332751e-01	1.023292992280754e-01
1526	9.975849917560975e-02	1.000000000000000e-01
1638	9.705646795386047e-02	9.772372209558107e-02
1639	9.464315263311951e-02	9.549925860214359e-02
1684	9.325138513185616e-02	9.332543007969910e-02
1703	9.117263019780764e-02	9.120108393559097e-02
1762	8.896259727241573e-02	8.912509381337455e-02
1804	8.707161287296417e-02	8.709635899560805e-02
1828	8.475171288063954e-02	8.511380382023763e-02
1868	8.179323938227434e-02	8.317637711026708e-02
1908	8.125973541673148e-02	8.128305161640990e-02
1990	7.927741233598362e-02	7.943282347242814e-02
2094	7.749407626455651e-02	7.762471166286916e-02
2190	7.573977209213545e-02	7.585775750291836e-02
2221	7.398388006483725e-02	7.413102413009177e-02
2280	7.243282165527309e-02	7.244359600749903e-02
2349	7.049258224654664e-02	7.079457843841380e-02
2461	6.918128593823025e-02	6.918309709189366e-02
2582	6.757058160022833e-02	6.760829753919818e-02
2654	6.580129986746985e-02	6.606934480075961e-02
2801	6.417775274044901e-02	6.456542290346556e-02
2905	6.309460125379618e-02	6.309573444801933e-02
2998	6.145887695983832e-02	6.165950018614822e-02
3001	6.143084786717512e-02	6.165950018614822e-02
%
% index = 565, name = bbob_f001_i13_d03__bbob_f002_i14_d03
% instance = 6, reference value = 9.483546239404490e-01
% function evaluation | indicator value | target hit
1	1.267489915165949e+00	1.288249551693134e+00
388	2.897473605911969e-01	2.951209226666385e-01
465	2.849830838006778e-01	2.884031503126606e-01
504	2.697827054227482e-01	2.754228703338166e-01
517	2.656787716330191e-01	2.691534803926916e-01
525	2.386712751371631e-01	2.398832919019490e-01
540	1.415994123724496e-01	1.445439770745928e-01
598	1.411939069800097e-01	1.412537544622754e-01
600	1.285339146493313e-01	1.288249551693134e-01
615	1.217699039116530e-01	1.230268770812381e-01
620	8.319662688399820e-02	8.511380382023763e-02
621	7.119878043367200e-02	7.244359600749903e-02
622	6.654017815026336e-02	6.760829753919818e-02
655	6.575926144074085e-02	6.606934480075961e-02
669	6.294632881990103e-02	6.309573444801933e-02
670	5.608964672743677e-02	5.623413251903491e-02
672	5.416244559326533e-02	5.495408738576246e-02
678	5.272669716823708e-02	5.370317963702527e-02
710	5.135184291654249e-02	5.248074602497726e-02
713	5.087707864061763e-02	5.128613839913648e-02
723	4.916293486197187e-02	5.011872336272722e-02
733	4.894714327073335e-02	4.897788193684462e-02
743	4.766826942899294e-02	4.786300923226382e-02
757	4.655796669999823e-02	4.677351412871981e-02
791	4.567947249366877e-02	4.570881896148749e-02
824	4.462604105576673e-02	4.466835921509630e-02
835	4.361425732002489e-02	4.365158322401658e-02
853	4.247373310869706e-02	4.265795188015926e-02
902	4.166437670914624e-02	4.168693834703355e-02
939	3.913285957231238e-02	3.981071705534973e-02
940	3.887718925684203e-02	3.890451449942807e-02
1023	3.801577539559908e-02	3.801893963205612e-02
1102	3.715318816381363e-02	3.715352290971726e-02
1155	2.921790319653450e-02	2.951209226666385e-02
1197	2.883762680027546e-02	2.884031503126606e-02
1319	2.818067544021574e-02	2.818382931264454e-02
1401	2.614445425264389e-02	2.630267991895381e-02
1457	2.569385090194787e-02	2.570395782768863e-02
1531	2.425030073039791e-02	2.454708915685030e-02
1602	2.384975433509584e-02	2.398832919019490e-02
1606	2.107730480129155e-02	2.137962089502233e-02
1636	2.042189572735609e-02	2.089296130854040e-02
1640	2.038484963221876e-02	2.041737944669529e-02
1664	1.428025731572913e-02	1.445439770745927e-02
1689	1.412014632176717e-02	1.412537544622754e-02
1715	1.336481409322610e-02	1.348962882591653e-02
1758	1.283511138704707e-02	1.288249551693134e-02
1886	1.258807068232348e-02	1.258925411794167e-02
1922	1.023376840456813e-02	1.047128548050900e-02
1925	1.023271936640568e-02	1.023292992280754e-02
2087	8.785369885807692e-03	8.912509381337459e-03
2093	6.498779492044471e-03	6.606934480075957e-03
2132	6.430578268944220e-03	6.456542290346556e-03
2177	3.101233280426663e-03	3.162277660168379e-03
2202	2.884589484882905e-03	2.951209226666387e-03
2203	2.883397995649961e-03	2.884031503126605e-03
2270	2.705646018807628e-03	2.754228703338166e-03
2305	2.486876972233487e-03	2.511886431509579e-03
2328	2.402147313328773e-03	2.454708915685031e-03
2342	2.398798673322489e-03	2.398832919019490e-03
2347	1.516616807839211e-03	1.548816618912481e-03
2350	1.407432927519991e-03	1.412537544622754e-03
2361	1.380223835803052e-03	1.380384264602885e-03
2389	1.347011735087555e-03	1.348962882591653e-03
2430	1.308031484730243e-03	1.318256738556408e-03
2457	1.285241930572889e-03	1.288249551693134e-03
2481	1.258836542494812e-03	1.258925411794167e-03
2499	1.045948402047858e-03	1.047128548050900e-03
2535	1.011335478827258e-03	1.023292992280754e-03
2559	8.566784115917603e-04	8.709635899560805e-04
2566	8.381371517099945e-04	8.511380382023768e-04
2579	8.274342533601819e-04	8.317637711026709e-04
2585	8.022407738289550e-04	8.128305161640995e-04
2623	7.938696595723993e-04	7.943282347242813e-04
2674	7.715948359015012e-04	7.762471166286919e-04
2740	7.578809489072746e-04	7.585775750291835e-04
2743	7.303372907279115e-04	7.413102413009177e-04
2790	7.219760462980895e-04	7.244359600749898e-04
2901	7.069830137671484e-04	7.079457843841380e-04
2917	6.690096707218096e-04	6.760829753919819e-04
2940	6.558605562883013e-04	6.606934480075957e-04
2963	6.444568360463032e-04	6.456542290346556e-04
3001	6.382325780707188e-04	6.456542290346556e-04
%
% index = 566, name = bbob_f001_i15_d03__bbob_f002_i16_d03
% instance = 7, reference value = 8.751576186590830e-01
% function evaluation | indicator value | target hit
1	1.518661861734083e+00	1.548816618912481e+00
22	1.222574533840583e+00	1.230268770812382e+00
207	3.654168380636111e-01	3.715352290971726e-01
417	3.601778289275281e-01	3.630780547701014e-01
436	3.520321675102912e-01	3.548133892335755e-01
446	3.368574669263816e-01	3.388441561392025e-01
465	3.242087475965603e-01	3.311311214825911e-01
476	3.185229351461882e-01	3.235936569296283e-01
487	3.053088322679200e-01	3.090295432513591e-01
510	2.923316324443759e-01	2.951209226666385e-01
527	2.852702140140645e-01	2.884031503126606e-01
533	2.540851912661840e-01	2.570395782768864e-01
555	2.446061197279252e-01	2.454708915685030e-01
558	2.388213345646738e-01	2.398832919019490e-01
583	2.333746075282376e-01	2.344228815319922e-01
608	2.151727476562756e-01	2.187761623949552e-01
616	2.093656169866898e-01	2.137962089502232e-01
617	2.003291639786620e-01	2.041737944669530e-01
631	1.976338161346961e-01	1.995262314968880e-01
686	1.936154233060502e-01	1.949844599758045e-01
699	1.850394753716479e-01	1.862087136662867e-01
709	1.658580244049638e-01	1.659586907437560e-01
728	1.566961131316816e-01	1.584893192461113e-01
729	1.496323939543459e-01	1.513561248436208e-01
741	1.472964283535121e-01	1.479108388168208e-01
755	1.413640003043372e-01	1.445439770745928e-01
759	1.382380298544374e-01	1.412537544622754e-01
760	1.375811804673337e-01	1.380384264602885e-01
761	1.330982137674303e-01	1.348962882591654e-01
769	1.279440657994668e-01	1.288249551693134e-01
787	1.238598158408891e-01	1.258925411794167e-01
811	1.229452802423138e-01	1.230268770812381e-01
818	1.201620100705377e-01	1.202264434617413e-01
840	1.173848566188463e-01	1.174897554939529e-01
875	1.147672406315837e-01	1.148153621496883e-01
888	1.120961789205984e-01	1.122018454301964e-01
914	1.085459292296688e-01	1.096478196143185e-01
935	1.068690484773918e-01	1.071519305237607e-01
956	1.044503319297875e-01	1.047128548050900e-01
982	1.022453734347233e-01	1.023292992280754e-01
1013	9.984536804453548e-02	1.000000000000000e-01
1052	9.758652450255523e-02	9.772372209558107e-02
1069	8.991357046885551e-02	9.120108393559097e-02
1081	8.886654320687659e-02	8.912509381337455e-02
1152	8.709241965007930e-02	8.709635899560805e-02
1208	8.507895756880135e-02	8.511380382023763e-02
1275	8.310867609667638e-02	8.317637711026708e-02
1285	7.946866763455451e-02	8.128305161640990e-02
1286	7.931659255270063e-02	7.943282347242814e-02
1374	7.762076430061260e-02	7.762471166286916e-02
1416	7.065996580818235e-02	7.079457843841380e-02
1477	6.910230491138403e-02	6.918309709189366e-02
1660	6.760633765340074e-02	6.760829753919818e-02
2041	6.606564815770932e-02	6.606934480075961e-02
2708	6.456328765093555e-02	6.456542290346556e-02
3001	6.402078993254678e-02	6.456542290346556e-02
%
% index = 567, name = bbob_f001_i17_d03__bbob_f002_i18_d03
% instance = 8, reference value = 9.745076262632280e-01
% function evaluation | indicator value | target hit
1	1.293217374113363e+00	1.318256738556407e+00
401	3.832353469347747e-01	3.890451449942806e-01
552	3.762252760833515e-01	3.801893963205612e-01
598	3.250434476517343e-01	3.311311214825911e-01
602	3.154453859627666e-01	3.162277660168379e-01
668	2.891753038310845e-01	2.951209226666385e-01
689	2.784185829014151e-01	2.818382931264454e-01
727	1.560882832608456e-01	1.584893192461113e-01
740	1.543028339635983e-01	1.548816618912481e-01
755	1.495580729202165e-01	1.513561248436208e-01
780	1.466177308257117e-01	1.479108388168208e-01
855	1.356571481126001e-01	1.380384264602885e-01
859	1.244653305661665e-01	1.258925411794167e-01
862	1.159411600013180e-01	1.174897554939529e-01
863	1.002851381009072e-01	1.023292992280754e-01
866	9.916618838697400e-02	1.000000000000000e-01
884	8.344447729817672e-02	8.511380382023763e-02
904	7.445201422101100e-02	7.585775750291836e-02
907	6.902028516374681e-02	6.918309709189366e-02
911	6.693805566861211e-02	6.760829753919818e-02
914	6.492889776865296e-02	6.606934480075961e-02
929	6.122749391642435e-02	6.165950018614822e-02
953	5.591211556293341e-02	5.623413251903491e-02
958	5.407776734048975e-02	5.495408738576246e-02
963	5.283147019913392e-02	5.370317963702527e-02
970	4.734864311285769e-02	4.786300923226382e-02
983	4.383949226333195e-02	4.466835921509630e-02
988	4.092675681363345e-02	4.168693834703355e-02
993	4.053311120990477e-02	4.073802778041128e-02
997	3.385900431065147e-02	3.388441561392026e-02
1001	3.223446347872594e-02	3.235936569296283e-02
1012	3.044641714026541e-02	3.090295432513590e-02
1013	2.982367288657262e-02	3.019951720402016e-02
1015	2.941539603064081e-02	2.951209226666385e-02
1045	2.810757980278045e-02	2.818382931264454e-02
1062	2.746170941426007e-02	2.754228703338166e-02
1088	2.657482953375090e-02	2.691534803926915e-02
1097	2.559055881686789e-02	2.570395782768863e-02
1109	2.491631120543558e-02	2.511886431509579e-02
1114	2.444736351162902e-02	2.454708915685030e-02
1115	2.294932779052627e-02	2.344228815319923e-02
1119	2.289425857402427e-02	2.290867652767773e-02
1137	2.230456882728693e-02	2.238721138568340e-02
1152	2.166475221644815e-02	2.187761623949553e-02
1160	2.137229566562771e-02	2.137962089502233e-02
1173	2.013955457869943e-02	2.041737944669529e-02
1179	1.933683067892678e-02	1.949844599758046e-02
1184	1.887501231904587e-02	1.905460717963247e-02
1185	1.759825912357726e-02	1.778279410038923e-02
1189	1.708558961469564e-02	1.737800828749375e-02
1216	1.682875578222409e-02	1.698243652461744e-02
1220	1.657728241566936e-02	1.659586907437561e-02
1238	1.594410998317419e-02	1.621810097358930e-02
1239	1.569477562807398e-02	1.584893192461113e-02
1240	1.537332969943062e-02	1.548816618912481e-02
1270	1.448874059018301e-02	1.479108388168207e-02
1288	1.425685862285375e-02	1.445439770745927e-02
1292	1.404919810609773e-02	1.412537544622754e-02
1302	1.363688371890470e-02	1.380384264602885e-02
1317	1.345501101069391e-02	1.348962882591653e-02
1327	1.282552034026074e-02	1.288249551693134e-02
1343	1.258383848247724e-02	1.258925411794167e-02
1369	1.223571759136144e-02	1.230268770812382e-02
1401	1.200947324362134e-02	1.202264434617413e-02
1413	1.171202888197787e-02	1.174897554939530e-02
1451	1.147323331227557e-02	1.148153621496883e-02
1480	1.120299577112926e-02	1.122018454301964e-02
1517	9.138253196689261e-03	9.332543007969915e-03
1524	9.119898735831855e-03	9.120108393559097e-03
1558	8.911780824425786e-03	8.912509381337459e-03
1567	8.706914158231216e-03	8.709635899560805e-03
1577	8.475710747071874e-03	8.511380382023767e-03
1611	8.307746968268637e-03	8.317637711026709e-03
1658	8.127728681936341e-03	8.128305161640995e-03
1712	7.932053699129082e-03	7.943282347242814e-03
1768	7.703029240418546e-03	7.762471166286920e-03
1784	7.503148819475336e-03	7.585775750291836e-03
1818	7.409753726431823e-03	7.413102413009177e-03
1903	7.239896186228667e-03	7.244359600749898e-03
1917	6.928971591335764e-03	7.079457843841380e-03
1923	6.913411757313748e-03	6.918309709189363e-03
2041	6.758898515736744e-03	6.760829753919818e-03
2082	6.465398940277312e-03	6.606934480075957e-03
2100	6.456147085572184e-03	6.456542290346556e-03
2231	6.309316873883586e-03	6.309573444801930e-03
2334	6.164297972208632e-03	6.165950018614822e-03
2432	6.007917660446060e-03	6.025595860743574e-03
2528	5.888019089318131e-03	5.888436553555890e-03
2641	5.753431804404463e-03	5.754399373371567e-03
2759	5.621246047349038e-03	5.623413251903491e-03
2833	5.493959088067379e-03	5.495408738576248e-03
2955	5.356508247871261e-03	5.370317963702527e-03
3001	5.318073200652695e-03	5.370317963702527e-03
%
% index = 568, name = bbob_f001_i19_d03__bbob_f002_i21_d03
% instance = 9, reference value = 9.784601833521070e-01
% function evaluation | indicator value | target hit
1	1.256836455818711e+01	1.258925411794167e+01
341	5.239491944956671e+00	5.248074602497725e+00
356	4.177429691847074e+00	4.265795188015927e+00
371	4.095722806433542e+00	4.168693834703354e+00
431	3.889641259080475e+00	3.890451449942806e+00
482	1.652181435361107e+00	1.659586907437561e+00
568	9.183651055978457e-01	9.332543007969910e-01
583	7.977345906772337e-01	8.128305161640993e-01
599	4.321269622792154e-01	4.365158322401660e-01
609	4.100423837496040e-01	4.168693834703354e-01
637	3.542647872040454e-01	3.548133892335755e-01
646	3.034350765276917e-01	3.090295432513591e-01
657	1.428153078694017e-01	1.445439770745928e-01
699	1.405652162444714e-01	1.412537544622754e-01
701	9.956042042046509e-02	1.000000000000000e-01
706	9.718480140421581e-02	9.772372209558107e-02
716	8.157983137389757e-02	8.317637711026708e-02
719	7.626289006151266e-02	7.762471166286916e-02
739	6.661833397300898e-02	6.760829753919818e-02
752	5.568974155669815e-02	5.623413251903491e-02
753	5.368003779295905e-02	5.370317963702527e-02
855	5.247899797294875e-02	5.248074602497726e-02
874	4.055392373338274e-02	4.073802778041128e-02
906	3.972242379585689e-02	3.981071705534973e-02
955	3.883698222661658e-02	3.890451449942807e-02
1008	3.799133003577781e-02	3.801893963205612e-02
1081	3.183955313939735e-02	3.235936569296283e-02
1099	3.159619442841299e-02	3.162277660168379e-02
1244	3.083952591097505e-02	3.090295432513590e-02
1333	2.952527047162445e-02	3.019951720402016e-02
1354	2.946153620874536e-02	2.951209226666385e-02
1381	2.775619684764896e-02	2.818382931264454e-02
1453	2.702671871828188e-02	2.754228703338166e-02
1481	2.689696691535703e-02	2.691534803926915e-02
1646	2.629298955035342e-02	2.630267991895381e-02
1694	2.359705948397184e-02	2.398832919019490e-02
1779	2.341327420316097e-02	2.344228815319923e-02
1872	2.290501894579955e-02	2.290867652767773e-02
1952	1.999725858868995e-02	2.041737944669529e-02
1956	1.994229905159639e-02	1.995262314968880e-02
2035	1.925780213252981e-02	1.949844599758046e-02
2055	1.841539893884891e-02	1.862087136662868e-02
2144	1.735433237894046e-02	1.737800828749375e-02
2151	1.681773651316043e-02	1.698243652461744e-02
2250	1.659496374093328e-02	1.659586907437561e-02
2312	1.425893940247547e-02	1.445439770745927e-02
2430	1.400233558737840e-02	1.412537544622754e-02
2468	1.363092304644964e-02	1.380384264602885e-02
2528	1.092813977858154e-02	1.096478196143185e-02
2581	1.039948452302308e-02	1.047128548050900e-02
2605	9.871732092419205e-03	1.000000000000000e-02
2668	9.746465543792660e-03	9.772372209558112e-03
2796	9.226629815414555e-03	9.332543007969915e-03
2851	9.101114369908792e-03	9.120108393559097e-03
2863	8.806676290027404e-03	8.912509381337459e-03
2966	8.434385603336203e-03	8.511380382023767e-03
3001	8.346627103145043e-03	8.511380382023767e-03
%
% index = 569, name = bbob_f001_i21_d03__bbob_f002_i22_d03
% instance = 10, reference value = 9.915944405782530e-01
% function evaluation | indicator value | target hit
1	5.378343177730753e+00	5.495408738576246e+00
282	4.816141746281891e+00	4.897788193684462e+00
418	1.934877796545253e+00	1.949844599758045e+00
464	4.753434312520316e-01	4.786300923226383e-01
468	4.532880370537122e-01	4.570881896148750e-01
508	3.022276247942214e-01	3.090295432513591e-01
566	2.606820258203347e-01	2.630267991895382e-01
581	2.540063948634025e-01	2.570395782768864e-01
587	2.379942994454580e-01	2.398832919019490e-01
602	1.376178483091547e-01	1.380384264602885e-01
608	1.341493258870778e-01	1.348962882591654e-01
626	1.223723883174231e-01	1.230268770812381e-01
682	1.076088860662038e-01	1.096478196143185e-01
698	1.025870636646594e-01	1.047128548050900e-01
704	9.583957313671321e-02	9.772372209558107e-02
706	8.985415461760982e-02	9.120108393559097e-02
719	8.882797981364288e-02	8.912509381337455e-02
728	8.668487880583875e-02	8.709635899560805e-02
747	7.177088963430145e-02	7.244359600749903e-02
754	6.695348482810315e-02	6.760829753919818e-02
755	5.935284237505145e-02	6.025595860743578e-02
757	5.751013983441600e-02	5.754399373371569e-02
764	5.220145514663388e-02	5.248074602497726e-02
767	4.364301254472658e-02	4.365158322401658e-02
771	4.004962175693438e-02	4.073802778041128e-02
811	3.885514112808663e-02	3.890451449942807e-02
816	3.334317205328363e-02	3.388441561392026e-02
843	3.198666743429501e-02	3.235936569296283e-02
844	3.161604933910522e-02	3.162277660168379e-02
847	3.079998289392449e-02	3.090295432513590e-02
851	3.006571576867267e-02	3.019951720402016e-02
881	2.924063903149776e-02	2.951209226666385e-02
886	2.838841196399278e-02	2.884031503126606e-02
892	2.762627088721947e-02	2.818382931264454e-02
894	2.752888681747745e-02	2.754228703338166e-02
906	2.687184983727930e-02	2.691534803926915e-02
910	2.089698786361971e-02	2.137962089502233e-02
913	2.085957302609454e-02	2.089296130854040e-02
918	1.998765870360819e-02	2.041737944669529e-02
921	1.963144029417629e-02	1.995262314968880e-02
925	1.820059750374414e-02	1.862087136662868e-02
926	1.788147032512977e-02	1.819700858609984e-02
928	1.772875815664532e-02	1.778279410038923e-02
1002	1.732141020410904e-02	1.737800828749375e-02
1029	1.694219667454777e-02	1.698243652461744e-02
1053	1.635809872688176e-02	1.659586907437561e-02
1067	1.621561431503227e-02	1.621810097358930e-02
1177	1.579734781233522e-02	1.584893192461113e-02
1259	1.541936474309979e-02	1.548816618912481e-02
1312	1.194355361930732e-02	1.202264434617413e-02
1350	1.173434313103550e-02	1.174897554939530e-02
1362	1.128271724863816e-02	1.148153621496883e-02
1363	1.117652453631790e-02	1.122018454301964e-02
1428	1.086555672735390e-02	1.096478196143185e-02
1437	9.604897396579326e-03	9.772372209558112e-03
1488	9.549702574735197e-03	9.549925860214359e-03
1499	9.308972570298502e-03	9.332543007969915e-03
1500	8.137893644872274e-03	8.317637711026709e-03
1508	8.123929859008561e-03	8.128305161640995e-03
1639	7.889586413469596e-03	7.943282347242814e-03
1698	7.697150036183764e-03	7.762471166286920e-03
1745	7.483568915930605e-03	7.585775750291836e-03
1778	7.233233986267851e-03	7.244359600749898e-03
1798	7.058681859217208e-03	7.079457843841380e-03
1829	5.296794611548750e-03	5.370317963702527e-03
1861	5.233561677023268e-03	5.248074602497728e-03
1910	4.081513297615635e-03	4.168693834703355e-03
1911	4.058109699347945e-03	4.073802778041126e-03
1962	3.966702741471040e-03	3.981071705534973e-03
2016	3.866680022044933e-03	3.890451449942805e-03
2038	3.793085037100963e-03	3.801893963205613e-03
2079	3.615438858399656e-03	3.630780547701014e-03
2103	3.541657220004324e-03	3.548133892335753e-03
2117	3.444799344431537e-03	3.467368504525317e-03
2202	3.383233121666773e-03	3.388441561392024e-03
2218	3.255863609955223e-03	3.311311214825911e-03
2235	3.232106868285678e-03	3.235936569296281e-03
2294	3.149160615943392e-03	3.162277660168379e-03
2433	3.089100615561335e-03	3.090295432513592e-03
2473	3.003296548162893e-03	3.019951720402016e-03
2566	2.946070814293100e-03	2.951209226666387e-03
2642	2.880556932785217e-03	2.884031503126605e-03
2781	2.804036824094358e-03	2.818382931264455e-03
2825	2.753812346683260e-03	2.754228703338166e-03
2861	2.689480992136728e-03	2.691534803926917e-03
2875	2.611079780785341e-03	2.630267991895381e-03
2950	2.487706039126736e-03	2.511886431509579e-03
3001	2.470128820579509e-03	2.511886431509579e-03
