%
% index = 650, name = bbob_f002_i02_d03__bbob_f002_i04_d03
% instance = 1, reference value = 8.786203837509470e-01
% function evaluation | indicator value | target hit
1	1.019671689649947e+00	1.023292992280754e+00
131	9.104897301084469e-01	9.120108393559098e-01
213	2.907928419505065e-01	2.951209226666385e-01
219	2.807785023615945e-01	2.818382931264454e-01
265	1.453584557493294e-01	1.479108388168208e-01
270	1.438359564828504e-01	1.445439770745928e-01
314	1.277174004669697e-01	1.288249551693134e-01
338	1.168296529992954e-01	1.174897554939529e-01
363	1.127297036062587e-01	1.148153621496883e-01
370	1.089019489634666e-01	1.096478196143185e-01
378	7.242164001019336e-02	7.244359600749903e-02
379	7.060628047088469e-02	7.079457843841380e-02
380	6.842996917736988e-02	6.918309709189366e-02
408	5.415806373022991e-02	5.495408738576246e-02
411	5.295353248669943e-02	5.370317963702527e-02
413	4.936844616738312e-02	5.011872336272722e-02
421	4.828713145654773e-02	4.897788193684462e-02
431	4.779928508366704e-02	4.786300923226382e-02
432	4.473226603583036e-02	4.570881896148749e-02
448	4.398025562216323e-02	4.466835921509630e-02
460	4.239129460181168e-02	4.265795188015926e-02
463	4.133055022039112e-02	4.168693834703355e-02
466	3.957567009187202e-02	3.981071705534973e-02
470	3.612327133504878e-02	3.630780547701014e-02
471	3.547154216892978e-02	3.548133892335755e-02
487	3.458358878029533e-02	3.467368504525317e-02
489	3.075376347480918e-02	3.090295432513590e-02
491	2.868089589130252e-02	2.884031503126606e-02
493	2.736752622364336e-02	2.754228703338166e-02
506	2.616658246600911e-02	2.630267991895381e-02
507	2.035002091728944e-02	2.041737944669529e-02
519	1.993103901317450e-02	1.995262314968880e-02
538	1.932691369102102e-02	1.949844599758046e-02
543	1.886856906559098e-02	1.905460717963247e-02
546	1.808373432313459e-02	1.819700858609984e-02
555	1.746639580089138e-02	1.778279410038923e-02
560	1.664501269511343e-02	1.698243652461744e-02
563	1.633968573241518e-02	1.659586907437561e-02
566	1.523693481744359e-02	1.548816618912481e-02
567	1.462581987447076e-02	1.479108388168207e-02
579	1.419014082284076e-02	1.445439770745927e-02
586	1.411713343149756e-02	1.412537544622754e-02
604	1.379542051412586e-02	1.380384264602885e-02
605	1.346546195899101e-02	1.348962882591653e-02
606	1.278335897830785e-02	1.288249551693134e-02
613	1.225066619058524e-02	1.230268770812382e-02
624	1.160183466128584e-02	1.174897554939530e-02
625	1.082972164012597e-02	1.096478196143185e-02
627	1.017245785446419e-02	1.023292992280754e-02
638	9.906428283102175e-03	1.000000000000000e-02
646	9.653474503740989e-03	9.772372209558112e-03
647	9.443424670758427e-03	9.549925860214359e-03
652	9.323448414107816e-03	9.332543007969915e-03
654	8.988486688158881e-03	9.120108393559097e-03
657	8.873498755251119e-03	8.912509381337459e-03
677	8.672013427871161e-03	8.709635899560805e-03
687	8.275499910280093e-03	8.317637711026709e-03
692	8.062276511513367e-03	8.128305161640995e-03
705	7.905586700502121e-03	7.943282347242814e-03
710	7.662324285449218e-03	7.762471166286920e-03
716	7.542808024515457e-03	7.585775750291836e-03
721	7.371073188847777e-03	7.413102413009177e-03
725	7.191163812153012e-03	7.244359600749898e-03
726	7.039421117486344e-03	7.079457843841380e-03
728	6.818951335113121e-03	6.918309709189363e-03
729	6.695339795792066e-03	6.760829753919818e-03
732	6.562156039484179e-03	6.606934480075957e-03
742	6.444536343418794e-03	6.456542290346556e-03
748	5.872123052197420e-03	5.888436553555890e-03
762	5.754152053757067e-03	5.754399373371567e-03
764	5.618853236096233e-03	5.623413251903491e-03
769	5.289139953844280e-03	5.370317963702527e-03
771	5.239767845713894e-03	5.248074602497728e-03
779	5.116372872641217e-03	5.128613839913648e-03
786	4.980482069843695e-03	5.011872336272725e-03
791	4.893096053509183e-03	4.897788193684461e-03
802	4.770247423060092e-03	4.786300923226385e-03
810	4.657501130261421e-03	4.677351412871981e-03
815	4.554109070063372e-03	4.570881896148752e-03
826	4.457922586053931e-03	4.466835921509630e-03
841	4.354986300191155e-03	4.365158322401661e-03
851	4.264076710229769e-03	4.265795188015926e-03
852	4.136898588447124e-03	4.168693834703355e-03
881	4.065113117070696e-03	4.073802778041126e-03
888	3.924198317331928e-03	3.981071705534973e-03
890	3.844841456969394e-03	3.890451449942805e-03
898	3.797502766929473e-03	3.801893963205613e-03
907	3.668585153651094e-03	3.715352290971724e-03
924	3.606765160867997e-03	3.630780547701014e-03
931	3.541121248699763e-03	3.548133892335753e-03
943	3.387185606060994e-03	3.388441561392024e-03
956	3.306780649149021e-03	3.311311214825911e-03
969	3.216822260809882e-03	3.235936569296281e-03
985	3.151972678376747e-03	3.162277660168379e-03
1005	3.069847288040717e-03	3.090295432513592e-03
1011	3.003990161978387e-03	3.019951720402016e-03
1016	2.922328483295100e-03	2.951209226666387e-03
1024	2.882571924246236e-03	2.884031503126605e-03
1035	2.789994054648082e-03	2.818382931264455e-03
1050	2.747895933777000e-03	2.754228703338166e-03
1057	2.653949000055555e-03	2.691534803926917e-03
1074	2.627280618250794e-03	2.630267991895381e-03
1076	2.567559060957625e-03	2.570395782768865e-03
1083	2.502449362055903e-03	2.511886431509579e-03
1089	2.454173982581631e-03	2.454708915685031e-03
1097	2.396313030965325e-03	2.398832919019490e-03
1116	2.343304204295182e-03	2.344228815319923e-03
1141	2.290450258897736e-03	2.290867652767772e-03
1166	2.237369563126701e-03	2.238721138568340e-03
1198	2.183158723540579e-03	2.187761623949552e-03
1228	2.137411031103209e-03	2.137962089502233e-03
1242	2.087437298243566e-03	2.089296130854039e-03
1255	2.041087607203007e-03	2.041737944669530e-03
1297	1.990733439516723e-03	1.995262314968879e-03
1332	1.946545547163003e-03	1.949844599758046e-03
1369	1.892710686456800e-03	1.905460717963246e-03
1392	1.860880504406137e-03	1.862087136662868e-03
1402	1.816841245691259e-03	1.819700858609983e-03
1418	1.774524481273132e-03	1.778279410038923e-03
1451	1.736879988005202e-03	1.737800828749376e-03
1485	1.691090657947147e-03	1.698243652461744e-03
1521	1.659134791461958e-03	1.659586907437561e-03
1554	1.620734072258156e-03	1.621810097358930e-03
1576	1.583156963659293e-03	1.584893192461114e-03
1623	1.547805371071020e-03	1.548816618912481e-03
1673	1.493702416883846e-03	1.513561248436209e-03
1704	1.477472310074890e-03	1.479108388168207e-03
1755	1.444674533569112e-03	1.445439770745928e-03
1828	1.411001967648207e-03	1.412537544622754e-03
1873	1.380223136262515e-03	1.380384264602885e-03
1935	1.348891299118526e-03	1.348962882591653e-03
1974	1.260090510531775e-03	1.288249551693134e-03
1985	1.258729593926478e-03	1.258925411794167e-03
2066	1.216865950036783e-03	1.230268770812381e-03
2110	1.202045470313551e-03	1.202264434617413e-03
2197	1.174643340235981e-03	1.174897554939529e-03
2316	1.146680526268540e-03	1.148153621496883e-03
2436	1.121995414302912e-03	1.122018454301963e-03
2541	1.074557844971125e-03	1.096478196143185e-03
2551	1.069318196379898e-03	1.071519305237606e-03
2593	1.036554397974121e-03	1.047128548050900e-03
2632	1.022253155240072e-03	1.023292992280754e-03
2671	9.995143559325959e-04	1.000000000000000e-03
2716	9.755051278546034e-04	9.772372209558111e-04
2728	9.467127137955389e-04	9.549925860214359e-04
2761	9.330641092645253e-04	9.332543007969915e-04
2881	9.119535815642621e-04	9.120108393559096e-04
2990	8.911105186737434e-04	8.912509381337459e-04
3001	8.900113002966448e-04	8.912509381337459e-04
%
% index = 651, name = bbob_f002_i03_d03__bbob_f002_i05_d03
% instance = 2, reference value = 8.333330762449920e-01
% function evaluation | indicator value | target hit
1	4.523169001962570e+01	4.570881896148749e+01
163	2.520491093477140e+01	2.570395782768863e+01
201	9.770246417139921e-01	9.772372209558107e-01
466	8.727308389289921e-01	8.912509381337456e-01
524	5.753678286434345e-01	5.754399373371569e-01
533	5.503631877174289e-01	5.623413251903491e-01
558	4.550168629418685e-01	4.570881896148750e-01
563	2.941424676319667e-01	2.951209226666385e-01
577	2.100447759141045e-01	2.137962089502232e-01
587	1.597899856887612e-01	1.621810097358930e-01
602	1.270523237535155e-01	1.288249551693134e-01
603	1.184321959143961e-01	1.202264434617413e-01
624	1.152383140117681e-01	1.174897554939529e-01
625	9.256544798582400e-02	9.332543007969910e-02
634	9.021209186645041e-02	9.120108393559097e-02
648	8.667752865343337e-02	8.709635899560805e-02
654	7.760702664723185e-02	7.762471166286916e-02
655	7.302737402494863e-02	7.413102413009177e-02
658	6.897974124601580e-02	6.918309709189366e-02
661	6.660409258713385e-02	6.760829753919818e-02
675	6.393868997921381e-02	6.456542290346556e-02
676	5.482700847270217e-02	5.495408738576246e-02
687	4.671102463465626e-02	4.677351412871981e-02
701	4.385375346622045e-02	4.466835921509630e-02
702	4.103453726203365e-02	4.168693834703355e-02
710	3.945202087481881e-02	3.981071705534973e-02
711	3.870246084055329e-02	3.890451449942807e-02
721	3.674331917876639e-02	3.715352290971726e-02
724	3.609595690557188e-02	3.630780547701014e-02
732	3.546903173352467e-02	3.548133892335755e-02
746	3.260628155695156e-02	3.311311214825911e-02
755	3.145787072524520e-02	3.162277660168379e-02
762	2.967085450921247e-02	3.019951720402016e-02
768	2.938045019920654e-02	2.951209226666385e-02
784	2.777158300312466e-02	2.818382931264454e-02
798	2.698631488663061e-02	2.754228703338166e-02
799	2.658602683896316e-02	2.691534803926915e-02
802	2.594753867660526e-02	2.630267991895381e-02
812	2.554994408093436e-02	2.570395782768863e-02
816	2.509578019730485e-02	2.511886431509579e-02
820	2.369744239999716e-02	2.398832919019490e-02
825	2.322425120384453e-02	2.344228815319923e-02
832	2.218549215065935e-02	2.238721138568340e-02
836	2.131275039096603e-02	2.137962089502233e-02
841	2.019274069604271e-02	2.041737944669529e-02
845	1.987491500867866e-02	1.995262314968880e-02
848	1.946265955032667e-02	1.949844599758046e-02
851	1.903849507960087e-02	1.905460717963247e-02
858	1.852136929196080e-02	1.862087136662868e-02
861	1.812568865145281e-02	1.819700858609984e-02
864	1.777905594471307e-02	1.778279410038923e-02
875	1.735725457315973e-02	1.737800828749375e-02
881	1.686663049485670e-02	1.698243652461744e-02
886	1.640239174224889e-02	1.659586907437561e-02
887	1.565540754002848e-02	1.584893192461113e-02
891	1.538853862963230e-02	1.548816618912481e-02
907	1.512856542761132e-02	1.513561248436208e-02
911	1.469174470998780e-02	1.479108388168207e-02
914	1.432685193480254e-02	1.445439770745927e-02
917	1.410556665012419e-02	1.412537544622754e-02
928	1.377201470761336e-02	1.380384264602885e-02
950	1.348294106344461e-02	1.348962882591653e-02
971	1.318059506453451e-02	1.318256738556407e-02
972	1.275831872298239e-02	1.288249551693134e-02
977	1.248895253951221e-02	1.258925411794167e-02
981	1.223429642098361e-02	1.230268770812382e-02
990	1.194210788201688e-02	1.202264434617413e-02
991	1.167104134839081e-02	1.174897554939530e-02
997	1.142966835147630e-02	1.148153621496883e-02
1009	1.115535241005272e-02	1.122018454301964e-02
1022	1.088996875761628e-02	1.096478196143185e-02
1028	9.651410897607793e-03	9.772372209558112e-03
1037	9.332556917335588e-03	9.549925860214359e-03
1040	9.313893028022768e-03	9.332543007969915e-03
1052	9.106501380337084e-03	9.120108393559097e-03
1069	8.912336828069356e-03	8.912509381337459e-03
1091	8.681589394245792e-03	8.709635899560805e-03
1108	8.426827707108786e-03	8.511380382023767e-03
1117	8.219615552587656e-03	8.317637711026709e-03
1120	8.105360179456289e-03	8.128305161640995e-03
1131	7.939778149199994e-03	7.943282347242814e-03
1149	7.762288975714071e-03	7.762471166286920e-03
1194	7.546536131363468e-03	7.585775750291836e-03
1220	7.413073728884667e-03	7.413102413009177e-03
1243	7.183790988258720e-03	7.244359600749898e-03
1246	7.061228237430495e-03	7.079457843841380e-03
1256	6.894897050785498e-03	6.918309709189363e-03
1275	6.759919880550136e-03	6.760829753919818e-03
1288	6.535086681258351e-03	6.606934480075957e-03
1298	6.456361905720631e-03	6.456542290346556e-03
1328	6.277251038890208e-03	6.309573444801930e-03
1338	6.161325013764762e-03	6.165950018614822e-03
1361	6.020790055348724e-03	6.025595860743574e-03
1374	5.875326174685447e-03	5.888436553555890e-03
1396	5.750515298143855e-03	5.754399373371567e-03
1411	5.620406571592240e-03	5.623413251903491e-03
1453	5.493985532989965e-03	5.495408738576248e-03
1487	5.354970030186701e-03	5.370317963702527e-03
1561	5.238182153439186e-03	5.248074602497728e-03
1652	5.127398859246513e-03	5.128613839913648e-03
1661	4.984820427283321e-03	5.011872336272725e-03
1686	4.897311196785825e-03	4.897788193684461e-03
1713	4.786239180450957e-03	4.786300923226385e-03
1765	4.676840651402281e-03	4.677351412871981e-03
1769	4.569263318115802e-03	4.570881896148752e-03
1784	4.450502442787441e-03	4.466835921509630e-03
1853	4.363801403621914e-03	4.365158322401661e-03
1905	4.259980623493975e-03	4.265795188015926e-03
1966	4.159234965913527e-03	4.168693834703355e-03
2009	4.057986031188343e-03	4.073802778041126e-03
2069	3.975365429836564e-03	3.981071705534973e-03
2124	3.887908098705095e-03	3.890451449942805e-03
2193	3.791575897449162e-03	3.801893963205613e-03
2254	3.713487724979925e-03	3.715352290971724e-03
2319	3.617881717921323e-03	3.630780547701014e-03
2381	3.547173678894344e-03	3.548133892335753e-03
2475	3.465901352666556e-03	3.467368504525317e-03
2578	3.388065208907554e-03	3.388441561392024e-03
2742	3.309076562341473e-03	3.311311214825911e-03
2832	3.196109594202690e-03	3.235936569296281e-03
2901	3.121139649377436e-03	3.162277660168379e-03
2916	3.075403249906405e-03	3.090295432513592e-03
3001	3.034824246225143e-03	3.090295432513592e-03
%
% index = 652, name = bbob_f002_i07_d03__bbob_f002_i08_d03
% instance = 3, reference value = 8.273698306251970e-01
% function evaluation | indicator value | target hit
1	3.085247508210364e-01	3.090295432513591e-01
63	2.420436441888930e-01	2.454708915685030e-01
172	2.320596960456709e-01	2.344228815319922e-01
211	2.274494393265035e-01	2.290867652767773e-01
231	2.185456274628994e-01	2.187761623949552e-01
234	1.782985616104558e-01	1.819700858609984e-01
244	1.281523172853071e-01	1.288249551693134e-01
257	1.220003985240957e-01	1.230268770812381e-01
274	1.060581406494855e-01	1.071519305237607e-01
278	7.220286355317840e-02	7.244359600749903e-02
279	6.313845240172911e-02	6.456542290346556e-02
282	6.221448455273559e-02	6.309573444801933e-02
283	5.919829604436344e-02	6.025595860743578e-02
287	5.737398710511943e-02	5.754399373371569e-02
302	5.609971989253926e-02	5.623413251903491e-02
307	5.408362039853232e-02	5.495408738576246e-02
316	5.330030861920443e-02	5.370317963702527e-02
329	5.040067199987897e-02	5.128613839913648e-02
332	4.639485738355364e-02	4.677351412871981e-02
347	4.340718554388268e-02	4.365158322401658e-02
348	4.198577581968732e-02	4.265795188015926e-02
363	4.117239355106217e-02	4.168693834703355e-02
368	3.827199407253057e-02	3.890451449942807e-02
369	3.781727696194148e-02	3.801893963205612e-02
380	3.684898593167751e-02	3.715352290971726e-02
384	3.567850604510592e-02	3.630780547701014e-02
386	3.352009738653627e-02	3.388441561392026e-02
387	3.306621599087334e-02	3.311311214825911e-02
406	3.215537347942832e-02	3.235936569296283e-02
407	3.153784331841181e-02	3.162277660168379e-02
413	2.960033766659786e-02	3.019951720402016e-02
421	2.920407345547127e-02	2.951209226666385e-02
453	2.866840460644016e-02	2.884031503126606e-02
465	2.759392779787428e-02	2.818382931264454e-02
466	2.726425049479064e-02	2.754228703338166e-02
470	2.664812831246754e-02	2.691534803926915e-02
482	2.592273216545038e-02	2.630267991895381e-02
484	2.518314865480198e-02	2.570395782768863e-02
486	2.497358236059410e-02	2.511886431509579e-02
493	2.410027249725744e-02	2.454708915685030e-02
502	2.337211164256947e-02	2.344228815319923e-02
509	2.287191741211081e-02	2.290867652767773e-02
515	2.224068819279146e-02	2.238721138568340e-02
526	2.085365708205011e-02	2.089296130854040e-02
527	2.033504416388532e-02	2.041737944669529e-02
532	1.991646747239728e-02	1.995262314968880e-02
541	1.948328597382520e-02	1.949844599758046e-02
548	1.744119530154742e-02	1.778279410038923e-02
549	1.667566655253172e-02	1.698243652461744e-02
553	1.639193397669558e-02	1.659586907437561e-02
555	1.577199188084122e-02	1.584893192461113e-02
558	1.513139363933891e-02	1.513561248436208e-02
563	1.472882833035660e-02	1.479108388168207e-02
577	1.444468235580376e-02	1.445439770745927e-02
583	1.409245421300909e-02	1.412537544622754e-02
586	1.360806989478869e-02	1.380384264602885e-02
591	1.348791492040524e-02	1.348962882591653e-02
595	1.311545913625356e-02	1.318256738556407e-02
600	1.246753859454053e-02	1.258925411794167e-02
608	1.219475115132951e-02	1.230268770812382e-02
609	1.201732586274473e-02	1.202264434617413e-02
612	1.162114016473959e-02	1.174897554939530e-02
615	1.116954842717399e-02	1.122018454301964e-02
616	1.089377641948319e-02	1.096478196143185e-02
619	1.035277177326643e-02	1.047128548050900e-02
625	1.023268158980872e-02	1.023292992280754e-02
640	9.979351355510535e-03	1.000000000000000e-02
642	9.630148679724670e-03	9.772372209558112e-03
647	9.536395439433742e-03	9.549925860214359e-03
664	9.135265515642144e-03	9.332543007969915e-03
666	9.119320708898204e-03	9.120108393559097e-03
672	8.886819513885147e-03	8.912509381337459e-03
679	8.618678830778381e-03	8.709635899560805e-03
684	7.000752648581798e-03	7.079457843841380e-03
685	6.915860768718973e-03	6.918309709189363e-03
689	6.707888419218766e-03	6.760829753919818e-03
705	6.598635501528283e-03	6.606934480075957e-03
710	6.455140412869986e-03	6.456542290346556e-03
716	6.303992416859749e-03	6.309573444801930e-03
728	6.136666835961591e-03	6.165950018614822e-03
736	5.999157965543067e-03	6.025595860743574e-03
751	5.888016934350815e-03	5.888436553555890e-03
755	5.691683445777862e-03	5.754399373371567e-03
757	5.504709412956110e-03	5.623413251903491e-03
759	5.491354348417854e-03	5.495408738576248e-03
760	4.690097665253079e-03	4.786300923226385e-03
761	4.615602752869874e-03	4.677351412871981e-03
766	4.180830602698915e-03	4.265795188015926e-03
768	4.056501807826463e-03	4.073802778041126e-03
778	3.979542325934338e-03	3.981071705534973e-03
786	3.887184214374839e-03	3.890451449942805e-03
791	3.796996434107136e-03	3.801893963205613e-03
801	3.652608287975645e-03	3.715352290971724e-03
807	3.613915954799096e-03	3.630780547701014e-03
821	3.536109097344364e-03	3.548133892335753e-03
838	3.464125892385650e-03	3.467368504525317e-03
857	3.388250936613657e-03	3.388441561392024e-03
877	3.298347370656485e-03	3.311311214825911e-03
894	3.223414092009325e-03	3.235936569296281e-03
897	3.142955627877919e-03	3.162277660168379e-03
917	2.863939423120243e-03	2.884031503126605e-03
928	2.817122619389045e-03	2.818382931264455e-03
948	2.753236576946372e-03	2.754228703338166e-03
960	2.688734064709375e-03	2.691534803926917e-03
974	2.621168873306434e-03	2.630267991895381e-03
985	2.560814630692021e-03	2.570395782768865e-03
1000	2.511616816123552e-03	2.511886431509579e-03
1021	2.449735742192427e-03	2.454708915685031e-03
1033	2.389571030578130e-03	2.398832919019490e-03
1051	2.343200626923614e-03	2.344228815319923e-03
1089	2.285008723344917e-03	2.290867652767772e-03
1119	2.238556265987679e-03	2.238721138568340e-03
1140	2.185896545992660e-03	2.187761623949552e-03
1160	2.136307181394792e-03	2.137962089502233e-03
1168	2.040935510525421e-03	2.041737944669530e-03
1208	1.986431257036125e-03	1.995262314968879e-03
1221	1.935406513365878e-03	1.949844599758046e-03
1248	1.841262093971840e-03	1.862087136662868e-03
1267	1.817005178710196e-03	1.819700858609983e-03
1303	1.771265990400672e-03	1.778279410038923e-03
1307	1.652640991968601e-03	1.659586907437561e-03
1335	1.618830715615638e-03	1.621810097358930e-03
1352	1.584826457708077e-03	1.584893192461114e-03
1379	1.507429549659323e-03	1.513561248436209e-03
1416	1.477227649607671e-03	1.479108388168207e-03
1426	1.444748079515445e-03	1.445439770745928e-03
1485	1.410931012204353e-03	1.412537544622754e-03
1515	1.369904373504260e-03	1.380384264602885e-03
1556	1.348899981531093e-03	1.348962882591653e-03
1606	1.318113122193321e-03	1.318256738556408e-03
1664	1.288048052369484e-03	1.288249551693134e-03
1729	1.257994445572175e-03	1.258925411794167e-03
1762	1.229069389819704e-03	1.230268770812381e-03
1829	1.193333194275614e-03	1.202264434617413e-03
1877	1.174200815962090e-03	1.174897554939529e-03
1936	1.147482530352684e-03	1.148153621496883e-03
1975	1.121940422532886e-03	1.122018454301963e-03
2013	9.539678736777413e-04	9.549925860214359e-04
2071	9.279446683938541e-04	9.332543007969915e-04
2112	8.359635933221643e-04	8.511380382023768e-04
2131	8.315265167929686e-04	8.317637711026709e-04
2173	8.033192296802438e-04	8.128305161640995e-04
2202	7.939058237038665e-04	7.943282347242813e-04
2284	7.756162513211651e-04	7.762471166286919e-04
2339	7.585757637830204e-04	7.585775750291835e-04
2398	7.378869087102391e-04	7.413102413009177e-04
2424	7.243985874200165e-04	7.244359600749898e-04
2524	7.075858860440265e-04	7.079457843841380e-04
2564	6.912015983563391e-04	6.918309709189362e-04
2593	6.709589947068162e-04	6.760829753919819e-04
2618	6.512606187107917e-04	6.606934480075957e-04
2619	6.309911664886814e-04	6.456542290346556e-04
2620	6.309310923671152e-04	6.309573444801930e-04
2693	6.164241576542828e-04	6.165950018614823e-04
2782	5.930394604815037e-04	6.025595860743575e-04
2816	5.886631086285954e-04	5.888436553555889e-04
2891	5.713150370549869e-04	5.754399373371566e-04
2943	5.621718321217051e-04	5.623413251903491e-04
2997	5.417093932323924e-04	5.495408738576248e-04
3001	5.399170993143354e-04	5.495408738576248e-04
%
% index = 653, name = bbob_f002_i09_d03__bbob_f002_i10_d03
% instance = 4, reference value = 8.415235210589580e-01
% function evaluation | indicator value | target hit
1	3.771625340968458e+00	3.801893963205611e+00
71	9.311719877699580e-01	9.332543007969910e-01
187	8.423440253729579e-01	8.511380382023764e-01
216	6.066092034605921e-01	6.165950018614822e-01
234	4.236583187135358e-01	4.265795188015927e-01
238	3.656087902318241e-01	3.715352290971726e-01
258	2.498607730369543e-01	2.511886431509580e-01
298	2.338180037908776e-01	2.344228815319922e-01
307	1.818296963015300e-01	1.819700858609984e-01
310	1.744207101038040e-01	1.778279410038923e-01
312	1.695860964634476e-01	1.698243652461744e-01
313	1.613062651291423e-01	1.621810097358930e-01
329	1.332125204731232e-01	1.348962882591654e-01
347	1.259738502072690e-01	1.288249551693134e-01
358	1.100836346189188e-01	1.122018454301964e-01
359	1.084088851500220e-01	1.096478196143185e-01
365	7.893554332040720e-02	7.943282347242814e-02
366	7.720329489511479e-02	7.762471166286916e-02
371	7.379246841052189e-02	7.413102413009177e-02
381	7.185802809922359e-02	7.244359600749903e-02
395	6.597290839763115e-02	6.606934480075961e-02
405	6.396449884887012e-02	6.456542290346556e-02
410	6.285199632137817e-02	6.309573444801933e-02
439	5.934955993735691e-02	6.025595860743578e-02
457	5.783851272610940e-02	5.888436553555890e-02
458	5.551023625835028e-02	5.623413251903491e-02
466	5.281058455349075e-02	5.370317963702527e-02
468	4.996352801386383e-02	5.011872336272722e-02
478	4.888349776622869e-02	4.897788193684462e-02
480	4.761773610742137e-02	4.786300923226382e-02
482	4.586752014277884e-02	4.677351412871981e-02
483	4.570747435300837e-02	4.570881896148749e-02
485	4.437711698362967e-02	4.466835921509630e-02
493	4.330141609954397e-02	4.365158322401658e-02
500	4.173005237961502e-02	4.265795188015926e-02
504	4.143242806958491e-02	4.168693834703355e-02
519	3.926342402643912e-02	3.981071705534973e-02
528	3.868585656657642e-02	3.890451449942807e-02
532	3.708690403604409e-02	3.715352290971726e-02
540	3.560340272318063e-02	3.630780547701014e-02
546	3.514924153359178e-02	3.548133892335755e-02
551	3.369456656867820e-02	3.388441561392026e-02
556	2.915659932276093e-02	2.951209226666385e-02
557	2.559492140516584e-02	2.570395782768863e-02
561	2.500886796365331e-02	2.511886431509579e-02
562	2.439878391888817e-02	2.454708915685030e-02
570	2.163699986819390e-02	2.187761623949553e-02
572	2.129494504873475e-02	2.137962089502233e-02
589	2.041113518354498e-02	2.041737944669529e-02
594	1.947801422813211e-02	1.949844599758046e-02
598	1.867826493884150e-02	1.905460717963247e-02
605	1.755776965098566e-02	1.778279410038923e-02
606	1.728448227169022e-02	1.737800828749375e-02
616	1.675673537650690e-02	1.698243652461744e-02
620	1.654440148801672e-02	1.659586907437561e-02
624	1.578204587334042e-02	1.584893192461113e-02
630	1.539755157468203e-02	1.548816618912481e-02
633	1.511881407099480e-02	1.513561248436208e-02
644	1.474744919800741e-02	1.479108388168207e-02
646	1.439310967867302e-02	1.445439770745927e-02
651	1.410701020262684e-02	1.412537544622754e-02
660	1.376441847904974e-02	1.380384264602885e-02
662	1.344526284266989e-02	1.348962882591653e-02
665	1.311939762362402e-02	1.318256738556407e-02
674	1.283886213460639e-02	1.288249551693134e-02
682	1.251830723930070e-02	1.258925411794167e-02
694	1.203989058429422e-02	1.230268770812382e-02
695	1.194575748891102e-02	1.202264434617413e-02
698	1.167660652904834e-02	1.174897554939530e-02
707	1.145986527916010e-02	1.148153621496883e-02
717	1.104034095236417e-02	1.122018454301964e-02
724	1.094225795615245e-02	1.096478196143185e-02
734	1.067965386449743e-02	1.071519305237606e-02
741	1.045324379327484e-02	1.047128548050900e-02
753	1.022217562055105e-02	1.023292992280754e-02
772	9.936342313684232e-03	1.000000000000000e-02
787	9.736051465670581e-03	9.772372209558112e-03
790	9.478702035540132e-03	9.549925860214359e-03
794	9.314010574964837e-03	9.332543007969915e-03
806	9.022784936535966e-03	9.120108393559097e-03
810	8.886342961889393e-03	8.912509381337459e-03
815	8.390274770081696e-03	8.511380382023767e-03
820	8.316769763452525e-03	8.317637711026709e-03
829	8.092189356430191e-03	8.128305161640995e-03
846	7.930248446340049e-03	7.943282347242814e-03
862	7.742479107302858e-03	7.762471166286920e-03
868	7.583736782652895e-03	7.585775750291836e-03
871	7.303939542243620e-03	7.413102413009177e-03
878	7.217207888129185e-03	7.244359600749898e-03
896	7.076619867960043e-03	7.079457843841380e-03
925	6.904671338935575e-03	6.918309709189363e-03
936	6.749653592168170e-03	6.760829753919818e-03
960	6.604655958255545e-03	6.606934480075957e-03
974	6.440361698774488e-03	6.456542290346556e-03
987	6.045503252519624e-03	6.165950018614822e-03
1001	6.016770807693583e-03	6.025595860743574e-03
1019	5.860228988088245e-03	5.888436553555890e-03
1042	5.212861488753773e-03	5.248074602497728e-03
1054	3.575119888836409e-03	3.630780547701014e-03
1058	3.528551924102730e-03	3.548133892335753e-03
1070	3.370629007372061e-03	3.388441561392024e-03
1088	3.309316282708252e-03	3.311311214825911e-03
1101	3.235369854513781e-03	3.235936569296281e-03
1123	3.153985863973308e-03	3.162277660168379e-03
1145	2.808554821118969e-03	2.818382931264455e-03
1154	2.406185642499725e-03	2.454708915685031e-03
1158	2.394094130198088e-03	2.398832919019490e-03
1163	2.309769049767096e-03	2.344228815319923e-03
1168	2.277071554664944e-03	2.290867652767772e-03
1179	2.227870562089063e-03	2.238721138568340e-03
1192	2.182781391596555e-03	2.187761623949552e-03
1199	2.136575836830690e-03	2.137962089502233e-03
1211	2.089194056130506e-03	2.089296130854039e-03
1229	2.040949278415471e-03	2.041737944669530e-03
1255	1.993726145088859e-03	1.995262314968879e-03
1282	1.948088661703817e-03	1.949844599758046e-03
1287	1.866327653579303e-03	1.905460717963246e-03
1291	1.861223985191396e-03	1.862087136662868e-03
1297	1.803495955489121e-03	1.819700858609983e-03
1307	1.777803490757845e-03	1.778279410038923e-03
1335	1.737278458281089e-03	1.737800828749376e-03
1350	1.691819706123865e-03	1.698243652461744e-03
1376	1.659427068482322e-03	1.659586907437561e-03
1417	1.621609940835045e-03	1.621810097358930e-03
1475	1.584878699821379e-03	1.584893192461114e-03
1506	1.548521016195736e-03	1.548816618912481e-03
1530	1.511345520909257e-03	1.513561248436209e-03
1531	1.476327540464673e-03	1.479108388168207e-03
1539	1.445367640707240e-03	1.445439770745928e-03
1562	1.412137508789324e-03	1.412537544622754e-03
1592	1.379318556295028e-03	1.380384264602885e-03
1608	1.347142506768706e-03	1.348962882591653e-03
1632	1.313849934564848e-03	1.318256738556408e-03
1667	1.285327442270612e-03	1.288249551693134e-03
1695	1.258753252888489e-03	1.258925411794167e-03
1725	1.228999309822010e-03	1.230268770812381e-03
1748	1.198125913955184e-03	1.202264434617413e-03
1782	1.174438766549324e-03	1.174897554939529e-03
1798	1.147004525851925e-03	1.148153621496883e-03
1815	1.121998216178866e-03	1.122018454301963e-03
1823	1.092901662271162e-03	1.096478196143185e-03
1870	1.039303304826600e-03	1.047128548050900e-03
1877	1.012066453647265e-03	1.023292992280754e-03
1893	9.984314832909291e-04	1.000000000000000e-03
1924	9.666464802261521e-04	9.772372209558111e-04
1961	9.542432451807858e-04	9.549925860214359e-04
1999	9.302475903658625e-04	9.332543007969915e-04
2025	9.103440464623969e-04	9.120108393559096e-04
2095	8.911724872388005e-04	8.912509381337459e-04
2128	8.681974547738447e-04	8.709635899560805e-04
2193	8.498113910567762e-04	8.511380382023768e-04
2225	8.310170321578214e-04	8.317637711026709e-04
2282	8.077888516020426e-04	8.128305161640995e-04
2354	7.942562851059876e-04	7.943282347242813e-04
2405	7.751677220007025e-04	7.762471166286919e-04
2450	7.585271967146534e-04	7.585775750291835e-04
2494	7.412771424095688e-04	7.413102413009177e-04
2568	7.240586577148544e-04	7.244359600749898e-04
2666	7.077077453163660e-04	7.079457843841380e-04
2711	6.918307154061276e-04	6.918309709189362e-04
2762	6.760376117762590e-04	6.760829753919819e-04
2786	6.544347128232264e-04	6.606934480075957e-04
2817	6.455168975968428e-04	6.456542290346556e-04
2847	5.941635786220756e-04	6.025595860743575e-04
2886	5.886956485186001e-04	5.888436553555889e-04
2911	5.754104294667384e-04	5.754399373371566e-04
3001	5.657537628026565e-04	5.754399373371566e-04
%
% index = 654, name = bbob_f002_i11_d03__bbob_f002_i12_d03
% instance = 5, reference value = 7.755805686226021e-01
% function evaluation | indicator value | target hit
1	7.760785922192710e+00	7.762471166286917e+00
52	6.708794512770005e+00	6.760829753919817e+00
99	4.930875086541537e-01	5.011872336272722e-01
249	4.377152587018719e-01	4.466835921509631e-01
345	3.822893188682462e-01	3.890451449942806e-01
360	3.231370302005646e-01	3.235936569296283e-01
361	2.823468288755221e-01	2.884031503126606e-01
363	2.245255577955164e-01	2.290867652767773e-01
365	1.936337614761614e-01	1.949844599758045e-01
404	1.649744377585314e-01	1.659586907437560e-01
405	1.469723909947938e-01	1.479108388168208e-01
420	1.410756072550127e-01	1.412537544622754e-01
444	1.254839090819292e-01	1.258925411794167e-01
460	1.068038329473948e-01	1.071519305237607e-01
476	1.022001539104935e-01	1.023292992280754e-01
485	9.956303939874911e-02	1.000000000000000e-01
486	8.960901082360340e-02	9.120108393559097e-02
506	8.716552219900409e-02	8.912509381337455e-02
507	8.708420241098569e-02	8.709635899560805e-02
512	8.068776710921066e-02	8.128305161640990e-02
515	7.632378499091219e-02	7.762471166286916e-02
521	6.426460201082207e-02	6.456542290346556e-02
543	6.298220417505473e-02	6.309573444801933e-02
547	5.940754695106365e-02	6.025595860743578e-02
550	5.436103458651431e-02	5.495408738576246e-02
555	5.241548419765352e-02	5.248074602497726e-02
580	5.089420872660855e-02	5.128613839913648e-02
581	4.983341384908369e-02	5.011872336272722e-02
583	4.864626867078126e-02	4.897788193684462e-02
597	4.784459364424742e-02	4.786300923226382e-02
606	4.670926967050859e-02	4.677351412871981e-02
608	4.498502389403070e-02	4.570881896148749e-02
609	4.306201262039655e-02	4.365158322401658e-02
619	4.208069854565188e-02	4.265795188015926e-02
620	4.154336018536697e-02	4.168693834703355e-02
622	3.972167305414809e-02	3.981071705534973e-02
633	3.865539580926058e-02	3.890451449942807e-02
634	3.781076320094490e-02	3.801893963205612e-02
635	3.605129672353302e-02	3.630780547701014e-02
643	3.526784097903279e-02	3.548133892335755e-02
647	3.435215066290309e-02	3.467368504525317e-02
653	3.378426480909824e-02	3.388441561392026e-02
661	3.311106673717801e-02	3.311311214825911e-02
674	3.218486843790946e-02	3.235936569296283e-02
684	3.122878648742133e-02	3.162277660168379e-02
686	2.944383338491108e-02	2.951209226666385e-02
706	2.820664624525426e-02	2.884031503126606e-02
711	2.813735282705498e-02	2.818382931264454e-02
719	2.747714067439011e-02	2.754228703338166e-02
733	2.671888463212946e-02	2.691534803926915e-02
741	2.611855959875153e-02	2.630267991895381e-02
744	2.569925586501165e-02	2.570395782768863e-02
753	2.507451336017874e-02	2.511886431509579e-02
768	2.408051792449428e-02	2.454708915685030e-02
769	2.394455524714323e-02	2.398832919019490e-02
775	2.342665664122590e-02	2.344228815319923e-02
779	2.267844186255596e-02	2.290867652767773e-02
780	2.238125218219433e-02	2.238721138568340e-02
786	2.187323550395881e-02	2.187761623949553e-02
788	2.071145174789013e-02	2.089296130854040e-02
793	2.000779831498511e-02	2.041737944669529e-02
797	1.992299003249953e-02	1.995262314968880e-02
800	1.941748705676127e-02	1.949844599758046e-02
814	1.902842372629476e-02	1.905460717963247e-02
822	1.831732574575151e-02	1.862087136662868e-02
824	1.815621918113963e-02	1.819700858609984e-02
834	1.758006069106510e-02	1.778279410038923e-02
838	1.703147437286467e-02	1.737800828749375e-02
839	1.669526574051106e-02	1.698243652461744e-02
842	1.659283546014634e-02	1.659586907437561e-02
843	1.573552880072360e-02	1.584893192461113e-02
854	1.541037416691171e-02	1.548816618912481e-02
859	1.507301728084431e-02	1.513561248436208e-02
861	1.454505582763255e-02	1.479108388168207e-02
864	1.428349748270763e-02	1.445439770745927e-02
865	1.411504825100407e-02	1.412537544622754e-02
877	1.373364794101195e-02	1.380384264602885e-02
880	1.343536689860569e-02	1.348962882591653e-02
888	1.316711855433705e-02	1.318256738556407e-02
893	1.235005135577427e-02	1.258925411794167e-02
896	1.224455407496472e-02	1.230268770812382e-02
906	1.156999339639864e-02	1.174897554939530e-02
909	1.141634954722848e-02	1.148153621496883e-02
922	1.114563996348128e-02	1.122018454301964e-02
928	1.095693512455997e-02	1.096478196143185e-02
938	1.034490406571642e-02	1.047128548050900e-02
946	1.022111527436098e-02	1.023292992280754e-02
948	9.985056925247315e-03	1.000000000000000e-02
976	9.762192921810242e-03	9.772372209558112e-03
992	9.387974331475757e-03	9.549925860214359e-03
998	9.329141817741693e-03	9.332543007969915e-03
1014	9.091570940797045e-03	9.120108393559097e-03
1018	8.870036716485008e-03	8.912509381337459e-03
1020	8.619912149586573e-03	8.709635899560805e-03
1026	8.486096547034250e-03	8.511380382023767e-03
1047	8.316060726733521e-03	8.317637711026709e-03
1059	8.078229494014044e-03	8.128305161640995e-03
1082	7.940712408434303e-03	7.943282347242814e-03
1094	7.355244746191647e-03	7.413102413009177e-03
1097	7.233491484987975e-03	7.244359600749898e-03
1124	7.076425181634538e-03	7.079457843841380e-03
1125	6.756138990913874e-03	6.760829753919818e-03
1154	5.918072365116656e-03	6.025595860743574e-03
1159	5.887738610476756e-03	5.888436553555890e-03
1180	5.570474612915377e-03	5.623413251903491e-03
1201	5.470110019752061e-03	5.495408738576248e-03
1220	5.370078211739737e-03	5.370317963702527e-03
1223	5.246885338978213e-03	5.248074602497728e-03
1246	5.124473186599920e-03	5.128613839913648e-03
1248	4.998038133578131e-03	5.011872336272725e-03
1250	4.821134556186935e-03	4.897788193684461e-03
1255	4.301138990048026e-03	4.365158322401661e-03
1270	4.255201006370002e-03	4.265795188015926e-03
1283	4.167508830325573e-03	4.168693834703355e-03
1300	4.069741387963233e-03	4.073802778041126e-03
1322	3.900112370758713e-03	3.981071705534973e-03
1325	3.889760808430953e-03	3.890451449942805e-03
1350	3.800698206628761e-03	3.801893963205613e-03
1364	3.714020857545131e-03	3.715352290971724e-03
1383	3.630642233139025e-03	3.630780547701014e-03
1423	3.546647896701560e-03	3.548133892335753e-03
1426	3.455073215744675e-03	3.467368504525317e-03
1434	3.350574931880845e-03	3.388441561392024e-03
1453	3.298769266626977e-03	3.311311214825911e-03
1477	3.234898222694182e-03	3.235936569296281e-03
1505	3.151452850486347e-03	3.162277660168379e-03
1511	3.059593490689738e-03	3.090295432513592e-03
1525	2.965988298642364e-03	3.019951720402016e-03
1544	2.950631094697731e-03	2.951209226666387e-03
1587	2.879299049220019e-03	2.884031503126605e-03
1617	2.814465137102595e-03	2.818382931264455e-03
1636	2.746086694756067e-03	2.754228703338166e-03
1643	2.685947740428962e-03	2.691534803926917e-03
1692	2.621126888760150e-03	2.630267991895381e-03
1713	2.559916882233781e-03	2.570395782768865e-03
1764	2.511100329862126e-03	2.511886431509579e-03
1766	2.429388743852789e-03	2.454708915685031e-03
1790	2.325273340085365e-03	2.344228815319923e-03
1814	2.289598856775821e-03	2.290867652767772e-03
1840	2.202053483260302e-03	2.238721138568340e-03
1850	2.185976259436617e-03	2.187761623949552e-03
1866	2.137603522665343e-03	2.137962089502233e-03
1910	2.085205615493413e-03	2.089296130854039e-03
1943	2.025217346305896e-03	2.041737944669530e-03
1944	1.750269026999485e-03	1.778279410038923e-03
1954	1.720330529651370e-03	1.737800828749376e-03
1955	1.622939204246499e-03	1.659586907437561e-03
1957	1.621622485877605e-03	1.621810097358930e-03
1974	1.579981562450095e-03	1.584893192461114e-03
2022	1.548774998031077e-03	1.548816618912481e-03
2032	1.497918610856352e-03	1.513561248436209e-03
2045	1.473844459055740e-03	1.479108388168207e-03
2083	1.444390150663222e-03	1.445439770745928e-03
2124	1.412287970830373e-03	1.412537544622754e-03
2140	1.376076512591307e-03	1.380384264602885e-03
2154	1.342170860159531e-03	1.348962882591653e-03
2191	1.312649018910816e-03	1.318256738556408e-03
2215	1.285918388998830e-03	1.288249551693134e-03
2242	1.257542696353808e-03	1.258925411794167e-03
2310	1.230157225386108e-03	1.230268770812381e-03
2344	1.199785194084257e-03	1.202264434617413e-03
2354	1.077054034584135e-03	1.096478196143185e-03
2355	1.067762635769132e-03	1.071519305237606e-03
2386	1.039046068271765e-03	1.047128548050900e-03
2410	9.450650837613539e-04	9.549925860214359e-04
2443	9.314257785527635e-04	9.332543007969915e-04
2500	9.105664161294102e-04	9.120108393559096e-04
2538	8.909958966820675e-04	8.912509381337459e-04
2633	8.706172014171232e-04	8.709635899560805e-04
2701	8.508677865951553e-04	8.511380382023768e-04
2718	7.976394498725448e-04	8.128305161640995e-04
2738	7.904547950303709e-04	7.943282347242813e-04
2767	7.762247809552925e-04	7.762471166286919e-04
2778	7.537354660842599e-04	7.585775750291835e-04
2823	7.412683579108847e-04	7.413102413009177e-04
2847	7.113232634970990e-04	7.244359600749898e-04
2873	7.050541255725351e-04	7.079457843841380e-04
2913	6.867618532140352e-04	6.918309709189362e-04
2946	6.671315412092316e-04	6.760829753919819e-04
2949	6.555058120804036e-04	6.606934480075957e-04
2971	6.455483375060744e-04	6.456542290346556e-04
2992	6.283951224680395e-04	6.309573444801930e-04
3001	6.255469019411652e-04	6.309573444801930e-04
%
% index = 655, name = bbob_f002_i13_d03__bbob_f002_i14_d03
% instance = 6, reference value = 8.292870411020900e-01
% function evaluation | indicator value | target hit
1	3.254898392341128e-01	3.311311214825911e-01
55	2.069654045422834e-01	2.089296130854039e-01
96	1.971708213585144e-01	1.995262314968880e-01
105	1.933616318754898e-01	1.949844599758045e-01
124	1.826245739302329e-01	1.862087136662867e-01
127	1.783806880087578e-01	1.819700858609984e-01
129	1.647960438768015e-01	1.659586907437560e-01
144	1.290364954523761e-01	1.318256738556407e-01
171	9.755624738471602e-02	9.772372209558107e-02
172	9.091703512960547e-02	9.120108393559097e-02
205	8.691049248185390e-02	8.709635899560805e-02
212	8.083911406175626e-02	8.128305161640990e-02
224	7.429442296190236e-02	7.585775750291836e-02
225	7.180137113290563e-02	7.244359600749903e-02
253	7.052031125857094e-02	7.079457843841380e-02
265	6.867826649981623e-02	6.918309709189366e-02
267	6.729416141283462e-02	6.760829753919818e-02
268	6.535923763476936e-02	6.606934480075961e-02
274	5.189918612020039e-02	5.248074602497726e-02
275	4.645915901649689e-02	4.677351412871981e-02
279	4.561875358216894e-02	4.570881896148749e-02
284	4.396741400222648e-02	4.466835921509630e-02
288	4.359730361208347e-02	4.365158322401658e-02
302	4.245395425404375e-02	4.265795188015926e-02
303	4.162393846313184e-02	4.168693834703355e-02
305	3.559039869388725e-02	3.630780547701014e-02
309	3.509285959604069e-02	3.548133892335755e-02
312	3.351579714454156e-02	3.388441561392026e-02
323	3.283509243544314e-02	3.311311214825911e-02
331	3.166007670624238e-02	3.235936569296283e-02
332	3.147232647208287e-02	3.162277660168379e-02
340	3.062014789725553e-02	3.090295432513590e-02
343	2.993634113030197e-02	3.019951720402016e-02
346	2.748217254524721e-02	2.754228703338166e-02
359	2.665693047368378e-02	2.691534803926915e-02
364	2.591763379858958e-02	2.630267991895381e-02
365	2.552222306467666e-02	2.570395782768863e-02
376	2.511646275823831e-02	2.511886431509579e-02
384	2.332753715366886e-02	2.344228815319923e-02
385	2.287131614778237e-02	2.290867652767773e-02
386	2.205926755768861e-02	2.238721138568340e-02
387	2.153601430137519e-02	2.187761623949553e-02
388	2.133974653505588e-02	2.137962089502233e-02
390	2.051814788532469e-02	2.089296130854040e-02
391	1.689329116059402e-02	1.698243652461744e-02
394	1.585525320368875e-02	1.621810097358930e-02
396	1.580219129772653e-02	1.584893192461113e-02
405	1.540181310512823e-02	1.548816618912481e-02
413	1.512100374172032e-02	1.513561248436208e-02
416	1.463544520485249e-02	1.479108388168207e-02
421	1.445238156885253e-02	1.445439770745927e-02
425	1.347631449170827e-02	1.348962882591653e-02
428	1.286950708167167e-02	1.288249551693134e-02
437	1.249305403798739e-02	1.258925411794167e-02
438	1.098424019804956e-02	1.122018454301964e-02
439	1.093292298663895e-02	1.096478196143185e-02
443	1.030744764384817e-02	1.047128548050900e-02
447	1.022159784867793e-02	1.023292992280754e-02
452	9.898152112008951e-03	1.000000000000000e-02
460	9.750131167201026e-03	9.772372209558112e-03
467	9.525944449922497e-03	9.549925860214359e-03
471	9.289337300306344e-03	9.332543007969915e-03
473	9.117411530356834e-03	9.120108393559097e-03
475	8.738423076168678e-03	8.912509381337459e-03
479	8.681589504396792e-03	8.709635899560805e-03
481	8.434064054072210e-03	8.511380382023767e-03
485	8.312084540097131e-03	8.317637711026709e-03
488	8.116408370879569e-03	8.128305161640995e-03
494	7.897997048920025e-03	7.943282347242814e-03
501	7.756207279631000e-03	7.762471166286920e-03
514	7.517224183052895e-03	7.585775750291836e-03
518	7.368223434603638e-03	7.413102413009177e-03
520	7.174436807085516e-03	7.244359600749898e-03
526	7.015442365360669e-03	7.079457843841380e-03
533	6.885871678451116e-03	6.918309709189363e-03
534	6.671038780781013e-03	6.760829753919818e-03
538	6.443694616816487e-03	6.456542290346556e-03
543	6.264908317417772e-03	6.309573444801930e-03
551	6.149093897643398e-03	6.165950018614822e-03
557	6.023172299468693e-03	6.025595860743574e-03
561	5.847311108871045e-03	5.888436553555890e-03
568	5.736217954896872e-03	5.754399373371567e-03
574	5.615609005048761e-03	5.623413251903491e-03
575	5.392956793415338e-03	5.495408738576248e-03
578	5.324085432356851e-03	5.370317963702527e-03
581	5.221023867948982e-03	5.248074602497728e-03
587	5.087683055932768e-03	5.128613839913648e-03
589	5.011519248706242e-03	5.011872336272725e-03
600	4.830238044120527e-03	4.897788193684461e-03
605	4.780240563082905e-03	4.786300923226385e-03
609	4.676493475612720e-03	4.677351412871981e-03
618	4.570522343922745e-03	4.570881896148752e-03
625	4.448484189544910e-03	4.466835921509630e-03
630	4.283038410792916e-03	4.365158322401661e-03
633	4.257076283493255e-03	4.265795188015926e-03
645	4.167571341474496e-03	4.168693834703355e-03
656	4.033538234294975e-03	4.073802778041126e-03
661	3.957518037964070e-03	3.981071705534973e-03
674	3.886319454844189e-03	3.890451449942805e-03
687	3.798211490737002e-03	3.801893963205613e-03
704	3.689158748910848e-03	3.715352290971724e-03
717	3.625727013102042e-03	3.630780547701014e-03
730	3.535746053426214e-03	3.548133892335753e-03
740	3.453778934474072e-03	3.467368504525317e-03
755	3.388082535547121e-03	3.388441561392024e-03
764	3.265155423181398e-03	3.311311214825911e-03
776	3.234936853671710e-03	3.235936569296281e-03
800	3.161489742256052e-03	3.162277660168379e-03
813	3.086803907837998e-03	3.090295432513592e-03
820	2.995648084561098e-03	3.019951720402016e-03
824	2.948828466386555e-03	2.951209226666387e-03
836	2.880907043705583e-03	2.884031503126605e-03
847	2.799027894207273e-03	2.818382931264455e-03
859	2.746717391943210e-03	2.754228703338166e-03
863	2.574411327910586e-03	2.630267991895381e-03
864	2.565960751973684e-03	2.570395782768865e-03
871	2.504977136117859e-03	2.511886431509579e-03
885	2.448417385758961e-03	2.454708915685031e-03
897	2.394378509541051e-03	2.398832919019490e-03
913	2.341169553206290e-03	2.344228815319923e-03
918	2.268592381269530e-03	2.290867652767772e-03
928	2.236710167632161e-03	2.238721138568340e-03
941	2.179616514489280e-03	2.187761623949552e-03
958	2.137510664510289e-03	2.137962089502233e-03
983	2.087094428624869e-03	2.089296130854039e-03
1003	2.034323408039329e-03	2.041737944669530e-03
1020	1.985728553692057e-03	1.995262314968879e-03
1025	1.943090285956295e-03	1.949844599758046e-03
1030	1.895678651242294e-03	1.905460717963246e-03
1047	1.858472038918313e-03	1.862087136662868e-03
1063	1.819404465185470e-03	1.819700858609983e-03
1083	1.778108761825603e-03	1.778279410038923e-03
1119	1.733021841609395e-03	1.737800828749376e-03
1143	1.677128486223367e-03	1.698243652461744e-03
1155	1.654630966926307e-03	1.659586907437561e-03
1184	1.608523608321977e-03	1.621810097358930e-03
1190	1.565587229634624e-03	1.584893192461114e-03
1196	1.547315845429442e-03	1.548816618912481e-03
1204	1.497883265725863e-03	1.513561248436209e-03
1206	1.479043290122273e-03	1.479108388168207e-03
1207	1.444335124983431e-03	1.445439770745928e-03
1229	1.408885321298015e-03	1.412537544622754e-03
1262	1.380220689125911e-03	1.380384264602885e-03
1299	1.348016056766932e-03	1.348962882591653e-03
1326	1.314103132001310e-03	1.318256738556408e-03
1339	1.284320341588763e-03	1.288249551693134e-03
1359	1.258008622841533e-03	1.258925411794167e-03
1382	1.229441903461637e-03	1.230268770812381e-03
1407	1.201319146014845e-03	1.202264434617413e-03
1434	1.174087170106697e-03	1.174897554939529e-03
1486	1.143364703493077e-03	1.148153621496883e-03
1504	1.121475706598152e-03	1.122018454301963e-03
1571	1.096021785663259e-03	1.096478196143185e-03
1624	1.071382961358336e-03	1.071519305237606e-03
1646	1.047016526024902e-03	1.047128548050900e-03
1701	1.022391724610050e-03	1.023292992280754e-03
1775	9.980957465427487e-04	1.000000000000000e-03
1813	9.738629511898411e-04	9.772372209558111e-04
1854	9.542652337045654e-04	9.549925860214359e-04
1889	9.329681916220300e-04	9.332543007969915e-04
1947	9.020368013689106e-04	9.120108393559096e-04
1971	8.911288641785253e-04	8.912509381337459e-04
2042	8.707671118056703e-04	8.709635899560805e-04
2060	8.478029948822963e-04	8.511380382023768e-04
2117	8.297734391594647e-04	8.317637711026709e-04
2183	8.127343343025117e-04	8.128305161640995e-04
2240	7.931463993492427e-04	7.943282347242813e-04
2349	7.761458494692786e-04	7.762471166286919e-04
2421	7.534373092610291e-04	7.585775750291835e-04
2487	7.411356916080525e-04	7.413102413009177e-04
2592	7.244123932836910e-04	7.244359600749898e-04
2601	7.075419648886472e-04	7.079457843841380e-04
2675	6.917836701193503e-04	6.918309709189362e-04
2775	6.760732975148454e-04	6.760829753919819e-04
2885	6.603191299819899e-04	6.606934480075957e-04
2953	6.426426393614237e-04	6.456542290346556e-04
3001	6.357438590229858e-04	6.456542290346556e-04
%
% index = 656, name = bbob_f002_i15_d03__bbob_f002_i16_d03
% instance = 7, reference value = 8.340745329160970e-01
% function evaluation | indicator value | target hit
1	5.668997201613158e-01	5.754399373371569e-01
51	1.926394084658238e-01	1.949844599758045e-01
112	1.859016217884014e-01	1.862087136662867e-01
121	1.302373693735148e-01	1.318256738556407e-01
123	1.280784323951523e-01	1.288249551693134e-01
174	1.151747971275487e-01	1.174897554939529e-01
175	1.080242851822296e-01	1.096478196143185e-01
190	1.049151747687236e-01	1.071519305237607e-01
191	1.002159290168534e-01	1.023292992280754e-01
207	6.833396731104446e-02	6.918309709189366e-02
233	6.435436423452445e-02	6.456542290346556e-02
244	5.469960390514195e-02	5.495408738576246e-02
258	5.234685756047508e-02	5.248074602497726e-02
259	4.911298284142140e-02	5.011872336272722e-02
264	4.886323647342328e-02	4.897788193684462e-02
267	4.776675145079634e-02	4.786300923226382e-02
270	4.258026358995859e-02	4.265795188015926e-02
307	3.973967805052603e-02	3.981071705534973e-02
315	3.708839654235618e-02	3.715352290971726e-02
326	3.219072801481870e-02	3.235936569296283e-02
340	3.093880955334649e-02	3.162277660168379e-02
341	3.027744097012297e-02	3.090295432513590e-02
344	3.002713280918223e-02	3.019951720402016e-02
346	2.918258332616264e-02	2.951209226666385e-02
350	2.848650075919656e-02	2.884031503126606e-02
351	2.757992412919164e-02	2.818382931264454e-02
356	2.662276041553424e-02	2.691534803926915e-02
357	2.590590067357457e-02	2.630267991895381e-02
358	2.539397457111703e-02	2.570395782768863e-02
359	2.439884980457829e-02	2.454708915685030e-02
360	2.396872511860426e-02	2.398832919019490e-02
361	2.152534033109488e-02	2.187761623949553e-02
365	2.028368762999144e-02	2.041737944669529e-02
366	1.966672097009203e-02	1.995262314968880e-02
376	1.869384166497057e-02	1.905460717963247e-02
382	1.858724925874600e-02	1.862087136662868e-02
388	1.795036449135234e-02	1.819700858609984e-02
396	1.773575789307702e-02	1.778279410038923e-02
404	1.700364882401684e-02	1.737800828749375e-02
406	1.658287608665210e-02	1.659586907437561e-02
411	1.501249292197426e-02	1.513561248436208e-02
415	1.478223382598487e-02	1.479108388168207e-02
443	1.444042211844254e-02	1.445439770745927e-02
447	1.397380007277771e-02	1.412537544622754e-02
457	1.356676952809099e-02	1.380384264602885e-02
458	1.342643205401617e-02	1.348962882591653e-02
464	1.311392964113389e-02	1.318256738556407e-02
467	1.265093420618679e-02	1.288249551693134e-02
469	1.253186535949136e-02	1.258925411794167e-02
476	1.222325759422560e-02	1.230268770812382e-02
477	1.189623525963368e-02	1.202264434617413e-02
482	1.174579310423984e-02	1.174897554939530e-02
490	1.127616325121217e-02	1.148153621496883e-02
491	1.117162022524620e-02	1.122018454301964e-02
494	1.090079479149786e-02	1.096478196143185e-02
496	1.052746299667451e-02	1.071519305237606e-02
499	1.033851397637897e-02	1.047128548050900e-02
501	1.017672307163930e-02	1.023292992280754e-02
507	9.999113263433612e-03	1.000000000000000e-02
521	9.764165036905581e-03	9.772372209558112e-03
531	9.525764140121185e-03	9.549925860214359e-03
537	9.330652246837379e-03	9.332543007969915e-03
551	9.118478067297486e-03	9.120108393559097e-03
553	8.843180386782112e-03	8.912509381337459e-03
554	8.415751276425354e-03	8.511380382023767e-03
565	8.225416100619776e-03	8.317637711026709e-03
570	8.115853938080675e-03	8.128305161640995e-03
572	7.683119836248031e-03	7.762471166286920e-03
582	7.467022040803850e-03	7.585775750291836e-03
585	6.968389464445113e-03	7.079457843841380e-03
586	6.636403740671426e-03	6.760829753919818e-03
595	6.605765843143097e-03	6.606934480075957e-03
604	6.369403707177979e-03	6.456542290346556e-03
610	6.308528611185138e-03	6.309573444801930e-03
616	6.058853596931479e-03	6.165950018614822e-03
621	6.001266185331477e-03	6.025595860743574e-03
623	5.820455625114018e-03	5.888436553555890e-03
626	5.749797129178558e-03	5.754399373371567e-03
633	5.619250208655058e-03	5.623413251903491e-03
638	5.495385715158396e-03	5.495408738576248e-03
643	5.368875907582504e-03	5.370317963702527e-03
649	5.220615842322696e-03	5.248074602497728e-03
659	5.080393993785903e-03	5.128613839913648e-03
668	4.990160346585837e-03	5.011872336272725e-03
684	4.865288890481767e-03	4.897788193684461e-03
688	4.785155912127026e-03	4.786300923226385e-03
701	4.676415794917399e-03	4.677351412871981e-03
705	4.567279281739389e-03	4.570881896148752e-03
717	4.465180402402624e-03	4.466835921509630e-03
733	4.297721019601686e-03	4.365158322401661e-03
735	4.221217464843607e-03	4.265795188015926e-03
743	4.100789465240062e-03	4.168693834703355e-03
744	4.061121711539162e-03	4.073802778041126e-03
754	3.976652729620667e-03	3.981071705534973e-03
755	3.874952845803858e-03	3.890451449942805e-03
762	3.751238086116992e-03	3.801893963205613e-03
771	3.697668443500057e-03	3.715352290971724e-03
786	3.627950885835229e-03	3.630780547701014e-03
798	3.519467770145668e-03	3.548133892335753e-03
802	3.425634326394866e-03	3.467368504525317e-03
810	3.373092174272285e-03	3.388441561392024e-03
824	3.283188764386491e-03	3.311311214825911e-03
833	3.235650418194513e-03	3.235936569296281e-03
838	3.125601562370295e-03	3.162277660168379e-03
849	3.084747218914607e-03	3.090295432513592e-03
863	3.006780006725607e-03	3.019951720402016e-03
873	2.943679135614885e-03	2.951209226666387e-03
890	2.883590142661263e-03	2.884031503126605e-03
915	2.811527059103147e-03	2.818382931264455e-03
949	2.751015312557947e-03	2.754228703338166e-03
974	2.689933052876570e-03	2.691534803926917e-03
988	2.628219311704649e-03	2.630267991895381e-03
1000	2.569523199051349e-03	2.570395782768865e-03
1016	2.453685500851455e-03	2.454708915685031e-03
1018	2.260330697998247e-03	2.290867652767772e-03
1026	2.236507832958257e-03	2.238721138568340e-03
1030	2.185085351676053e-03	2.187761623949552e-03
1058	2.136180393123466e-03	2.137962089502233e-03
1075	2.034103576877500e-03	2.041737944669530e-03
1081	1.993290618130361e-03	1.995262314968879e-03
1090	1.938201137341444e-03	1.949844599758046e-03
1105	1.903812178603692e-03	1.905460717963246e-03
1124	1.836084755415857e-03	1.862087136662868e-03
1130	1.818124665209697e-03	1.819700858609983e-03
1161	1.774606829893832e-03	1.778279410038923e-03
1178	1.734987222432260e-03	1.737800828749376e-03
1205	1.698198328157652e-03	1.698243652461744e-03
1220	1.651772321499045e-03	1.659586907437561e-03
1250	1.619766581188897e-03	1.621810097358930e-03
1283	1.584875734614521e-03	1.584893192461114e-03
1299	1.547827545761327e-03	1.548816618912481e-03
1326	1.510195856051944e-03	1.513561248436209e-03
1360	1.479036032096093e-03	1.479108388168207e-03
1390	1.445292098655515e-03	1.445439770745928e-03
1419	1.368631336686077e-03	1.380384264602885e-03
1456	1.347402923418284e-03	1.348962882591653e-03
1499	1.318183839036369e-03	1.318256738556408e-03
1524	1.287945147132041e-03	1.288249551693134e-03
1541	1.258781173677725e-03	1.258925411794167e-03
1576	1.229919840153526e-03	1.230268770812381e-03
1616	1.202258501434961e-03	1.202264434617413e-03
1632	1.174732448904425e-03	1.174897554939529e-03
1676	1.144251239934557e-03	1.148153621496883e-03
1719	1.121826488366229e-03	1.122018454301963e-03
1734	1.092501779436761e-03	1.096478196143185e-03
1768	1.060488004893889e-03	1.071519305237606e-03
1798	1.045999580917223e-03	1.047128548050900e-03
1826	9.709075294145331e-04	9.772372209558111e-04
1847	9.429624050995011e-04	9.549925860214359e-04
1875	9.332335077265608e-04	9.332543007969915e-04
1930	9.114426992042901e-04	9.120108393559096e-04
2009	8.911999522703828e-04	8.912509381337459e-04
2079	8.701622175685264e-04	8.709635899560805e-04
2117	8.489694793841762e-04	8.511380382023768e-04
2173	8.311666182627686e-04	8.317637711026709e-04
2204	7.729878656356215e-04	7.762471166286919e-04
2266	7.584399440389022e-04	7.585775750291835e-04
2375	7.337247817196246e-04	7.413102413009177e-04
2398	7.174701840204634e-04	7.244359600749898e-04
2445	7.073841034660466e-04	7.079457843841380e-04
2536	6.915187940503831e-04	6.918309709189362e-04
2623	6.754863770129793e-04	6.760829753919819e-04
2725	6.482537225338536e-04	6.606934480075957e-04
2753	6.456283139215646e-04	6.456542290346556e-04
2852	6.118642587394918e-04	6.165950018614823e-04
2970	6.020955282667328e-04	6.025595860743575e-04
3001	5.985469973475155e-04	6.025595860743575e-04
%
% index = 657, name = bbob_f002_i17_d03__bbob_f002_i18_d03
% instance = 8, reference value = 8.285185570196580e-01
% function evaluation | indicator value | target hit
1	1.104052000894657e+03	1.122018454301963e+03
121	5.142678982075264e+02	5.248074602497728e+02
259	4.511395984557287e+02	4.570881896148752e+02
264	2.807468054106168e+02	2.818382931264455e+02
279	1.478137199453839e+02	1.479108388168207e+02
350	1.062091253309119e+02	1.071519305237606e+02
396	7.461490632106845e+01	7.585775750291836e+01
456	4.069343590194555e+01	4.073802778041128e+01
555	1.097927957473346e+01	1.122018454301964e+01
626	9.163067459474938e+00	9.332543007969910e+00
655	3.510102756157050e+00	3.548133892335755e+00
735	3.198675364473694e+00	3.235936569296283e+00
757	2.718138556583402e+00	2.754228703338166e+00
805	2.115290546449802e+00	2.137962089502232e+00
869	1.844917742727010e+00	1.862087136662868e+00
917	1.740336420349649e+00	1.778279410038923e+00
955	1.643208385391674e+00	1.659586907437561e+00
976	1.505120796482118e+00	1.513561248436208e+00
977	1.210943703700932e+00	1.230268770812382e+00
986	1.141369362949454e+00	1.148153621496883e+00
994	1.076827381551522e+00	1.096478196143185e+00
1156	1.022160423038658e+00	1.023292992280754e+00
1176	8.502416035366580e-01	8.511380382023764e-01
1276	8.247116406478854e-01	8.317637711026710e-01
1448	7.533739343426586e-01	7.585775750291838e-01
1484	7.026837437345701e-01	7.079457843841379e-01
1530	6.884464172331222e-01	6.918309709189365e-01
1599	6.755455135352305e-01	6.760829753919817e-01
1624	6.451593334229627e-01	6.456542290346555e-01
1814	6.309066765515393e-01	6.309573444801932e-01
1880	6.136039369781144e-01	6.165950018614822e-01
1984	6.022118871528348e-01	6.025595860743578e-01
2104	5.868865194032835e-01	5.888436553555889e-01
2381	5.745627454213889e-01	5.754399373371569e-01
3001	5.687273353329720e-01	5.754399373371569e-01
%
% index = 658, name = bbob_f002_i19_d03__bbob_f002_i21_d03
% instance = 9, reference value = 8.240164488300230e-01
% function evaluation | indicator value | target hit
1	2.830581409329567e-01	2.884031503126606e-01
12	2.533152567452756e-01	2.570395782768864e-01
69	2.470919256419951e-01	2.511886431509580e-01
114	1.964473210891711e-01	1.995262314968880e-01
147	1.926481206773768e-01	1.949844599758045e-01
181	1.759635452082214e-01	1.778279410038923e-01
198	1.555794566865434e-01	1.584893192461113e-01
204	1.161294915218325e-01	1.174897554939529e-01
226	9.238598907304940e-02	9.332543007969910e-02
239	8.471816169737501e-02	8.511380382023763e-02
257	8.235749413309490e-02	8.317637711026708e-02
280	7.178429350193305e-02	7.244359600749903e-02
282	6.420893387504978e-02	6.456542290346556e-02
285	5.549216012207714e-02	5.623413251903491e-02
292	4.332654788063872e-02	4.365158322401658e-02
298	4.164351266739941e-02	4.168693834703355e-02
312	3.930012235832570e-02	3.981071705534973e-02
318	3.439956768615726e-02	3.467368504525317e-02
319	3.035386281667984e-02	3.090295432513590e-02
322	2.980479538042813e-02	3.019951720402016e-02
334	2.893787200311393e-02	2.951209226666385e-02
336	2.687927633906684e-02	2.691534803926915e-02
345	2.627981102935872e-02	2.630267991895381e-02
356	2.480228212465718e-02	2.511886431509579e-02
357	2.452109481438880e-02	2.454708915685030e-02
366	2.359445715325892e-02	2.398832919019490e-02
370	2.319206579024924e-02	2.344228815319923e-02
376	2.280900595282931e-02	2.290867652767773e-02
386	2.220965668790165e-02	2.238721138568340e-02
399	2.163826605317110e-02	2.187761623949553e-02
408	1.966329513813814e-02	1.995262314968880e-02
413	1.944449656654013e-02	1.949844599758046e-02
422	1.862162170663040e-02	1.905460717963247e-02
423	1.852322199680323e-02	1.862087136662868e-02
429	1.797047577814026e-02	1.819700858609984e-02
432	1.774442128250653e-02	1.778279410038923e-02
434	1.691028798975935e-02	1.698243652461744e-02
438	1.646501645635878e-02	1.659586907437561e-02
444	1.613740009980602e-02	1.621810097358930e-02
447	1.578939571840021e-02	1.584893192461113e-02
455	1.524675205982573e-02	1.548816618912481e-02
456	1.498667236347084e-02	1.513561248436208e-02
457	1.454141107808138e-02	1.479108388168207e-02
458	1.430744347149115e-02	1.445439770745927e-02
461	1.392236089715437e-02	1.412537544622754e-02
465	1.362478613821605e-02	1.380384264602885e-02
467	1.333909593301041e-02	1.348962882591653e-02
471	1.313819482652767e-02	1.318256738556407e-02
481	1.253977899013636e-02	1.258925411794167e-02
489	1.215969275356321e-02	1.230268770812382e-02
490	1.198574237268479e-02	1.202264434617413e-02
501	1.159639967531800e-02	1.174897554939530e-02
505	1.144144937458180e-02	1.148153621496883e-02
511	1.119291297154490e-02	1.122018454301964e-02
516	1.092647092742149e-02	1.096478196143185e-02
521	1.065494849602211e-02	1.071519305237606e-02
526	1.037569423082840e-02	1.047128548050900e-02
528	1.021177505592530e-02	1.023292992280754e-02
539	9.882284218767690e-03	1.000000000000000e-02
542	9.770387093357868e-03	9.772372209558112e-03
551	9.547685127086258e-03	9.549925860214359e-03
563	9.329366286334961e-03	9.332543007969915e-03
572	9.064330279351052e-03	9.120108393559097e-03
582	8.908341800770048e-03	8.912509381337459e-03
584	8.651983806672758e-03	8.709635899560805e-03
586	8.490332591878369e-03	8.511380382023767e-03
598	8.232196815358139e-03	8.317637711026709e-03
607	8.074550682958481e-03	8.128305161640995e-03
610	7.809854887446344e-03	7.943282347242814e-03
612	7.745834426897136e-03	7.762471166286920e-03
618	7.564901410098246e-03	7.585775750291836e-03
625	7.035081992451175e-03	7.079457843841380e-03
652	6.916447145140059e-03	6.918309709189363e-03
661	6.608258847917159e-03	6.760829753919818e-03
665	6.592212506793760e-03	6.606934480075957e-03
682	6.443086584557944e-03	6.456542290346556e-03
689	6.301839630890371e-03	6.309573444801930e-03
705	6.053009280064359e-03	6.165950018614822e-03
710	6.025570782221989e-03	6.025595860743574e-03
727	5.855539189474235e-03	5.888436553555890e-03
737	5.722774077964399e-03	5.754399373371567e-03
762	5.619935849722757e-03	5.623413251903491e-03
780	5.465244104803979e-03	5.495408738576248e-03
794	5.331038592617521e-03	5.370317963702527e-03
822	5.247051652601975e-03	5.248074602497728e-03
846	4.496986027458627e-03	4.570881896148752e-03
850	4.433891286941272e-03	4.466835921509630e-03
853	4.339715614776307e-03	4.365158322401661e-03
864	4.228255519923785e-03	4.265795188015926e-03
865	4.147386519951946e-03	4.168693834703355e-03
890	4.065515659313124e-03	4.073802778041126e-03
911	3.980426198755160e-03	3.981071705534973e-03
919	3.878183283368863e-03	3.890451449942805e-03
928	3.773697175685764e-03	3.801893963205613e-03
933	3.709695231911003e-03	3.715352290971724e-03
948	3.627645429640003e-03	3.630780547701014e-03
950	3.492981358003355e-03	3.548133892335753e-03
955	3.462942377834732e-03	3.467368504525317e-03
965	3.383664419265409e-03	3.388441561392024e-03
975	3.301168311070413e-03	3.311311214825911e-03
983	3.234908334025954e-03	3.235936569296281e-03
994	3.135057012883968e-03	3.162277660168379e-03
995	2.964035328335335e-03	3.019951720402016e-03
999	2.950451929808473e-03	2.951209226666387e-03
1000	2.870782353712964e-03	2.884031503126605e-03
1009	2.816617860334047e-03	2.818382931264455e-03
1029	2.743564866209525e-03	2.754228703338166e-03
1045	2.690749110362822e-03	2.691534803926917e-03
1070	2.612491993745247e-03	2.630267991895381e-03
1088	2.570008129122447e-03	2.570395782768865e-03
1091	2.458502329251711e-03	2.511886431509579e-03
1096	2.447750315946684e-03	2.454708915685031e-03
1135	2.397951629730777e-03	2.398832919019490e-03
1151	2.336336458857780e-03	2.344228815319923e-03
1185	2.289957479100546e-03	2.290867652767772e-03
1205	2.226902734106861e-03	2.238721138568340e-03
1214	2.167377586011709e-03	2.187761623949552e-03
1237	2.137737567631026e-03	2.137962089502233e-03
1264	2.006166146138133e-03	2.041737944669530e-03
1274	1.986414775242640e-03	1.995262314968879e-03
1288	1.949045182410458e-03	1.949844599758046e-03
1311	1.901054308810046e-03	1.905460717963246e-03
1330	1.861830083467075e-03	1.862087136662868e-03
1352	1.819139962199845e-03	1.819700858609983e-03
1385	1.735736410239608e-03	1.737800828749376e-03
1393	1.687733771861932e-03	1.698243652461744e-03
1395	1.656073342793052e-03	1.659586907437561e-03
1446	1.620240056466438e-03	1.621810097358930e-03
1481	1.582851070373370e-03	1.584893192461114e-03
1527	1.547483815291351e-03	1.548816618912481e-03
1545	1.512798204707511e-03	1.513561248436209e-03
1560	1.479101116488968e-03	1.479108388168207e-03
1561	1.426894264233147e-03	1.445439770745928e-03
1582	1.410584551169713e-03	1.412537544622754e-03
1589	1.367415722004384e-03	1.380384264602885e-03
1605	1.348740367398071e-03	1.348962882591653e-03
1680	1.318065813155411e-03	1.318256738556408e-03
1702	1.286541759147442e-03	1.288249551693134e-03
1734	1.258704338833128e-03	1.258925411794167e-03
1797	1.229769798699709e-03	1.230268770812381e-03
1894	1.201870396123850e-03	1.202264434617413e-03
1955	1.163431422589678e-03	1.174897554939529e-03
1991	1.147632429073231e-03	1.148153621496883e-03
2013	1.091313702825336e-03	1.096478196143185e-03
2064	1.071193140993576e-03	1.071519305237606e-03
2095	1.045578771307509e-03	1.047128548050900e-03
2117	1.022997212465016e-03	1.023292992280754e-03
2185	9.974885655561483e-04	1.000000000000000e-03
2219	9.767210479836308e-04	9.772372209558111e-04
2318	9.508554515386125e-04	9.549925860214359e-04
2319	8.870402528428079e-04	8.912509381337459e-04
2343	8.599625400824706e-04	8.709635899560805e-04
2376	8.508326437652869e-04	8.511380382023768e-04
2450	8.295056391088851e-04	8.317637711026709e-04
2511	8.116352046160236e-04	8.128305161640995e-04
2559	7.929620438541507e-04	7.943282347242813e-04
2610	7.759683573550502e-04	7.762471166286919e-04
2632	7.479689222373853e-04	7.585775750291835e-04
2666	7.411080201266129e-04	7.413102413009177e-04
2727	7.179621954918058e-04	7.244359600749898e-04
2757	6.721796433872829e-04	6.760829753919819e-04
2780	6.079214024051760e-04	6.165950018614823e-04
2795	6.024844173155852e-04	6.025595860743575e-04
2874	5.887903962510377e-04	5.888436553555889e-04
2948	5.746125332389829e-04	5.754399373371566e-04
3001	5.446847188556037e-04	5.495408738576248e-04
%
% index = 659, name = bbob_f002_i21_d03__bbob_f002_i22_d03
% instance = 10, reference value = 8.155919067187150e-01
% function evaluation | indicator value | target hit
1	2.524224620950715e+00	2.570395782768863e+00
104	6.344968060153418e-01	6.456542290346555e-01
172	6.256206470291150e-01	6.309573444801932e-01
231	2.634704097464797e-01	2.691534803926916e-01
257	2.013468067990907e-01	2.041737944669530e-01
300	1.987811796363470e-01	1.995262314968880e-01
302	1.906820516229577e-01	1.949844599758045e-01
314	1.888138747046977e-01	1.905460717963247e-01
323	1.853783715142600e-01	1.862087136662867e-01
348	1.744520302594896e-01	1.778279410038923e-01
350	1.670507018724685e-01	1.698243652461744e-01
351	1.532167107738973e-01	1.548816618912481e-01
366	1.426815894311569e-01	1.445439770745928e-01
377	1.400215577633681e-01	1.412537544622754e-01
396	1.089279441990162e-01	1.096478196143185e-01
413	1.033453886624019e-01	1.047128548050900e-01
416	7.726965724179269e-02	7.762471166286916e-02
417	6.780507429304350e-02	6.918309709189366e-02
427	6.042539200501162e-02	6.165950018614822e-02
435	5.830887847607358e-02	5.888436553555890e-02
438	5.390176617449416e-02	5.495408738576246e-02
444	4.788729616373144e-02	4.897788193684462e-02
445	4.779475124894395e-02	4.786300923226382e-02
452	4.562952182117330e-02	4.570881896148749e-02
463	4.177660797869698e-02	4.265795188015926e-02
472	4.105791467069020e-02	4.168693834703355e-02
473	3.985245081297273e-02	4.073802778041128e-02
476	3.959758390172619e-02	3.981071705534973e-02
486	3.756102118180027e-02	3.801893963205612e-02
506	3.636659779343099e-02	3.715352290971726e-02
507	3.610371019740699e-02	3.630780547701014e-02
508	3.417382668608737e-02	3.467368504525317e-02
511	3.319613299190061e-02	3.388441561392026e-02
512	3.263020100742919e-02	3.311311214825911e-02
513	3.047760148499101e-02	3.090295432513590e-02
517	3.014242801247169e-02	3.019951720402016e-02
527	2.950669087758684e-02	2.951209226666385e-02
529	2.812017222329311e-02	2.818382931264454e-02
535	2.606546889389505e-02	2.630267991895381e-02
547	2.458030395946109e-02	2.511886431509579e-02
550	2.444908767985476e-02	2.454708915685030e-02
556	2.393200776587145e-02	2.398832919019490e-02
561	2.333656965686837e-02	2.344228815319923e-02
569	2.148015873646536e-02	2.187761623949553e-02
574	1.982897270773265e-02	1.995262314968880e-02
579	1.765170523562798e-02	1.778279410038923e-02
581	1.729252881318122e-02	1.737800828749375e-02
585	1.696568832213241e-02	1.698243652461744e-02
590	1.592749859040687e-02	1.621810097358930e-02
597	1.575017643013699e-02	1.584893192461113e-02
601	1.540409431401957e-02	1.548816618912481e-02
607	1.505621297209914e-02	1.513561248436208e-02
612	1.477173479148153e-02	1.479108388168207e-02
618	1.442672954958779e-02	1.445439770745927e-02
625	1.411809237408723e-02	1.412537544622754e-02
633	1.379740704597521e-02	1.380384264602885e-02
638	1.341266749171044e-02	1.348962882591653e-02
641	1.311603238909953e-02	1.318256738556407e-02
649	1.229275067768043e-02	1.230268770812382e-02
650	1.183709006765410e-02	1.202264434617413e-02
654	1.162991983533757e-02	1.174897554939530e-02
658	1.144488741956895e-02	1.148153621496883e-02
661	1.111104154639309e-02	1.122018454301964e-02
665	1.096160183717032e-02	1.096478196143185e-02
671	1.059612100463558e-02	1.071519305237606e-02
677	1.046578783640739e-02	1.047128548050900e-02
692	1.014002913445045e-02	1.023292992280754e-02
697	9.960470798710985e-03	1.000000000000000e-02
707	9.462221841545770e-03	9.549925860214359e-03
712	9.260577791293412e-03	9.332543007969915e-03
717	9.115538476293983e-03	9.120108393559097e-03
735	8.894896685728737e-03	8.912509381337459e-03
739	8.698154558646087e-03	8.709635899560805e-03
747	8.484241123308922e-03	8.511380382023767e-03
753	7.962557559904382e-03	8.128305161640995e-03
754	7.930905721801218e-03	7.943282347242814e-03
763	7.749015771398415e-03	7.762471166286920e-03
769	7.267219240559064e-03	7.413102413009177e-03
770	7.235920100663540e-03	7.244359600749898e-03
776	7.059052913025665e-03	7.079457843841380e-03
780	6.904373287212717e-03	6.918309709189363e-03
793	6.736570156247401e-03	6.760829753919818e-03
809	6.546786646616454e-03	6.606934480075957e-03
810	6.290315467829766e-03	6.309573444801930e-03
816	6.087682237688075e-03	6.165950018614822e-03
820	6.018450647921503e-03	6.025595860743574e-03
831	5.840452660357487e-03	5.888436553555890e-03
839	5.745926217232911e-03	5.754399373371567e-03
854	5.580769643622974e-03	5.623413251903491e-03
866	5.441480853471625e-03	5.495408738576248e-03
876	5.356349030718799e-03	5.370317963702527e-03
881	5.212081801679203e-03	5.248074602497728e-03
890	5.098840978114527e-03	5.128613839913648e-03
900	4.962315856267163e-03	5.011872336272725e-03
905	4.863535963401389e-03	4.897788193684461e-03
914	4.782461855680542e-03	4.786300923226385e-03
931	4.675593871651951e-03	4.677351412871981e-03
935	4.559250197356923e-03	4.570881896148752e-03
949	4.439376167716058e-03	4.466835921509630e-03
958	4.338424221448589e-03	4.365158322401661e-03
964	4.263111477106230e-03	4.265795188015926e-03
981	4.137749308991134e-03	4.168693834703355e-03
997	4.070122663390019e-03	4.073802778041126e-03
1002	3.925128741462225e-03	3.981071705534973e-03
1010	3.888851435957186e-03	3.890451449942805e-03
1017	3.777581054987933e-03	3.801893963205613e-03
1031	3.707148355639678e-03	3.715352290971724e-03
1046	3.627855392903445e-03	3.630780547701014e-03
1057	3.508577995104289e-03	3.548133892335753e-03
1067	3.451509953435683e-03	3.467368504525317e-03
1077	3.358880932688990e-03	3.388441561392024e-03
1082	3.254749213245423e-03	3.311311214825911e-03
1086	3.231641408738883e-03	3.235936569296281e-03
1094	3.149911370192493e-03	3.162277660168379e-03
1104	3.084501017885155e-03	3.090295432513592e-03
1118	3.019593826781852e-03	3.019951720402016e-03
1141	2.937238463784353e-03	2.951209226666387e-03
1156	2.883838492320545e-03	2.884031503126605e-03
1171	2.816019795412017e-03	2.818382931264455e-03
1188	2.753973832309797e-03	2.754228703338166e-03
1212	2.683574502545416e-03	2.691534803926917e-03
1220	2.628628102623543e-03	2.630267991895381e-03
1231	2.566400478121844e-03	2.570395782768865e-03
1262	2.510923372081364e-03	2.511886431509579e-03
1271	2.439708184152733e-03	2.454708915685031e-03
1283	2.393919822584523e-03	2.398832919019490e-03
1309	2.343756142771602e-03	2.344228815319923e-03
1325	2.287227988583163e-03	2.290867652767772e-03
1346	2.234480944447670e-03	2.238721138568340e-03
1362	2.187681296525579e-03	2.187761623949552e-03
1394	2.136603829126948e-03	2.137962089502233e-03
1404	2.075209448507143e-03	2.089296130854039e-03
1411	2.039252649935208e-03	2.041737944669530e-03
1429	1.984369449624879e-03	1.995262314968879e-03
1448	1.944138737223655e-03	1.949844599758046e-03
1477	1.902816898533444e-03	1.905460717963246e-03
1501	1.859506435718195e-03	1.862087136662868e-03
1521	1.819317811501686e-03	1.819700858609983e-03
1559	1.777679369564411e-03	1.778279410038923e-03
1599	1.737282313970967e-03	1.737800828749376e-03
1624	1.693415188186997e-03	1.698243652461744e-03
1653	1.658113504797054e-03	1.659586907437561e-03
1666	1.621078734758918e-03	1.621810097358930e-03
1701	1.584886877364911e-03	1.584893192461114e-03
1709	1.542884291074853e-03	1.548816618912481e-03
1730	1.488002919854847e-03	1.513561248436209e-03
1746	1.478863478421522e-03	1.479108388168207e-03
1774	1.443218411835145e-03	1.445439770745928e-03
1787	1.406872171528017e-03	1.412537544622754e-03
1803	1.364169390803860e-03	1.380384264602885e-03
1819	1.348578615560037e-03	1.348962882591653e-03
1857	1.318189810918469e-03	1.318256738556408e-03
1897	1.287356871750633e-03	1.288249551693134e-03
1910	1.258902297611386e-03	1.258925411794167e-03
1944	1.229427103092706e-03	1.230268770812381e-03
1984	1.202148815637183e-03	1.202264434617413e-03
2016	1.174407189892035e-03	1.174897554939529e-03
2063	1.146181323935513e-03	1.148153621496883e-03
2107	1.119373327867490e-03	1.122018454301963e-03
2129	1.094095242717419e-03	1.096478196143185e-03
2177	1.069295235864076e-03	1.071519305237606e-03
2215	1.046335747430627e-03	1.047128548050900e-03
2250	1.023076659815714e-03	1.023292992280754e-03
2291	9.998030830657978e-04	1.000000000000000e-03
2333	9.766683845185975e-04	9.772372209558111e-04
2376	9.544119849134169e-04	9.549925860214359e-04
2395	9.319315893916436e-04	9.332543007969915e-04
2453	9.102303169771231e-04	9.120108393559096e-04
2499	8.909844692522872e-04	8.912509381337459e-04
2522	8.680616859727541e-04	8.709635899560805e-04
2541	8.508151902505423e-04	8.511380382023768e-04
2618	8.312844031589384e-04	8.317637711026709e-04
2674	8.127569809837087e-04	8.128305161640995e-04
2751	7.942797062044926e-04	7.943282347242813e-04
2797	7.761625557054508e-04	7.762471166286919e-04
2866	7.578602069776563e-04	7.585775750291835e-04
2928	7.402187459191190e-04	7.413102413009177e-04
2991	7.185632480780635e-04	7.244359600749898e-04
3001	7.129019697437178e-04	7.244359600749898e-04
