%
% index = 1750, name = bbob_f002_i02_d10__bbob_f002_i04_d10
% instance = 1, reference value = 8.365740585456420e-01
% function evaluation | indicator value | target hit
1	4.993948952337658e-01	5.011872336272722e-01
10002	4.993948952337658e-01	5.011872336272722e-01
%
% index = 1751, name = bbob_f002_i03_d10__bbob_f002_i05_d10
% instance = 2, reference value = 8.294877773422740e-01
% function evaluation | indicator value | target hit
1	2.890032932173172e-01	2.951209226666385e-01
346	2.756229328616654e-01	2.818382931264454e-01
381	2.538665563067271e-01	2.570395782768864e-01
418	2.500619137393629e-01	2.511886431509580e-01
485	2.148871671319049e-01	2.187761623949552e-01
504	2.136954499812437e-01	2.137962089502232e-01
521	1.955069530605020e-01	1.995262314968880e-01
526	1.937199028185290e-01	1.949844599758045e-01
527	1.825520079305376e-01	1.862087136662867e-01
559	1.818919236816828e-01	1.819700858609984e-01
578	1.744491859771494e-01	1.778279410038923e-01
579	1.729583646813344e-01	1.737800828749375e-01
602	1.686373553358649e-01	1.698243652461744e-01
607	1.622515677843649e-01	1.659586907437560e-01
609	1.484098956220906e-01	1.513561248436208e-01
650	1.436265486502070e-01	1.445439770745928e-01
652	1.411491444039580e-01	1.412537544622754e-01
670	1.294758411356757e-01	1.318256738556407e-01
673	1.199822593866807e-01	1.202264434617413e-01
700	1.173184592701478e-01	1.174897554939529e-01
711	1.143539798902996e-01	1.148153621496883e-01
730	1.121557604819939e-01	1.122018454301964e-01
733	1.045854246729989e-01	1.047128548050900e-01
739	9.898107712438597e-02	1.000000000000000e-01
740	9.717217029872394e-02	9.772372209558107e-02
753	9.508244094515883e-02	9.549925860214359e-02
763	9.223177259441240e-02	9.332543007969910e-02
772	9.113569122276011e-02	9.120108393559097e-02
779	8.896669298362225e-02	8.912509381337455e-02
790	8.227794439110814e-02	8.317637711026708e-02
813	8.092633239654234e-02	8.128305161640990e-02
840	7.940839350219264e-02	7.943282347242814e-02
866	7.756584014356926e-02	7.762471166286916e-02
905	7.154252963327623e-02	7.244359600749903e-02
914	7.062222616039404e-02	7.079457843841380e-02
948	6.861632219265978e-02	6.918309709189366e-02
954	6.696601409869507e-02	6.760829753919818e-02
959	6.555209111895477e-02	6.606934480075961e-02
996	6.425563776263055e-02	6.456542290346556e-02
1002	6.265596103410687e-02	6.309573444801933e-02
1010	6.084888314535930e-02	6.165950018614822e-02
1011	5.548027275301592e-02	5.623413251903491e-02
1023	5.492483437197970e-02	5.495408738576246e-02
1055	5.368885929688472e-02	5.370317963702527e-02
1101	5.245926336438345e-02	5.248074602497726e-02
1120	5.123837723802471e-02	5.128613839913648e-02
1166	5.004693431263396e-02	5.011872336272722e-02
1201	4.896792326965982e-02	4.897788193684462e-02
1206	4.671367584856978e-02	4.677351412871981e-02
1254	4.570872433444861e-02	4.570881896148749e-02
1273	4.466765313658838e-02	4.466835921509630e-02
1322	4.352087592606024e-02	4.365158322401658e-02
1332	4.225910712373115e-02	4.265795188015926e-02
1367	4.167970022216771e-02	4.168693834703355e-02
1444	4.037774067667177e-02	4.073802778041128e-02
1451	3.958867873771588e-02	3.981071705534973e-02
1463	3.847892753033200e-02	3.890451449942807e-02
1490	3.510534148250621e-02	3.548133892335755e-02
1492	3.451968792043592e-02	3.467368504525317e-02
1541	3.321444792343731e-02	3.388441561392026e-02
1565	3.309352109755193e-02	3.311311214825911e-02
1594	3.125356720242367e-02	3.162277660168379e-02
1642	3.090143215012742e-02	3.090295432513590e-02
1723	3.014080092144766e-02	3.019951720402016e-02
1796	2.951085207700876e-02	2.951209226666385e-02
1805	2.862049374344999e-02	2.884031503126606e-02
1836	2.816991576344774e-02	2.818382931264454e-02
1877	2.752894339585810e-02	2.754228703338166e-02
1936	2.690582334470404e-02	2.691534803926915e-02
1980	2.623033006474706e-02	2.630267991895381e-02
2040	2.568930386009083e-02	2.570395782768863e-02
2073	2.510589269107266e-02	2.511886431509579e-02
2092	2.449998653515517e-02	2.454708915685030e-02
2206	2.398016328095309e-02	2.398832919019490e-02
2314	2.315808496823313e-02	2.344228815319923e-02
2349	2.287496746611850e-02	2.290867652767773e-02
2453	2.232623031181913e-02	2.238721138568340e-02
2534	2.185344149112223e-02	2.187761623949553e-02
2641	2.091014213954812e-02	2.137962089502233e-02
2650	2.089071362041151e-02	2.089296130854040e-02
2728	1.708107676870863e-02	1.737800828749375e-02
2785	1.698228099435917e-02	1.698243652461744e-02
2886	1.476829468817309e-02	1.479108388168207e-02
3002	1.444868256829401e-02	1.445439770745927e-02
3005	1.359780219701601e-02	1.380384264602885e-02
3033	1.348471475191548e-02	1.348962882591653e-02
3098	1.265647740290188e-02	1.288249551693134e-02
3112	1.258854916929686e-02	1.258925411794167e-02
3177	1.223106082027714e-02	1.230268770812382e-02
3233	1.192300394573842e-02	1.202264434617413e-02
3469	1.174893819790490e-02	1.174897554939530e-02
3748	1.147998303864872e-02	1.148153621496883e-02
3907	1.121966365382843e-02	1.122018454301964e-02
4117	1.090996766515773e-02	1.096478196143185e-02
4172	1.071453233841302e-02	1.071519305237606e-02
4497	1.047100766435083e-02	1.047128548050900e-02
4783	1.023292517539565e-02	1.023292992280754e-02
5408	9.995124618092488e-03	1.000000000000000e-02
6117	9.766357403158121e-03	9.772372209558112e-03
6962	9.548708421995844e-03	9.549925860214359e-03
10002	9.380819669999485e-03	9.549925860214359e-03
%
% index = 1752, name = bbob_f002_i07_d10__bbob_f002_i08_d10
% instance = 3, reference value = 8.219247623643470e-01
% function evaluation | indicator value | target hit
1	9.105314444488469e-01	9.120108393559098e-01
322	8.509696765603471e-01	8.511380382023764e-01
419	7.017030015123435e-01	7.079457843841379e-01
466	6.302596807271694e-01	6.309573444801932e-01
482	5.635264166269579e-01	5.754399373371569e-01
486	5.622333869113656e-01	5.623413251903491e-01
487	5.468218686691032e-01	5.495408738576245e-01
508	5.050728541833093e-01	5.128613839913648e-01
529	5.009944812446199e-01	5.011872336272722e-01
533	4.835326580187801e-01	4.897788193684462e-01
550	4.784304449205049e-01	4.786300923226383e-01
569	4.647739922444399e-01	4.677351412871982e-01
588	4.538970234980291e-01	4.570881896148750e-01
591	4.277207561529993e-01	4.365158322401660e-01
593	4.256561511198909e-01	4.265795188015927e-01
595	4.116210927845564e-01	4.168693834703354e-01
603	3.996205588083203e-01	4.073802778041127e-01
620	3.873085593887770e-01	3.890451449942806e-01
650	3.780769745685547e-01	3.801893963205612e-01
659	3.678395400029461e-01	3.715352290971726e-01
702	3.577504010062851e-01	3.630780547701014e-01
712	3.532332035095814e-01	3.548133892335755e-01
829	3.467253326222207e-01	3.467368504525316e-01
894	3.385345171496323e-01	3.388441561392025e-01
925	3.310823134602955e-01	3.311311214825911e-01
1016	3.231370910261909e-01	3.235936569296283e-01
1063	3.034589102149674e-01	3.090295432513591e-01
1083	3.011458674364502e-01	3.019951720402016e-01
1226	2.950500934819792e-01	2.951209226666385e-01
1280	2.879379338199726e-01	2.884031503126606e-01
1453	2.813925009551123e-01	2.818382931264454e-01
1684	2.753277783666974e-01	2.754228703338166e-01
1912	2.691523388948794e-01	2.691534803926916e-01
2044	2.629984354777957e-01	2.630267991895382e-01
2255	2.569129719411322e-01	2.570395782768864e-01
2582	2.511876268721547e-01	2.511886431509580e-01
3161	2.451444987497144e-01	2.454708915685030e-01
3703	2.398694180914368e-01	2.398832919019490e-01
4484	2.344112630649307e-01	2.344228815319922e-01
5175	2.290831578184184e-01	2.290867652767773e-01
5767	2.238669511940663e-01	2.238721138568339e-01
6557	2.186449425986188e-01	2.187761623949552e-01
7081	2.137832993263672e-01	2.137962089502232e-01
10002	2.101121551909459e-01	2.137962089502232e-01
%
% index = 1753, name = bbob_f002_i09_d10__bbob_f002_i10_d10
% instance = 4, reference value = 8.346742984232950e-01
% function evaluation | indicator value | target hit
1	1.801213587390466e+01	1.819700858609983e+01
8306	1.453754168588811e+01	1.479108388168207e+01
8418	1.432005050381673e+01	1.445439770745927e+01
8421	1.306909478464402e+01	1.318256738556407e+01
8431	1.251929931752849e+01	1.258925411794167e+01
8471	1.136321338364452e+01	1.148153621496883e+01
8505	8.771752376614442e+00	8.912509381337454e+00
8577	8.608364498007846e+00	8.709635899560805e+00
8713	8.304068427269948e+00	8.317637711026711e+00
8804	8.122455079229374e+00	8.128305161640993e+00
9353	7.869801829954837e+00	7.943282347242816e+00
9769	7.701404564613897e+00	7.762471166286917e+00
10002	7.701404564613897e+00	7.762471166286917e+00
%
% index = 1754, name = bbob_f002_i11_d10__bbob_f002_i12_d10
% instance = 5, reference value = 8.408944363322109e-01
% function evaluation | indicator value | target hit
1	1.249177336006211e+00	1.258925411794167e+00
555	1.028957157883815e+00	1.047128548050900e+00
622	1.021815428918850e+00	1.023292992280754e+00
669	9.925219329092232e-01	1.000000000000000e+00
709	9.170345938623985e-01	9.332543007969910e-01
724	9.092438338205727e-01	9.120108393559098e-01
781	8.862999054799673e-01	8.912509381337456e-01
1010	8.660992761126083e-01	8.709635899560807e-01
1407	8.448523506162110e-01	8.511380382023764e-01
8183	7.868610337412201e-01	7.943282347242815e-01
8220	6.829907721854209e-01	6.918309709189365e-01
8265	6.406504935282823e-01	6.456542290346555e-01
8266	6.186607923200378e-01	6.309573444801932e-01
8317	6.152029128377596e-01	6.165950018614822e-01
8341	5.484302750188144e-01	5.495408738576245e-01
8362	5.344086152221217e-01	5.370317963702527e-01
8367	5.121986712814705e-01	5.128613839913648e-01
8717	5.011103625970041e-01	5.011872336272722e-01
8874	4.771896420237641e-01	4.786300923226383e-01
9167	4.582385767225410e-01	4.677351412871982e-01
9223	4.449490215070454e-01	4.466835921509631e-01
9546	4.325602231236507e-01	4.365158322401660e-01
9754	4.264916323595228e-01	4.265795188015927e-01
10002	4.256112022155160e-01	4.265795188015927e-01
%
% index = 1755, name = bbob_f002_i13_d10__bbob_f002_i14_d10
% instance = 6, reference value = 8.342515593453670e-01
% function evaluation | indicator value | target hit
1	3.043888407685976e-01	3.090295432513591e-01
416	2.890532261030414e-01	2.951209226666385e-01
424	2.875224186853043e-01	2.884031503126606e-01
502	2.803497317925172e-01	2.818382931264454e-01
560	2.711932747622061e-01	2.754228703338166e-01
561	2.683337430639072e-01	2.691534803926916e-01
673	2.629889901728053e-01	2.630267991895382e-01
812	2.570024156469666e-01	2.570395782768864e-01
847	2.492198699850240e-01	2.511886431509580e-01
856	2.371958979331077e-01	2.398832919019490e-01
923	2.274531184938807e-01	2.290867652767773e-01
1011	2.234832395699922e-01	2.238721138568339e-01
1178	2.144823374229307e-01	2.187761623949552e-01
1188	2.137137692688040e-01	2.137962089502232e-01
1261	2.013182883600523e-01	2.041737944669530e-01
1282	1.994926315643156e-01	1.995262314968880e-01
1379	1.932411069812958e-01	1.949844599758045e-01
1440	1.904407202020101e-01	1.905460717963247e-01
1461	1.861615911908051e-01	1.862087136662867e-01
1540	1.819632961709190e-01	1.819700858609984e-01
1744	1.774465971772691e-01	1.778279410038923e-01
1973	1.725240047943017e-01	1.737800828749375e-01
2088	1.686620947131680e-01	1.698243652461744e-01
2120	1.653943119660987e-01	1.659586907437560e-01
2322	1.618343933675513e-01	1.621810097358930e-01
2393	1.583850556684393e-01	1.584893192461113e-01
2907	1.548783319280176e-01	1.548816618912481e-01
3235	1.513039954664223e-01	1.513561248436208e-01
3590	1.469230146211096e-01	1.479108388168208e-01
3870	1.445415317038055e-01	1.445439770745928e-01
4580	1.411882220326601e-01	1.412537544622754e-01
5647	1.380371071497584e-01	1.380384264602885e-01
7326	1.348905720242353e-01	1.348962882591654e-01
10002	1.344500447742902e-01	1.348962882591654e-01
%
% index = 1756, name = bbob_f002_i15_d10__bbob_f002_i16_d10
% instance = 7, reference value = 8.284821549720000e-01
% function evaluation | indicator value | target hit
1	1.127844750149500e+00	1.148153621496883e+00
7935	9.633692503843044e-01	9.772372209558107e-01
8068	9.102640572219181e-01	9.120108393559098e-01
8074	7.904924215002268e-01	7.943282347242815e-01
8107	7.062353517030392e-01	7.079457843841379e-01
8210	6.491263277420490e-01	6.606934480075960e-01
8226	6.315351270023974e-01	6.456542290346555e-01
8286	6.285345601934874e-01	6.309573444801932e-01
8296	6.118910219806533e-01	6.165950018614822e-01
8326	5.929004193433283e-01	6.025595860743578e-01
8341	5.517332007640570e-01	5.623413251903491e-01
8348	5.410914995446616e-01	5.495408738576245e-01
8353	5.307394147503747e-01	5.370317963702527e-01
8370	4.962789168367559e-01	5.011872336272722e-01
8409	4.435399536549970e-01	4.466835921509631e-01
8415	4.280798367383790e-01	4.365158322401660e-01
8435	3.867274098914075e-01	3.890451449942806e-01
8436	3.640898871557643e-01	3.715352290971726e-01
8438	3.413512700669428e-01	3.467368504525316e-01
8448	3.380567173218690e-01	3.388441561392025e-01
8505	3.300783773589531e-01	3.311311214825911e-01
8556	3.224437174006117e-01	3.235936569296283e-01
8599	3.156121532916625e-01	3.162277660168379e-01
8620	3.088507842513666e-01	3.090295432513591e-01
8643	3.017826232663423e-01	3.019951720402016e-01
8722	2.946507279946723e-01	2.951209226666385e-01
8770	2.882866965270675e-01	2.884031503126606e-01
8824	2.817023860049632e-01	2.818382931264454e-01
8906	2.746087936738076e-01	2.754228703338166e-01
9057	2.641940638529616e-01	2.691534803926916e-01
9126	2.629462647354051e-01	2.630267991895382e-01
9217	2.570226329284174e-01	2.570395782768864e-01
9381	2.511851077407038e-01	2.511886431509580e-01
9540	2.431857293841373e-01	2.454708915685030e-01
9741	2.388534760592135e-01	2.398832919019490e-01
9939	2.343903065222324e-01	2.344228815319922e-01
10002	2.327064762067788e-01	2.344228815319922e-01
%
% index = 1757, name = bbob_f002_i17_d10__bbob_f002_i18_d10
% instance = 8, reference value = 8.375829041907850e-01
% function evaluation | indicator value | target hit
1	3.659203927845767e-01	3.715352290971726e-01
10002	3.652461364459741e-01	3.715352290971726e-01
%
% index = 1758, name = bbob_f002_i19_d10__bbob_f002_i21_d10
% instance = 9, reference value = 8.243961120836810e-01
% function evaluation | indicator value | target hit
1	4.995327205605138e-01	5.011872336272722e-01
8089	4.290620893995463e-01	4.365158322401660e-01
8156	3.774516975397949e-01	3.801893963205612e-01
8303	3.681105987979434e-01	3.715352290971726e-01
8365	3.546087888580672e-01	3.548133892335755e-01
8383	3.338991293972259e-01	3.388441561392025e-01
8406	3.305097126826218e-01	3.311311214825911e-01
8432	3.174259288839677e-01	3.235936569296283e-01
8471	3.135486965091417e-01	3.162277660168379e-01
8511	3.080563463223071e-01	3.090295432513591e-01
8525	2.996654110892463e-01	3.019951720402016e-01
8531	2.939921730142073e-01	2.951209226666385e-01
8590	2.881212103089184e-01	2.884031503126606e-01
8598	2.786822867525839e-01	2.818382931264454e-01
8649	2.754137774456709e-01	2.754228703338166e-01
8776	2.690504682757864e-01	2.691534803926916e-01
9139	2.629764278349510e-01	2.630267991895382e-01
10002	2.590940755659095e-01	2.630267991895382e-01
%
% index = 1759, name = bbob_f002_i21_d10__bbob_f002_i22_d10
% instance = 10, reference value = 8.452291607495380e-01
% function evaluation | indicator value | target hit
1	1.114283787264538e+00	1.122018454301963e+00
369	7.763430127807744e-01	7.943282347242815e-01
485	7.303362005624616e-01	7.413102413009175e-01
510	7.227687657334627e-01	7.244359600749900e-01
527	6.735170241428658e-01	6.760829753919817e-01
558	6.510910612209597e-01	6.606934480075960e-01
565	6.433782893728172e-01	6.456542290346555e-01
586	5.615599980194852e-01	5.623413251903491e-01
605	5.473903344791057e-01	5.495408738576245e-01
627	5.353998774117559e-01	5.370317963702527e-01
635	4.118473065106990e-01	4.168693834703354e-01
642	3.955027102957331e-01	3.981071705534972e-01
653	3.695214099120017e-01	3.715352290971726e-01
697	3.119154880907794e-01	3.162277660168379e-01
705	3.083354706392597e-01	3.090295432513591e-01
724	3.010950064825375e-01	3.019951720402016e-01
734	2.949575909341319e-01	2.951209226666385e-01
757	2.866807028081370e-01	2.884031503126606e-01
758	2.735765578926238e-01	2.754228703338166e-01
764	2.555016773577118e-01	2.570395782768864e-01
820	2.505226580759538e-01	2.511886431509580e-01
880	2.454197120430657e-01	2.454708915685030e-01
900	1.989950087030244e-01	1.995262314968880e-01
948	1.942246728150430e-01	1.949844599758045e-01
959	1.880642449806874e-01	1.905460717963247e-01
999	1.861335919331721e-01	1.862087136662867e-01
1121	1.706158657937130e-01	1.737800828749375e-01
1139	1.697901955721165e-01	1.698243652461744e-01
1253	1.599728227469186e-01	1.621810097358930e-01
1369	1.584523269402826e-01	1.584893192461113e-01
1616	1.548806566997278e-01	1.548816618912481e-01
1622	1.506773108092235e-01	1.513561248436208e-01
1700	1.477830926973455e-01	1.479108388168208e-01
1717	1.434470936175619e-01	1.445439770745928e-01
1864	1.411863143180802e-01	1.412537544622754e-01
1885	1.360858846586618e-01	1.380384264602885e-01
1905	1.323857444114566e-01	1.348962882591654e-01
1935	1.270191935622701e-01	1.288249551693134e-01
2014	1.247791656840868e-01	1.258925411794167e-01
2262	1.227851633113050e-01	1.230268770812381e-01
2517	1.201797750184582e-01	1.202264434617413e-01
2998	1.174145547611808e-01	1.174897554939529e-01
4913	1.148067158464956e-01	1.148153621496883e-01
7216	1.052010016711994e-01	1.071519305237607e-01
7457	1.034126536541080e-01	1.047128548050900e-01
10002	1.027153556496222e-01	1.047128548050900e-01
