%
% index = 40, name = bbob_f001_i02_d02__bbob_f013_i04_d02
% instance = 1, reference value = 7.541278659911000e-01
% function evaluation | indicator value | target hit
1	4.005052214720468e-01	4.073802778041127e-01
170	2.625018814929365e-01	2.630267991895382e-01
178	2.154563343387469e-01	2.187761623949552e-01
180	2.132689088122557e-01	2.137962089502232e-01
211	2.038683718357122e-01	2.041737944669530e-01
223	1.930543235787122e-01	1.949844599758045e-01
232	1.574814581316295e-01	1.584893192461113e-01
237	1.465359987104883e-01	1.479108388168208e-01
248	1.288526917562692e-01	1.318256738556407e-01
249	1.287971283136446e-01	1.288249551693134e-01
265	1.192703281899187e-01	1.202264434617413e-01
277	1.166194682360721e-01	1.174897554939529e-01
315	1.102858520090823e-01	1.122018454301964e-01
325	1.092541108249686e-01	1.096478196143185e-01
339	9.201465592232272e-02	9.332543007969910e-02
358	8.612678952822606e-02	8.709635899560805e-02
373	7.987735669174123e-02	8.128305161640990e-02
376	7.915524835776300e-02	7.943282347242814e-02
397	7.728910648089571e-02	7.762471166286916e-02
401	7.453916424538853e-02	7.585775750291836e-02
403	7.369671551579138e-02	7.413102413009177e-02
409	7.243971133854377e-02	7.244359600749903e-02
432	6.946213929025502e-02	7.079457843841380e-02
444	6.875736753692940e-02	6.918309709189366e-02
482	6.717024903154933e-02	6.760829753919818e-02
522	6.606631319269762e-02	6.606934480075961e-02
537	6.449648472083758e-02	6.456542290346556e-02
538	6.186853001936732e-02	6.309573444801933e-02
541	6.137432291524891e-02	6.165950018614822e-02
570	5.962224137257843e-02	6.025595860743578e-02
579	5.879231718738154e-02	5.888436553555890e-02
585	5.679309139386424e-02	5.754399373371569e-02
613	5.619489611709616e-02	5.623413251903491e-02
617	5.495356729078438e-02	5.495408738576246e-02
625	5.347515532562785e-02	5.370317963702527e-02
637	5.059890897949815e-02	5.128613839913648e-02
638	4.842998735984394e-02	4.897788193684462e-02
670	4.758311846304819e-02	4.786300923226382e-02
681	4.638106073155279e-02	4.677351412871981e-02
691	4.551846845922380e-02	4.570881896148749e-02
709	4.450229510600934e-02	4.466835921509630e-02
715	3.675724742417597e-02	3.715352290971726e-02
729	3.425871088833021e-02	3.467368504525317e-02
762	3.388132984270953e-02	3.388441561392026e-02
802	3.304390279097480e-02	3.311311214825911e-02
825	3.234609863424165e-02	3.235936569296283e-02
836	3.157423537823933e-02	3.162277660168379e-02
850	3.086641370253207e-02	3.090295432513590e-02
857	2.981738474318374e-02	3.019951720402016e-02
862	2.935246307085859e-02	2.951209226666385e-02
891	2.878720032757465e-02	2.884031503126606e-02
966	2.811529798500023e-02	2.818382931264454e-02
984	2.754060641496370e-02	2.754228703338166e-02
1019	2.688417474177052e-02	2.691534803926915e-02
1104	2.629973051620116e-02	2.630267991895381e-02
1118	2.538952486727197e-02	2.570395782768863e-02
1121	2.499491329420001e-02	2.511886431509579e-02
1125	2.454306148303731e-02	2.454708915685030e-02
1171	2.398548828943547e-02	2.398832919019490e-02
1181	2.320467436962959e-02	2.344228815319923e-02
1186	2.289308948051560e-02	2.290867652767773e-02
1241	2.238495536847196e-02	2.238721138568340e-02
1295	2.186684112800064e-02	2.187761623949553e-02
1387	2.135176142337381e-02	2.137962089502233e-02
1465	2.086595268739477e-02	2.089296130854040e-02
1470	2.008662110764703e-02	2.041737944669529e-02
1506	1.994219404610265e-02	1.995262314968880e-02
1615	1.949497179563919e-02	1.949844599758046e-02
1745	1.905368938526741e-02	1.905460717963247e-02
1929	1.850196160610063e-02	1.862087136662868e-02
2186	1.819297413329501e-02	1.819700858609984e-02
2286	1.566341630330648e-02	1.584893192461113e-02
2344	1.534307656863532e-02	1.548816618912481e-02
2456	1.204200316161352e-02	1.230268770812382e-02
2483	7.498262713732440e-03	7.585775750291836e-03
2562	7.362421774038341e-03	7.413102413009177e-03
2752	7.173577440822143e-03	7.244359600749898e-03
2892	7.079343515710712e-03	7.079457843841380e-03
2938	6.134990137747209e-03	6.165950018614822e-03
2992	5.726794574608451e-03	5.754399373371567e-03
3059	4.040274596004090e-03	4.073802778041126e-03
3122	3.513964872249087e-03	3.548133892335753e-03
3201	3.403305194397577e-03	3.467368504525317e-03
3204	3.116434985898198e-03	3.162277660168379e-03
3210	3.043768994495211e-03	3.090295432513592e-03
3219	2.986703818142811e-03	3.019951720402016e-03
3260	2.950521347778290e-03	2.951209226666387e-03
3291	2.883565338850591e-03	2.884031503126606e-03
3293	2.778244113544992e-03	2.818382931264455e-03
3304	2.748770717726612e-03	2.754228703338166e-03
3386	2.691309896186822e-03	2.691534803926917e-03
3395	2.620499738287041e-03	2.630267991895381e-03
3407	2.542821775143533e-03	2.570395782768865e-03
3411	2.367650741451399e-03	2.398832919019490e-03
3462	2.344070394521114e-03	2.344228815319923e-03
3618	2.290829004693795e-03	2.290867652767772e-03
3660	2.192788270348411e-03	2.238721138568340e-03
3661	2.186626410621950e-03	2.187761623949552e-03
3700	2.137776266987856e-03	2.137962089502233e-03
3720	2.079530885877534e-03	2.089296130854039e-03
3863	2.036004609946240e-03	2.041737944669530e-03
3932	1.994261184184110e-03	1.995262314968879e-03
4084	1.948893026108789e-03	1.949844599758046e-03
4232	1.904009424888109e-03	1.905460717963246e-03
4358	1.826169664670863e-03	1.862087136662868e-03
4377	1.816894824362758e-03	1.819700858609983e-03
4450	1.747202331312980e-03	1.778279410038923e-03
4478	1.737345195343853e-03	1.737800828749376e-03
4551	1.726144221727122e-03	1.737800828749376e-03
%
% index = 41, name = bbob_f001_i03_d02__bbob_f013_i05_d02
% instance = 2, reference value = 9.549893594081180e-01
% function evaluation | indicator value | target hit
1	1.986219073424618e+00	1.995262314968880e+00
149	1.059321618131618e+00	1.071519305237606e+00
199	8.447420703308861e-01	8.511380382023764e-01
238	6.853582244676184e-01	6.918309709189365e-01
267	6.748635600299400e-01	6.760829753919817e-01
333	6.560841854326720e-01	6.606934480075960e-01
355	6.451220842262316e-01	6.456542290346555e-01
388	6.081088973769978e-01	6.165950018614822e-01
396	5.813894189251110e-01	5.888436553555889e-01
469	5.746116374390535e-01	5.754399373371569e-01
518	5.328471441141971e-01	5.370317963702527e-01
521	5.096604393557109e-01	5.128613839913648e-01
568	4.990483627737618e-01	5.011872336272722e-01
658	4.886757831993401e-01	4.897788193684462e-01
721	4.621519797295836e-01	4.677351412871982e-01
830	4.560553138007630e-01	4.570881896148750e-01
933	4.457097918783808e-01	4.466835921509631e-01
955	4.066833884610647e-01	4.073802778041127e-01
1005	3.979705480995944e-01	3.981071705534972e-01
1182	3.852852773755635e-01	3.890451449942806e-01
1184	3.327510985319108e-01	3.388441561392025e-01
1262	3.306478342290676e-01	3.311311214825911e-01
1296	3.106088112245263e-01	3.162277660168379e-01
1310	3.018095635930238e-01	3.019951720402016e-01
1422	2.879080856034972e-01	2.884031503126606e-01
1717	2.757699241021739e-01	2.818382931264454e-01
1760	2.615458523962374e-01	2.630267991895382e-01
1883	2.510635631562843e-01	2.511886431509580e-01
1926	2.429531638154592e-01	2.454708915685030e-01
1988	2.349002468136043e-01	2.398832919019490e-01
2004	2.341044305036719e-01	2.344228815319922e-01
2145	2.212179577169835e-01	2.238721138568339e-01
2171	2.157833222422932e-01	2.187761623949552e-01
2438	1.947887255425530e-01	1.949844599758045e-01
2511	1.806564861876135e-01	1.819700858609984e-01
2752	1.667667547495749e-01	1.698243652461744e-01
2786	1.658849737286087e-01	1.659586907437560e-01
3177	1.594773589941341e-01	1.621810097358930e-01
4551	1.594280557014099e-01	1.621810097358930e-01
%
% index = 42, name = bbob_f001_i07_d02__bbob_f013_i08_d02
% instance = 3, reference value = 6.844823096319580e-01
% function evaluation | indicator value | target hit
1	7.605481831924580e-01	7.762471166286917e-01
125	4.252286464970275e-01	4.265795188015927e-01
196	3.338867952193241e-01	3.388441561392025e-01
211	3.017997383459627e-01	3.019951720402016e-01
230	2.895003584008706e-01	2.951209226666385e-01
234	2.519174805873212e-01	2.570395782768864e-01
239	2.414851796197052e-01	2.454708915685030e-01
240	2.348452397981913e-01	2.398832919019490e-01
253	2.318943409944997e-01	2.344228815319922e-01
270	2.252750279215068e-01	2.290867652767773e-01
278	2.115114449607520e-01	2.137962089502232e-01
285	2.087426958475005e-01	2.089296130854039e-01
352	2.034686538521753e-01	2.041737944669530e-01
357	1.987082468434207e-01	1.995262314968880e-01
375	1.934592694416460e-01	1.949844599758045e-01
380	1.897672375116687e-01	1.905460717963247e-01
401	1.846034765323261e-01	1.862087136662867e-01
417	1.818984449126234e-01	1.819700858609984e-01
476	1.765328238674240e-01	1.778279410038923e-01
516	1.733341293296484e-01	1.737800828749375e-01
545	1.695061389730383e-01	1.698243652461744e-01
586	1.649790257491859e-01	1.659586907437560e-01
598	1.621191232780246e-01	1.621810097358930e-01
628	1.579939924700184e-01	1.584893192461113e-01
663	1.546296965713375e-01	1.548816618912481e-01
704	1.511463392718194e-01	1.513561248436208e-01
788	1.478867980670255e-01	1.479108388168208e-01
825	1.442483574412331e-01	1.445439770745928e-01
859	1.411209705770350e-01	1.412537544622754e-01
886	1.380005858317795e-01	1.380384264602885e-01
945	1.348864221716838e-01	1.348962882591654e-01
961	1.316264488729934e-01	1.318256738556407e-01
981	1.287331226425871e-01	1.288249551693134e-01
1007	1.256946235074662e-01	1.258925411794167e-01
1036	1.222997910950309e-01	1.230268770812381e-01
1094	1.196751706727242e-01	1.202264434617413e-01
1116	1.169466203571572e-01	1.174897554939529e-01
1133	1.141373574574026e-01	1.148153621496883e-01
1173	1.111424220224854e-01	1.122018454301964e-01
1182	1.094532539971360e-01	1.096478196143185e-01
1209	1.069557121722243e-01	1.071519305237607e-01
1260	1.039624242475835e-01	1.047128548050900e-01
1268	1.020092952556194e-01	1.023292992280754e-01
1278	9.905036090500474e-02	1.000000000000000e-01
1290	9.736134405409758e-02	9.772372209558107e-02
1313	9.526773233402941e-02	9.549925860214359e-02
1341	9.322533127565691e-02	9.332543007969910e-02
1358	9.109467487182410e-02	9.120108393559097e-02
1390	8.866676455389577e-02	8.912509381337455e-02
1405	8.640983233381472e-02	8.709635899560805e-02
1412	8.507873518371489e-02	8.511380382023763e-02
1429	8.277667910860731e-02	8.317637711026708e-02
1448	8.098680444799478e-02	8.128305161640990e-02
1472	7.940978888642392e-02	7.943282347242814e-02
1555	7.743229582586197e-02	7.762471166286916e-02
1569	7.560020148018842e-02	7.585775750291836e-02
1585	7.379926363968603e-02	7.413102413009177e-02
1596	7.216605456652159e-02	7.244359600749903e-02
1623	7.002809916926678e-02	7.079457843841380e-02
1644	6.892673170967922e-02	6.918309709189366e-02
1696	6.734109089267304e-02	6.760829753919818e-02
1715	6.602120864546501e-02	6.606934480075961e-02
1733	6.427406685078407e-02	6.456542290346556e-02
1746	6.300271550147629e-02	6.309573444801933e-02
1755	6.165396933971590e-02	6.165950018614822e-02
1770	6.021366799794514e-02	6.025595860743578e-02
1781	5.871464167094986e-02	5.888436553555890e-02
1813	5.737134961177537e-02	5.754399373371569e-02
1822	5.610721533968566e-02	5.623413251903491e-02
1843	5.488642713296177e-02	5.495408738576246e-02
1864	5.364244589982503e-02	5.370317963702527e-02
1877	5.227846276594461e-02	5.248074602497726e-02
1898	5.124282678655556e-02	5.128613839913648e-02
1918	4.987210751272542e-02	5.011872336272722e-02
1938	4.835366544621633e-02	4.897788193684462e-02
1941	4.784235084623045e-02	4.786300923226382e-02
1978	4.672963694103427e-02	4.677351412871981e-02
1989	4.560366913761216e-02	4.570881896148749e-02
2012	4.462824237939367e-02	4.466835921509630e-02
2027	4.360654871541525e-02	4.365158322401658e-02
2041	4.265340365716785e-02	4.265795188015926e-02
2043	4.148198882368648e-02	4.168693834703355e-02
2054	4.066154390741150e-02	4.073802778041128e-02
2059	3.968134398099343e-02	3.981071705534973e-02
2069	3.870382296630670e-02	3.890451449942807e-02
2084	3.800580432008027e-02	3.801893963205612e-02
2130	3.707954319890361e-02	3.715352290971726e-02
2155	3.628995906644983e-02	3.630780547701014e-02
2168	3.506674504758567e-02	3.548133892335755e-02
2172	3.464299869965526e-02	3.467368504525317e-02
2221	3.387380840939225e-02	3.388441561392026e-02
2234	3.291135993269034e-02	3.311311214825911e-02
2248	3.184456896480159e-02	3.235936569296283e-02
2256	3.140074063764353e-02	3.162277660168379e-02
2283	3.086025565500206e-02	3.090295432513590e-02
2305	2.982240621219756e-02	3.019951720402016e-02
2314	2.933013444844967e-02	2.951209226666385e-02
2333	2.875683971604814e-02	2.884031503126606e-02
2342	2.812558095888440e-02	2.818382931264454e-02
2347	2.721981290998643e-02	2.754228703338166e-02
2366	2.678031932535474e-02	2.691534803926915e-02
2394	2.623314181529113e-02	2.630267991895381e-02
2420	2.552885175185160e-02	2.570395782768863e-02
2430	2.492370443009218e-02	2.511886431509579e-02
2456	2.453675978612146e-02	2.454708915685030e-02
2484	2.375336607197021e-02	2.398832919019490e-02
2497	2.340349325588853e-02	2.344228815319923e-02
2505	2.290134617619710e-02	2.290867652767773e-02
2536	2.233407086313055e-02	2.238721138568340e-02
2553	2.008914928692951e-02	2.041737944669529e-02
2573	1.995095392100388e-02	1.995262314968880e-02
2588	1.941440116161997e-02	1.949844599758046e-02
2611	1.881527944103412e-02	1.905460717963247e-02
2642	1.784326029793204e-02	1.819700858609984e-02
2656	1.762557339290360e-02	1.778279410038923e-02
2664	1.735932122062067e-02	1.737800828749375e-02
2696	1.696350087872733e-02	1.698243652461744e-02
2698	1.536935985408483e-02	1.548816618912481e-02
2703	1.511590963347653e-02	1.513561248436208e-02
2706	1.459577940742995e-02	1.479108388168207e-02
2737	1.443357383526211e-02	1.445439770745927e-02
2755	1.400415518886799e-02	1.412537544622754e-02
2785	1.371771141259004e-02	1.380384264602885e-02
2798	1.327058574840545e-02	1.348962882591653e-02
2800	1.317497967726300e-02	1.318256738556407e-02
2804	1.241880421773167e-02	1.258925411794167e-02
2811	1.217211218015912e-02	1.230268770812382e-02
2816	1.195935409607418e-02	1.202264434617413e-02
2827	1.169924209276729e-02	1.174897554939530e-02
2841	1.142593074989617e-02	1.148153621496883e-02
2844	1.121707846474196e-02	1.122018454301964e-02
2849	1.070448808831914e-02	1.071519305237606e-02
2860	1.021399290049141e-02	1.023292992280754e-02
2863	9.966142137347256e-03	1.000000000000000e-02
2871	9.718011759724976e-03	9.772372209558112e-03
2884	9.534148289166766e-03	9.549925860214359e-03
2908	9.318511594346601e-03	9.332543007969915e-03
2919	9.105246622553409e-03	9.120108393559097e-03
2928	8.881310067212711e-03	8.912509381337459e-03
2939	8.670649072282099e-03	8.709635899560805e-03
2958	8.477658858076054e-03	8.511380382023767e-03
2970	8.286185020109138e-03	8.317637711026709e-03
2981	8.114461401005579e-03	8.128305161640995e-03
2984	7.886071643949499e-03	7.943282347242814e-03
3012	7.572575867637377e-03	7.585775750291836e-03
3023	7.367745614473287e-03	7.413102413009177e-03
3024	7.239479692523365e-03	7.244359600749898e-03
3028	6.990761562019165e-03	7.079457843841380e-03
3053	6.816362016042521e-03	6.918309709189363e-03
3065	6.723210551584202e-03	6.760829753919818e-03
3077	6.587102535811407e-03	6.606934480075957e-03
3091	6.425568481719379e-03	6.456542290346556e-03
3123	6.257184534671389e-03	6.309573444801930e-03
3132	6.153548208578163e-03	6.165950018614822e-03
3165	5.997120900043007e-03	6.025595860743574e-03
3174	5.888352897047144e-03	5.888436553555890e-03
3176	5.713284305911892e-03	5.754399373371567e-03
3203	5.602190330758372e-03	5.623413251903491e-03
3208	5.473999638002547e-03	5.495408738576248e-03
3217	5.367841196056933e-03	5.370317963702527e-03
3235	5.238410222613732e-03	5.248074602497728e-03
3257	5.125447256089877e-03	5.128613839913648e-03
3296	4.972182394388569e-03	5.011872336272725e-03
3313	4.838499392355589e-03	4.897788193684461e-03
3320	4.779200900657976e-03	4.786300923226385e-03
3336	4.674783198224564e-03	4.677351412871981e-03
3349	4.563805152370204e-03	4.570881896148752e-03
3381	4.457221048970395e-03	4.466835921509630e-03
3411	4.350726083671486e-03	4.365158322401661e-03
3420	4.178298215634313e-03	4.265795188015926e-03
3431	4.164589592917767e-03	4.168693834703355e-03
3458	4.053279888858952e-03	4.073802778041126e-03
3492	3.975800689077214e-03	3.981071705534973e-03
3504	3.849617329315547e-03	3.890451449942805e-03
3508	3.782332757628293e-03	3.801893963205613e-03
3525	3.714107363472774e-03	3.715352290971724e-03
3563	3.626667410599693e-03	3.630780547701014e-03
3564	3.314311680109872e-03	3.388441561392024e-03
3565	3.280441613202401e-03	3.311311214825911e-03
3581	3.230450149908082e-03	3.235936569296281e-03
3633	3.154107202775758e-03	3.162277660168379e-03
3655	3.089418636511576e-03	3.090295432513592e-03
3694	3.009858472312832e-03	3.019951720402016e-03
3719	2.886403723582065e-03	2.951209226666387e-03
3720	2.883150782437283e-03	2.884031503126606e-03
3751	2.787488671135763e-03	2.818382931264455e-03
3762	2.751631181706848e-03	2.754228703338166e-03
3788	2.682194912910107e-03	2.691534803926917e-03
3833	2.629187766229890e-03	2.630267991895381e-03
3877	2.567559056184332e-03	2.570395782768865e-03
3964	2.510801043051569e-03	2.511886431509579e-03
4001	2.423844699261379e-03	2.454708915685031e-03
4041	2.397920356709937e-03	2.398832919019490e-03
4106	2.341209459673754e-03	2.344228815319923e-03
4120	2.262112798056104e-03	2.290867652767772e-03
4151	2.238458425672496e-03	2.238721138568340e-03
4181	2.182768811422320e-03	2.187761623949552e-03
4233	2.136887772966500e-03	2.137962089502233e-03
4248	2.084581801440555e-03	2.089296130854039e-03
4328	2.037305144119483e-03	2.041737944669530e-03
4437	1.994670971550594e-03	1.995262314968879e-03
4495	1.949689129415844e-03	1.949844599758046e-03
4543	1.903941455382641e-03	1.905460717963246e-03
4551	1.900477411599044e-03	1.905460717963246e-03
%
% index = 43, name = bbob_f001_i09_d02__bbob_f013_i10_d02
% instance = 4, reference value = 8.786291777791601e-01
% function evaluation | indicator value | target hit
1	1.459747029901660e+00	1.479108388168207e+00
98	1.397878918850660e+00	1.412537544622754e+00
154	9.855346987786601e-01	1.000000000000000e+00
228	9.717623397951601e-01	9.772372209558107e-01
237	8.664594949430047e-01	8.709635899560806e-01
304	8.471040939161001e-01	8.511380382023764e-01
361	6.770580736484606e-01	6.918309709189365e-01
397	4.135187169973416e-01	4.168693834703354e-01
509	3.652603673925915e-01	3.715352290971726e-01
518	2.875998603981741e-01	2.884031503126606e-01
523	2.606527449320007e-01	2.630267991895382e-01
566	2.549070708497012e-01	2.570395782768864e-01
600	2.466698655831507e-01	2.511886431509580e-01
602	2.212076729553377e-01	2.238721138568339e-01
608	2.114883032710413e-01	2.137962089502232e-01
636	2.060155956101953e-01	2.089296130854039e-01
647	2.032559524051409e-01	2.041737944669530e-01
649	1.865171095483550e-01	1.905460717963247e-01
662	1.583330197404562e-01	1.584893192461113e-01
675	1.479771968500934e-01	1.513561248436208e-01
711	1.462496966444952e-01	1.479108388168208e-01
754	1.442629563042769e-01	1.445439770745928e-01
759	1.406297279657015e-01	1.412537544622754e-01
811	1.370559510740815e-01	1.380384264602885e-01
824	1.346938942395624e-01	1.348962882591654e-01
843	1.302676786551977e-01	1.318256738556407e-01
848	1.169008358067390e-01	1.174897554939529e-01
881	1.115724665870793e-01	1.122018454301964e-01
944	1.011219240280053e-01	1.023292992280754e-01
951	9.774366602724294e-02	1.000000000000000e-01
952	9.608695980969884e-02	9.772372209558107e-02
957	9.347833640356007e-02	9.549925860214359e-02
958	9.297269249094542e-02	9.332543007969910e-02
959	8.984098589789058e-02	9.120108393559097e-02
960	6.741430849214214e-02	6.760829753919818e-02
965	6.461333823988380e-02	6.606934480075961e-02
966	6.408264705573774e-02	6.456542290346556e-02
968	6.235725374800316e-02	6.309573444801933e-02
984	6.157289318461201e-02	6.165950018614822e-02
994	6.016505532053307e-02	6.025595860743578e-02
1000	5.770816668326950e-02	5.888436553555890e-02
1002	5.715866765636390e-02	5.754399373371569e-02
1004	5.501713816271292e-02	5.623413251903491e-02
1006	5.481561623093323e-02	5.495408738576246e-02
1017	5.259112499381913e-02	5.370317963702527e-02
1020	5.175843231442712e-02	5.248074602497726e-02
1022	5.109058292996871e-02	5.128613839913648e-02
1030	4.974395616347327e-02	5.011872336272722e-02
1041	4.847510968660185e-02	4.897788193684462e-02
1052	4.526351117786021e-02	4.570881896148749e-02
1054	4.406499282183085e-02	4.466835921509630e-02
1055	4.349578663451825e-02	4.365158322401658e-02
1061	4.238605148860652e-02	4.265795188015926e-02
1098	4.009502679892940e-02	4.073802778041128e-02
1105	3.952852031895593e-02	3.981071705534973e-02
1116	3.868373004948811e-02	3.890451449942807e-02
1120	3.665415547736628e-02	3.715352290971726e-02
1133	3.571428011292521e-02	3.630780547701014e-02
1134	3.165954340522836e-02	3.235936569296283e-02
1141	3.152492588960198e-02	3.162277660168379e-02
1152	2.924733840108018e-02	2.951209226666385e-02
1166	2.845832348985777e-02	2.884031503126606e-02
1171	2.815823404667883e-02	2.818382931264454e-02
1185	2.737610185131745e-02	2.754228703338166e-02
1192	2.680794809851417e-02	2.691534803926915e-02
1227	2.619826277252590e-02	2.630267991895381e-02
1236	2.502044642803325e-02	2.511886431509579e-02
1247	2.394591066932228e-02	2.398832919019490e-02
1257	2.342627400227160e-02	2.344228815319923e-02
1261	2.186880038406147e-02	2.187761623949553e-02
1267	2.128628760190832e-02	2.137962089502233e-02
1285	2.086381148820982e-02	2.089296130854040e-02
1289	1.802323275138396e-02	1.819700858609984e-02
1319	1.767678392844207e-02	1.778279410038923e-02
1322	1.721613467993521e-02	1.737800828749375e-02
1340	1.695000837283012e-02	1.698243652461744e-02
1341	1.659479463551827e-02	1.659586907437561e-02
1368	1.618342614408608e-02	1.621810097358930e-02
1426	1.579430538809001e-02	1.584893192461113e-02
1457	1.533822951580410e-02	1.548816618912481e-02
1464	1.513189189092923e-02	1.513561248436208e-02
1500	1.456148964960524e-02	1.479108388168207e-02
1526	1.437261530538092e-02	1.445439770745927e-02
1553	1.407633774211459e-02	1.412537544622754e-02
1564	1.379416439878856e-02	1.380384264602885e-02
1596	1.335735971917174e-02	1.348962882591653e-02
1599	1.270093896617941e-02	1.288249551693134e-02
1618	1.247649017205221e-02	1.258925411794167e-02
1648	1.229643084714593e-02	1.230268770812382e-02
1676	1.194802518432225e-02	1.202264434617413e-02
1717	1.170842834505248e-02	1.174897554939530e-02
1770	1.129995214284085e-02	1.148153621496883e-02
1829	1.109633906901064e-02	1.122018454301964e-02
1840	1.022272973459881e-02	1.023292992280754e-02
1854	9.984757517788379e-03	1.000000000000000e-02
1937	9.755321392990735e-03	9.772372209558112e-03
1948	9.199109310802922e-03	9.332543007969915e-03
1968	8.664233959222556e-03	8.709635899560805e-03
1994	8.405061156416593e-03	8.511380382023767e-03
2030	8.270326573154629e-03	8.317637711026709e-03
2109	8.109362904653139e-03	8.128305161640995e-03
2221	7.925201649228941e-03	7.943282347242814e-03
2279	7.761978919181511e-03	7.762471166286920e-03
2416	7.574745137832628e-03	7.585775750291836e-03
2498	7.399894882649805e-03	7.413102413009177e-03
2577	7.238412922671023e-03	7.244359600749898e-03
2731	7.079260761459483e-03	7.079457843841380e-03
2831	6.915396198841739e-03	6.918309709189363e-03
3009	6.736427942934720e-03	6.760829753919818e-03
3143	6.601412211441726e-03	6.606934480075957e-03
3316	6.446052024616344e-03	6.456542290346556e-03
3679	6.305175402915530e-03	6.309573444801930e-03
4111	6.160567206369261e-03	6.165950018614822e-03
4502	6.025441775928231e-03	6.025595860743574e-03
4551	6.017524775473015e-03	6.025595860743574e-03
%
% index = 44, name = bbob_f001_i11_d02__bbob_f013_i12_d02
% instance = 5, reference value = 9.262743759415860e-01
% function evaluation | indicator value | target hit
1	5.579668858513480e-01	5.623413251903491e-01
204	5.081446579225718e-01	5.128613839913648e-01
288	4.015762471386257e-01	4.073802778041127e-01
295	2.909432193942099e-01	2.951209226666385e-01
378	2.856128090707639e-01	2.884031503126606e-01
415	2.808882095261255e-01	2.818382931264454e-01
476	2.594878624678943e-01	2.630267991895382e-01
483	1.940681878429644e-01	1.949844599758045e-01
507	1.839684623031567e-01	1.862087136662867e-01
561	1.813571863760539e-01	1.819700858609984e-01
611	1.769804415776838e-01	1.778279410038923e-01
654	1.700530138896229e-01	1.737800828749375e-01
677	1.675198933271472e-01	1.698243652461744e-01
759	1.659097427079854e-01	1.659586907437560e-01
771	1.618988266153119e-01	1.621810097358930e-01
900	1.583646112122130e-01	1.584893192461113e-01
907	1.478978437146556e-01	1.479108388168208e-01
954	1.412054469960980e-01	1.412537544622754e-01
1262	1.287334368258836e-01	1.288249551693134e-01
1555	1.184528050747260e-01	1.202264434617413e-01
1582	1.164878093485845e-01	1.174897554939529e-01
1695	1.147277890428859e-01	1.148153621496883e-01
1869	1.121383778688276e-01	1.122018454301964e-01
1941	1.083464777711635e-01	1.096478196143185e-01
2023	1.070750083271527e-01	1.071519305237607e-01
2070	1.028046781845643e-01	1.047128548050900e-01
2159	1.022855482781434e-01	1.023292992280754e-01
2173	9.497366496286397e-02	9.549925860214359e-02
2313	9.331843474383428e-02	9.332543007969910e-02
2452	9.118379183755543e-02	9.120108393559097e-02
2621	8.909725108304667e-02	8.912509381337455e-02
2669	8.488887648510701e-02	8.511380382023763e-02
2741	8.228950501583920e-02	8.317637711026708e-02
2782	8.125740229447453e-02	8.128305161640990e-02
2929	7.922751626156743e-02	7.943282347242814e-02
3086	7.654194721928975e-02	7.762471166286916e-02
3174	7.581516309729930e-02	7.585775750291836e-02
3374	7.401469378381265e-02	7.413102413009177e-02
3511	7.240935783294233e-02	7.244359600749903e-02
3669	7.079404757965058e-02	7.079457843841380e-02
3694	6.586076936520591e-02	6.606934480075961e-02
3835	6.448967996473653e-02	6.456542290346556e-02
4080	6.305190745400124e-02	6.309573444801933e-02
4206	5.875912215461099e-02	5.888436553555890e-02
4270	5.601356347618092e-02	5.623413251903491e-02
4419	5.481948131498737e-02	5.495408738576246e-02
4551	5.425069552154005e-02	5.495408738576246e-02
%
% index = 45, name = bbob_f001_i13_d02__bbob_f013_i14_d02
% instance = 6, reference value = 8.859025221649270e-01
% function evaluation | indicator value | target hit
1	5.720020310004466e-01	5.754399373371569e-01
55	3.987245601536217e-01	4.073802778041127e-01
92	3.955107055333035e-01	3.981071705534972e-01
162	2.548538737197372e-01	2.570395782768864e-01
187	1.478396849806245e-01	1.479108388168208e-01
229	1.424261385959135e-01	1.445439770745928e-01
237	1.362828454062529e-01	1.380384264602885e-01
254	1.348793429562006e-01	1.348962882591654e-01
261	7.645346717118440e-02	7.762471166286916e-02
264	7.513180731229396e-02	7.585775750291836e-02
281	6.914802018264388e-02	6.918309709189366e-02
310	5.675793737441537e-02	5.754399373371569e-02
321	5.471135843761465e-02	5.495408738576246e-02
325	5.080200761438569e-02	5.128613839913648e-02
352	4.946647265834136e-02	5.011872336272722e-02
356	4.874981656823008e-02	4.897788193684462e-02
362	4.181961631269204e-02	4.265795188015926e-02
366	4.158056210867977e-02	4.168693834703355e-02
369	4.003864787719091e-02	4.073802778041128e-02
370	3.972491231472386e-02	3.981071705534973e-02
376	3.837431110792744e-02	3.890451449942807e-02
382	3.649259409032313e-02	3.715352290971726e-02
383	3.605510446057125e-02	3.630780547701014e-02
395	3.169775773572137e-02	3.235936569296283e-02
408	3.162190262535636e-02	3.162277660168379e-02
425	3.089020806711273e-02	3.090295432513590e-02
439	2.741132257796886e-02	2.754228703338166e-02
458	2.640575677133450e-02	2.691534803926915e-02
464	2.620568085043162e-02	2.630267991895381e-02
474	2.476593072809941e-02	2.511886431509579e-02
492	2.431444870123400e-02	2.454708915685030e-02
543	2.396403158727889e-02	2.398832919019490e-02
560	2.336011111808389e-02	2.344228815319923e-02
602	2.196037247579785e-02	2.238721138568340e-02
627	2.178860993196963e-02	2.187761623949553e-02
656	2.101062727575354e-02	2.137962089502233e-02
672	2.088442534498713e-02	2.089296130854040e-02
693	2.020182596014874e-02	2.041737944669529e-02
706	1.995217623540146e-02	1.995262314968880e-02
722	1.944965668715004e-02	1.949844599758046e-02
733	1.873883725749337e-02	1.905460717963247e-02
742	1.856686257324991e-02	1.862087136662868e-02
783	1.806672706551704e-02	1.819700858609984e-02
805	1.762439701628105e-02	1.778279410038923e-02
828	1.729402941455416e-02	1.737800828749375e-02
886	1.698042834219249e-02	1.698243652461744e-02
922	1.657518581313178e-02	1.659586907437561e-02
969	1.621480377859941e-02	1.621810097358930e-02
1004	1.581841624238178e-02	1.584893192461113e-02
1136	1.548582471749715e-02	1.548816618912481e-02
1175	1.513474282962779e-02	1.513561248436208e-02
1296	1.478629860676717e-02	1.479108388168207e-02
1497	1.442629255443795e-02	1.445439770745927e-02
1703	1.410437467496495e-02	1.412537544622754e-02
1876	1.379738924701501e-02	1.380384264602885e-02
2105	1.347095820383770e-02	1.348962882591653e-02
2391	1.315374278369819e-02	1.318256738556407e-02
2659	1.287165587197603e-02	1.288249551693134e-02
2946	1.172070802187686e-02	1.174897554939530e-02
3242	1.096451835653289e-02	1.096478196143185e-02
4202	1.071515893781083e-02	1.071519305237606e-02
4551	1.068633341024805e-02	1.071519305237606e-02
%
% index = 46, name = bbob_f001_i15_d02__bbob_f013_i16_d02
% instance = 7, reference value = 7.332633141133690e-01
% function evaluation | indicator value | target hit
1	9.285442746488689e-01	9.332543007969910e-01
124	5.205243237586860e-01	5.248074602497725e-01
220	3.299722370100626e-01	3.311311214825911e-01
224	2.909376854461291e-01	2.951209226666385e-01
235	2.805148842047185e-01	2.818382931264454e-01
259	2.660160792159935e-01	2.691534803926916e-01
310	2.605829565666278e-01	2.630267991895382e-01
321	2.542802309512661e-01	2.570395782768864e-01
357	2.511860458479637e-01	2.511886431509580e-01
360	2.320829085112628e-01	2.344228815319922e-01
363	2.275901129060537e-01	2.290867652767773e-01
384	2.235232996374846e-01	2.238721138568339e-01
418	2.172370679382586e-01	2.187761623949552e-01
430	2.134067385431013e-01	2.137962089502232e-01
462	2.086307986321545e-01	2.089296130854039e-01
602	2.041255706514181e-01	2.041737944669530e-01
831	1.994604269376151e-01	1.995262314968880e-01
972	1.912134177338379e-01	1.949844599758045e-01
1026	1.902168345085559e-01	1.905460717963247e-01
1494	1.862006427906686e-01	1.862087136662867e-01
1575	1.819422299044645e-01	1.819700858609984e-01
1941	1.778071403752668e-01	1.778279410038923e-01
2060	1.728777094415241e-01	1.737800828749375e-01
2461	1.698221742489494e-01	1.698243652461744e-01
2790	1.630920386087943e-01	1.659586907437560e-01
2821	1.542281137353975e-01	1.548816618912481e-01
3123	1.336227725746586e-01	1.348962882591654e-01
3220	1.302250507565418e-01	1.318256738556407e-01
3245	1.286629153633397e-01	1.288249551693134e-01
3536	1.258855163811698e-01	1.258925411794167e-01
3754	1.230024781765874e-01	1.230268770812381e-01
3870	1.199665386975614e-01	1.202264434617413e-01
4181	1.101307704434931e-01	1.122018454301964e-01
4282	9.364174919068080e-02	9.549925860214359e-02
4323	9.332113137926623e-02	9.332543007969910e-02
4513	9.094089630592661e-02	9.120108393559097e-02
4551	9.072794605380430e-02	9.120108393559097e-02
%
% index = 47, name = bbob_f001_i17_d02__bbob_f013_i18_d02
% instance = 8, reference value = 7.208046088544570e-01
% function evaluation | indicator value | target hit
1	3.368979966969083e-01	3.388441561392025e-01
103	3.290209242780296e-01	3.311311214825911e-01
126	2.941152490257828e-01	2.951209226666385e-01
133	2.842414675977784e-01	2.884031503126606e-01
174	2.793504056590334e-01	2.818382931264454e-01
207	2.745156240513187e-01	2.754228703338166e-01
275	2.556439766640259e-01	2.570395782768864e-01
293	1.903693801678049e-01	1.905460717963247e-01
356	1.785561496534195e-01	1.819700858609984e-01
358	1.636698456952765e-01	1.659586907437560e-01
359	1.598778882035480e-01	1.621810097358930e-01
372	1.572136901971043e-01	1.584893192461113e-01
376	1.541514431292058e-01	1.548816618912481e-01
397	1.447329631829678e-01	1.479108388168208e-01
406	1.357213861994230e-01	1.380384264602885e-01
428	1.323943016873181e-01	1.348962882591654e-01
447	1.190205443707818e-01	1.202264434617413e-01
460	1.164631456465627e-01	1.174897554939529e-01
484	1.007193320126820e-01	1.023292992280754e-01
488	9.858551449645636e-02	1.000000000000000e-01
492	9.765416373617808e-02	9.772372209558107e-02
533	9.470886643279275e-02	9.549925860214359e-02
538	8.413570949389404e-02	8.511380382023763e-02
546	8.017448222600365e-02	8.128305161640990e-02
560	7.849093143865915e-02	7.943282347242814e-02
564	7.728143814995903e-02	7.762471166286916e-02
613	7.582525385511907e-02	7.585775750291836e-02
665	7.250182559209739e-02	7.413102413009177e-02
666	7.189019220084425e-02	7.244359600749903e-02
677	6.432729363137646e-02	6.456542290346556e-02
695	6.270119647899930e-02	6.309573444801933e-02
739	6.156109091053574e-02	6.165950018614822e-02
794	6.015866423632432e-02	6.025595860743578e-02
817	5.862400484128549e-02	5.888436553555890e-02
833	5.551226126995401e-02	5.623413251903491e-02
869	5.490462946930286e-02	5.495408738576246e-02
909	5.370116796072555e-02	5.370317963702527e-02
981	5.230891358856438e-02	5.248074602497726e-02
1045	5.127554706982818e-02	5.128613839913648e-02
1161	4.988446658352774e-02	5.011872336272722e-02
1262	4.891193625087542e-02	4.897788193684462e-02
1391	4.702409433627042e-02	4.786300923226382e-02
1418	3.268543461746098e-02	3.311311214825911e-02
1526	3.226711156901485e-02	3.235936569296283e-02
1722	3.161853406568105e-02	3.162277660168379e-02
2162	3.039431530698455e-02	3.090295432513590e-02
2198	2.781848792148067e-02	2.818382931264454e-02
2394	2.563840645151161e-02	2.570395782768863e-02
2470	2.052132819033459e-02	2.089296130854040e-02
2539	2.037177449230299e-02	2.041737944669529e-02
2641	1.251310035326825e-02	1.258925411794167e-02
2759	1.094912809141224e-02	1.096478196143185e-02
2887	1.034849155840567e-02	1.047128548050900e-02
2918	1.004266346663030e-02	1.023292992280754e-02
2988	9.877696011664105e-03	1.000000000000000e-02
3197	9.771767034578605e-03	9.772372209558112e-03
3374	9.526191454527710e-03	9.549925860214359e-03
3596	9.330151478283422e-03	9.332543007969915e-03
3799	9.026908430508129e-03	9.120108393559097e-03
3963	8.736148722081061e-03	8.912509381337459e-03
4002	8.516354483355748e-03	8.709635899560805e-03
4013	8.501179846138851e-03	8.511380382023767e-03
4551	8.344414918105003e-03	8.511380382023767e-03
%
% index = 48, name = bbob_f001_i19_d02__bbob_f013_i21_d02
% instance = 9, reference value = 8.433350365065770e-01
% function evaluation | indicator value | target hit
1	3.098197165399423e-01	3.162277660168379e-01
78	2.734758659497156e-01	2.754228703338166e-01
197	2.476075047815095e-01	2.511886431509580e-01
223	2.035741773549815e-01	2.041737944669530e-01
229	1.701451591870593e-01	1.737800828749375e-01
230	1.688810975888987e-01	1.698243652461744e-01
232	1.101113256313548e-01	1.122018454301964e-01
239	1.089236557941838e-01	1.096478196143185e-01
258	1.066437389704459e-01	1.071519305237607e-01
342	9.122653627670796e-02	9.332543007969910e-02
352	9.100894407895088e-02	9.120108393559097e-02
354	8.771233248453258e-02	8.912509381337455e-02
356	8.359149692416967e-02	8.511380382023763e-02
357	8.051516977622408e-02	8.128305161640990e-02
377	7.905374462720938e-02	7.943282347242814e-02
381	7.687330855590024e-02	7.762471166286916e-02
401	7.562052594529167e-02	7.585775750291836e-02
422	7.401257643821568e-02	7.413102413009177e-02
444	7.043718103770424e-02	7.079457843841380e-02
448	6.723614192115523e-02	6.760829753919818e-02
465	6.599256423052191e-02	6.606934480075961e-02
520	6.316060130478074e-02	6.456542290346556e-02
521	6.268576653331492e-02	6.309573444801933e-02
561	6.117363547236909e-02	6.165950018614822e-02
617	6.006975824049288e-02	6.025595860743578e-02
689	5.888273424402868e-02	5.888436553555890e-02
752	5.749954142933200e-02	5.754399373371569e-02
865	5.611905107211146e-02	5.623413251903491e-02
1002	5.485689674205108e-02	5.495408738576246e-02
1023	5.263143110044299e-02	5.370317963702527e-02
1033	5.238525143410955e-02	5.248074602497726e-02
1131	5.113948572058225e-02	5.128613839913648e-02
1288	5.007005801600550e-02	5.011872336272722e-02
1320	4.756379550551848e-02	4.786300923226382e-02
1430	4.674073123361133e-02	4.677351412871981e-02
1511	4.227303581503106e-02	4.265795188015926e-02
1579	4.156208296011854e-02	4.168693834703355e-02
1642	3.917451074485701e-02	3.981071705534973e-02
1684	3.837755257096009e-02	3.890451449942807e-02
1743	3.771409885379928e-02	3.801893963205612e-02
1853	3.714573601462168e-02	3.715352290971726e-02
2023	3.628955951360646e-02	3.630780547701014e-02
2247	3.543981771218885e-02	3.548133892335755e-02
2261	3.153852030569360e-02	3.162277660168379e-02
2405	3.069418200304053e-02	3.090295432513590e-02
2451	2.837498875571143e-02	2.884031503126606e-02
2464	2.697104972753928e-02	2.754228703338166e-02
2484	2.691123277855156e-02	2.691534803926915e-02
2665	2.630177715818172e-02	2.630267991895381e-02
2793	2.562486896628524e-02	2.570395782768863e-02
2944	2.508423983112384e-02	2.511886431509579e-02
3159	2.454292789462631e-02	2.454708915685030e-02
3244	2.383285928935297e-02	2.398832919019490e-02
3263	2.341054632829409e-02	2.344228815319923e-02
3478	2.281170332828997e-02	2.290867652767773e-02
3511	2.138554096194534e-02	2.187761623949553e-02
3533	2.137679810794824e-02	2.137962089502233e-02
3691	2.088286984316690e-02	2.089296130854040e-02
3856	2.010804026785096e-02	2.041737944669529e-02
3984	1.995228419019612e-02	1.995262314968880e-02
3994	1.938707063800449e-02	1.949844599758046e-02
4016	1.780874909488950e-02	1.819700858609984e-02
4043	1.778211033291877e-02	1.778279410038923e-02
4206	1.737722006594156e-02	1.737800828749375e-02
4273	1.697546785169712e-02	1.698243652461744e-02
4275	1.643647404921467e-02	1.659586907437561e-02
4339	1.621266637006458e-02	1.621810097358930e-02
4437	1.584603365896486e-02	1.584893192461113e-02
4551	1.558327734351883e-02	1.584893192461113e-02
%
% index = 49, name = bbob_f001_i21_d02__bbob_f013_i22_d02
% instance = 10, reference value = 7.812553776075520e-01
% function evaluation | indicator value | target hit
1	1.354850316864552e+00	1.380384264602885e+00
67	1.081925327577552e+00	1.096478196143185e+00
72	6.928316840901479e-01	7.079457843841379e-01
188	4.408895846894725e-01	4.466835921509631e-01
197	4.337808348264957e-01	4.365158322401660e-01
214	4.123439638607554e-01	4.168693834703354e-01
266	3.632541620980515e-01	3.715352290971726e-01
271	3.146399777432947e-01	3.162277660168379e-01
359	3.085104434738845e-01	3.090295432513591e-01
379	2.774369046700390e-01	2.818382931264454e-01
392	2.693555630417603e-01	2.754228703338166e-01
400	2.408233750564716e-01	2.454708915685030e-01
406	2.396732966259623e-01	2.398832919019490e-01
458	2.289491182424617e-01	2.290867652767773e-01
503	2.066947762314577e-01	2.089296130854039e-01
510	1.946022819224711e-01	1.949844599758045e-01
527	1.901444546814278e-01	1.905460717963247e-01
542	1.730932709633435e-01	1.737800828749375e-01
553	1.583248638227607e-01	1.584893192461113e-01
597	1.493352255479772e-01	1.513561248436208e-01
610	1.478881051466758e-01	1.479108388168208e-01
633	1.371808935180971e-01	1.380384264602885e-01
638	1.317335926199741e-01	1.318256738556407e-01
650	1.263632076188237e-01	1.288249551693134e-01
657	1.258316015956076e-01	1.258925411794167e-01
688	1.222168695581017e-01	1.230268770812381e-01
693	1.176039423507355e-01	1.202264434617413e-01
699	1.166286998486529e-01	1.174897554939529e-01
705	1.148073323884434e-01	1.148153621496883e-01
707	1.058315720010446e-01	1.071519305237607e-01
720	1.023724463642296e-01	1.047128548050900e-01
721	1.012800768283109e-01	1.023292992280754e-01
770	9.578977507312325e-02	9.772372209558107e-02
802	9.361393345202063e-02	9.549925860214359e-02
803	9.228459056433691e-02	9.332543007969910e-02
812	9.073615297791482e-02	9.120108393559097e-02
823	8.655607573943780e-02	8.709635899560805e-02
857	8.386695405571043e-02	8.511380382023763e-02
862	8.074080809084949e-02	8.128305161640990e-02
903	7.938410640435967e-02	7.943282347242814e-02
923	7.742525367946185e-02	7.762471166286916e-02
950	7.582696144202805e-02	7.585775750291836e-02
964	7.383317295365832e-02	7.413102413009177e-02
987	7.181525328833305e-02	7.244359600749903e-02
992	6.924462060823078e-02	7.079457843841380e-02
994	6.747137647061363e-02	6.760829753919818e-02
1012	6.601030368757232e-02	6.606934480075961e-02
1047	6.433962581223829e-02	6.456542290346556e-02
1083	6.283874496232245e-02	6.309573444801933e-02
1132	6.128939662427035e-02	6.165950018614822e-02
1140	6.019303445106305e-02	6.025595860743578e-02
1168	5.840069907161949e-02	5.888436553555890e-02
1215	5.659236992029981e-02	5.754399373371569e-02
1253	5.622055625310562e-02	5.623413251903491e-02
1281	5.431984351275099e-02	5.495408738576246e-02
1322	5.345995391320835e-02	5.370317963702527e-02
1340	5.246893668790320e-02	5.248074602497726e-02
1359	5.093431273962179e-02	5.128613839913648e-02
1398	5.003784582375825e-02	5.011872336272722e-02
1435	4.887564259075650e-02	4.897788193684462e-02
1460	4.777649078037693e-02	4.786300923226382e-02
1489	4.641298919166770e-02	4.677351412871981e-02
1516	4.488908639062006e-02	4.570881896148749e-02
1520	4.463148160426422e-02	4.466835921509630e-02
1576	4.355873894722162e-02	4.365158322401658e-02
1617	4.254568604853981e-02	4.265795188015926e-02
1629	4.154139098141452e-02	4.168693834703355e-02
1651	4.071528638833344e-02	4.073802778041128e-02
1712	3.970485519624312e-02	3.981071705534973e-02
1741	3.871919691665815e-02	3.890451449942807e-02
1773	3.800430529992849e-02	3.801893963205612e-02
1852	3.712385091402759e-02	3.715352290971726e-02
1901	3.629603421357575e-02	3.630780547701014e-02
1927	3.537445688589613e-02	3.548133892335755e-02
1959	3.425919927617826e-02	3.467368504525317e-02
2004	3.385316110642755e-02	3.388441561392026e-02
2041	3.311175055471582e-02	3.311311214825911e-02
2099	3.233910766163905e-02	3.235936569296283e-02
2164	3.152960367826341e-02	3.162277660168379e-02
2186	3.081430886360481e-02	3.090295432513590e-02
2224	3.016256893421421e-02	3.019951720402016e-02
2239	2.951023663953711e-02	2.951209226666385e-02
2315	2.881849772039780e-02	2.884031503126606e-02
2352	2.810267099241115e-02	2.818382931264454e-02
2408	2.753405651218321e-02	2.754228703338166e-02
2522	2.681758956054181e-02	2.691534803926915e-02
2545	2.623918490443544e-02	2.630267991895381e-02
2607	2.570377805003599e-02	2.570395782768863e-02
2637	2.493312388963320e-02	2.511886431509579e-02
2690	2.454277157278895e-02	2.454708915685030e-02
2771	2.398596379457596e-02	2.398832919019490e-02
2845	2.340315389113390e-02	2.344228815319923e-02
2895	2.289848060752031e-02	2.290867652767773e-02
2944	2.234552879435403e-02	2.238721138568340e-02
2963	2.161445286634200e-02	2.187761623949553e-02
3046	2.107268079604296e-02	2.137962089502233e-02
3087	2.089168428833132e-02	2.089296130854040e-02
3158	2.040385839123882e-02	2.041737944669529e-02
3191	1.983521159733714e-02	1.995262314968880e-02
3252	1.923692713503244e-02	1.949844599758046e-02
3318	1.901815616183156e-02	1.905460717963247e-02
3416	1.859286649256708e-02	1.862087136662868e-02
3458	1.815866782786735e-02	1.819700858609984e-02
3497	1.773157677620540e-02	1.778279410038923e-02
3506	1.704165065167695e-02	1.737800828749375e-02
3515	1.697848126219492e-02	1.698243652461744e-02
3596	1.657134459206144e-02	1.659586907437561e-02
3678	1.562583556345287e-02	1.584893192461113e-02
3770	1.546329981190109e-02	1.548816618912481e-02
3789	1.512964290294772e-02	1.513561248436208e-02
3831	1.423538271873370e-02	1.445439770745927e-02
3850	1.412208513425894e-02	1.412537544622754e-02
3955	1.372895879987768e-02	1.380384264602885e-02
3962	1.188911458011399e-02	1.202264434617413e-02
3977	1.166840112438694e-02	1.174897554939530e-02
4060	1.146416161509989e-02	1.148153621496883e-02
4139	1.120088784910689e-02	1.122018454301964e-02
4196	1.093846489176875e-02	1.096478196143185e-02
4248	1.065891794479368e-02	1.071519305237606e-02
4283	1.046983019991465e-02	1.047128548050900e-02
4373	1.022941296494229e-02	1.023292992280754e-02
4490	9.987971129076900e-03	1.000000000000000e-02
4518	9.741341115913071e-03	9.772372209558112e-03
4551	9.704279320072340e-03	9.772372209558112e-03
