%
% index = 390, name = bbob_f013_i02_d02__bbob_f021_i04_d02
% instance = 1, reference value = 8.001612461515990e-01
% function evaluation | indicator value | target hit
1	1.049778494504599e+00	1.071519305237606e+00
165	6.662771862523889e-01	6.760829753919817e-01
234	3.340437334688441e-01	3.388441561392025e-01
272	2.006283728089407e-01	2.041737944669530e-01
273	1.803960022691821e-01	1.819700858609984e-01
349	1.529583143241693e-01	1.548816618912481e-01
353	1.439199599510224e-01	1.445439770745928e-01
361	1.383062033302622e-01	1.412537544622754e-01
363	1.375229152001558e-01	1.380384264602885e-01
381	7.883670260355558e-02	7.943282347242814e-02
449	7.498867813403509e-02	7.585775750291836e-02
457	7.087462119528976e-02	7.244359600749903e-02
497	7.030028452882764e-02	7.079457843841380e-02
567	6.909713274361828e-02	6.918309709189366e-02
608	6.705338882170853e-02	6.760829753919818e-02
714	6.533488645501673e-02	6.606934480075961e-02
808	6.439245504792601e-02	6.456542290346556e-02
986	6.307471646068108e-02	6.309573444801933e-02
8002	6.219926347963578e-02	6.309573444801933e-02
%
% index = 391, name = bbob_f013_i03_d02__bbob_f021_i05_d02
% instance = 2, reference value = 8.144228826818790e-01
% function evaluation | indicator value | target hit
1	1.055620323418879e+00	1.071519305237606e+00
298	8.674221271353789e-01	8.709635899560807e-01
316	7.925665783374319e-01	7.943282347242815e-01
366	7.672677753527568e-01	7.762471166286917e-01
380	6.997267938841749e-01	7.079457843841379e-01
382	4.663430185521772e-01	4.677351412871982e-01
409	4.000491964066034e-01	4.073802778041127e-01
426	3.675623051982206e-01	3.715352290971726e-01
445	3.467054505183377e-01	3.467368504525316e-01
465	2.795908655755902e-01	2.818382931264454e-01
504	1.812024572581693e-01	1.819700858609984e-01
512	4.104519533137485e-02	4.168693834703355e-02
604	4.015653671712527e-02	4.073802778041128e-02
626	3.950473908700125e-02	3.981071705534973e-02
645	3.845081358431579e-02	3.890451449942807e-02
656	2.890453553243932e-02	2.951209226666385e-02
721	2.779790031707552e-02	2.818382931264454e-02
753	2.712336442407104e-02	2.754228703338166e-02
768	2.538869467354266e-02	2.570395782768863e-02
859	2.496216782116367e-02	2.511886431509579e-02
944	1.607004757500829e-02	1.621810097358930e-02
993	1.452242412958293e-02	1.479108388168207e-02
1066	1.444341876627875e-02	1.445439770745927e-02
1159	1.367856051265737e-02	1.380384264602885e-02
1247	1.331616571623773e-02	1.348962882591653e-02
1268	1.311430588548956e-02	1.318256738556407e-02
1279	1.272311968125039e-02	1.288249551693134e-02
1286	1.257617919970433e-02	1.258925411794167e-02
1367	1.230253139724935e-02	1.230268770812382e-02
1393	1.196092395004422e-02	1.202264434617413e-02
1632	1.133880038606361e-02	1.148153621496883e-02
1640	1.086645971683309e-02	1.096478196143185e-02
1670	1.023309953646134e-02	1.047128548050900e-02
1671	1.022725593140461e-02	1.023292992280754e-02
2001	9.459387763741334e-03	9.549925860214359e-03
2084	9.326670200638709e-03	9.332543007969915e-03
2214	8.301295014936594e-03	8.317637711026709e-03
2444	7.994225690790557e-03	8.128305161640995e-03
2607	7.829717233210576e-03	7.943282347242814e-03
2972	7.692072162193919e-03	7.762471166286920e-03
3166	7.105007968244981e-03	7.244359600749898e-03
3272	6.763472040707152e-03	6.918309709189363e-03
3353	6.760310652401569e-03	6.760829753919818e-03
3489	6.548701991897499e-03	6.606934480075957e-03
3685	6.447506821716131e-03	6.456542290346556e-03
3982	6.064855033262151e-03	6.165950018614822e-03
4961	6.006975768759637e-03	6.025595860743574e-03
5459	5.867072659089367e-03	5.888436553555890e-03
5621	5.733933461534280e-03	5.754399373371567e-03
5751	4.914394921761045e-03	5.011872336272725e-03
5894	4.897238550279348e-03	4.897788193684461e-03
5950	1.305746474589919e-03	1.318256738556408e-03
6026	1.279628702359870e-03	1.288249551693134e-03
6074	1.258884790974912e-03	1.258925411794167e-03
6086	1.229530325551620e-03	1.230268770812381e-03
6091	1.163158701744660e-03	1.174897554939529e-03
6167	1.143461637049148e-03	1.148153621496883e-03
6296	1.099281555291376e-03	1.122018454301963e-03
6307	1.095177190601704e-03	1.096478196143185e-03
6624	1.048607982719663e-03	1.071519305237606e-03
6644	1.047062919919628e-03	1.047128548050900e-03
7214	1.019725597106502e-03	1.023292992280754e-03
7513	6.941370972881611e-04	7.079457843841380e-04
7550	6.915910508523693e-04	6.918309709189362e-04
7862	4.629771880316769e-04	4.677351412871981e-04
7933	4.525030333824009e-04	4.570881896148752e-04
8002	4.520483487108207e-04	4.570881896148752e-04
%
% index = 392, name = bbob_f013_i07_d02__bbob_f021_i08_d02
% instance = 3, reference value = 8.413539749479360e-01
% function evaluation | indicator value | target hit
1	1.214131210179436e+00	1.230268770812382e+00
209	8.232585609097536e-01	8.317637711026710e-01
229	7.607275565331945e-01	7.762471166286917e-01
265	6.007504385457673e-01	6.025595860743578e-01
284	5.172116037338649e-01	5.248074602497725e-01
324	5.087020530857544e-01	5.128613839913648e-01
379	4.834636719070703e-01	4.897788193684462e-01
390	4.447165517082521e-01	4.466835921509631e-01
403	4.070698320264843e-01	4.073802778041127e-01
414	3.953211763815900e-01	3.981071705534972e-01
421	3.710846381563810e-01	3.715352290971726e-01
424	3.596531013717494e-01	3.630780547701014e-01
425	3.500661612072811e-01	3.548133892335755e-01
455	3.453087751260518e-01	3.467368504525316e-01
456	1.079924167557516e-01	1.096478196143185e-01
531	8.045667784481603e-02	8.128305161640990e-02
571	7.696152579258830e-02	7.762471166286916e-02
595	7.506508429661296e-02	7.585775750291836e-02
599	6.461176817302050e-02	6.606934480075961e-02
602	6.221852724155374e-02	6.309573444801933e-02
626	5.906797377150130e-02	6.025595860743578e-02
627	5.878637156061617e-02	5.888436553555890e-02
630	5.654558955930600e-02	5.754399373371569e-02
645	3.833811727970571e-02	3.890451449942807e-02
673	3.711525019400308e-02	3.715352290971726e-02
684	3.488871036242380e-02	3.548133892335755e-02
685	3.308179763760599e-02	3.311311214825911e-02
724	3.061794439153809e-02	3.090295432513590e-02
754	3.019584226969296e-02	3.019951720402016e-02
771	2.920516431373377e-02	2.951209226666385e-02
772	2.389703839090995e-02	2.398832919019490e-02
775	2.314940718482317e-02	2.344228815319923e-02
788	2.262112885339074e-02	2.290867652767773e-02
830	2.226486883603152e-02	2.238721138568340e-02
840	2.184401193841123e-02	2.187761623949553e-02
851	2.125346781532156e-02	2.137962089502233e-02
855	2.063611782248376e-02	2.089296130854040e-02
864	1.837351375463592e-02	1.862087136662868e-02
890	1.442904611797569e-02	1.445439770745927e-02
893	1.168178766022365e-02	1.174897554939530e-02
921	1.138882082004633e-02	1.148153621496883e-02
929	9.860586209417765e-03	1.000000000000000e-02
958	9.760958696071631e-03	9.772372209558112e-03
965	9.537368756765363e-03	9.549925860214359e-03
978	9.056519951444852e-03	9.120108393559097e-03
988	8.412116741705611e-03	8.511380382023767e-03
994	7.898158080480333e-03	7.943282347242814e-03
1022	7.737060246195804e-03	7.762471166286920e-03
1032	7.319080691163826e-03	7.413102413009177e-03
1040	7.209366757253033e-03	7.244359600749898e-03
1051	5.474307331144956e-03	5.495408738576248e-03
1067	4.801304626765091e-03	4.897788193684461e-03
1069	4.041481518455625e-03	4.073802778041126e-03
1072	3.846846121261738e-03	3.890451449942805e-03
1078	3.681075473892070e-03	3.715352290971724e-03
1093	3.520343635020295e-03	3.548133892335753e-03
1115	3.409701434492818e-03	3.467368504525317e-03
1123	3.378058312323295e-03	3.388441561392024e-03
1142	3.183992628598697e-03	3.235936569296281e-03
1160	3.157609884716472e-03	3.162277660168379e-03
1193	3.086791513428944e-03	3.090295432513592e-03
1206	2.998694080013076e-03	3.019951720402016e-03
1233	2.944621546491888e-03	2.951209226666387e-03
1285	2.820410077320257e-03	2.884031503126605e-03
1290	2.813354815878966e-03	2.818382931264455e-03
1314	2.753893624561243e-03	2.754228703338166e-03
1325	2.691156269821415e-03	2.691534803926917e-03
1357	2.625073343043183e-03	2.630267991895381e-03
1366	2.328370413015479e-03	2.344228815319923e-03
1385	2.271969427161125e-03	2.290867652767772e-03
1395	2.178446106020360e-03	2.187761623949552e-03
1429	2.065930908302205e-03	2.089296130854039e-03
1437	2.014678428936989e-03	2.041737944669530e-03
1446	1.977410182460559e-03	1.995262314968879e-03
1500	1.949492884146808e-03	1.949844599758046e-03
1532	1.890398280968819e-03	1.905460717963246e-03
1538	1.862019980160778e-03	1.862087136662868e-03
1612	1.818223170677147e-03	1.819700858609983e-03
1653	1.737577298227211e-03	1.737800828749376e-03
1722	1.697648689698794e-03	1.698243652461744e-03
1746	1.437441560250163e-03	1.445439770745928e-03
1772	1.345180132092394e-03	1.348962882591653e-03
1829	1.317589879274217e-03	1.318256738556408e-03
1868	1.264151270594760e-03	1.288249551693134e-03
1870	1.254977644648214e-03	1.258925411794167e-03
1991	1.229927107079698e-03	1.230268770812381e-03
2094	1.198017836965048e-03	1.202264434617413e-03
2206	1.174780055303581e-03	1.174897554939529e-03
2320	1.130451613155503e-03	1.148153621496883e-03
2343	1.120940156870698e-03	1.122018454301963e-03
2390	1.096419131458637e-03	1.096478196143185e-03
2486	1.071486682279854e-03	1.071519305237606e-03
2493	1.028666655537469e-03	1.047128548050900e-03
2568	1.022422887297258e-03	1.023292992280754e-03
2627	9.999511479104051e-04	1.000000000000000e-03
2699	9.530467655564090e-04	9.549925860214359e-04
2765	9.232854995653295e-04	9.332543007969915e-04
2834	9.090266670875868e-04	9.120108393559096e-04
3084	8.838438149740835e-04	8.912509381337459e-04
3130	8.694822639864208e-04	8.709635899560805e-04
3263	8.511066564751424e-04	8.511380382023768e-04
3367	8.316322807171428e-04	8.317637711026709e-04
3387	8.116138551077512e-04	8.128305161640995e-04
3429	7.733052025671316e-04	7.762471166286919e-04
3681	7.585514516466052e-04	7.585775750291835e-04
3845	7.411582478855649e-04	7.413102413009177e-04
5130	6.813020948445159e-04	6.918309709189362e-04
5157	6.592847025218562e-04	6.606934480075957e-04
5545	6.322534005008817e-04	6.456542290346556e-04
5627	6.309095305033763e-04	6.309573444801930e-04
5675	6.116934911069016e-04	6.165950018614823e-04
6292	5.858382012766672e-04	5.888436553555889e-04
6489	5.679198067543023e-04	5.754399373371566e-04
6536	5.297227822932404e-04	5.370317963702527e-04
6627	5.215703223206969e-04	5.248074602497728e-04
7232	5.094093038714442e-04	5.128613839913648e-04
7355	4.970931471596218e-04	5.011872336272725e-04
7817	4.861890118622592e-04	4.897788193684461e-04
7913	4.769819188992219e-04	4.786300923226385e-04
8002	4.724149594598215e-04	4.786300923226385e-04
%
% index = 393, name = bbob_f013_i09_d02__bbob_f021_i10_d02
% instance = 4, reference value = 5.451315535100160e-01
% function evaluation | indicator value | target hit
1	1.128909067158897e+01	1.148153621496883e+01
218	3.177788427045516e+00	3.235936569296283e+00
257	2.361510663784526e+00	2.398832919019490e+00
310	1.467365010467516e+00	1.479108388168207e+00
316	5.275350521062528e-01	5.370317963702527e-01
394	4.525097686430053e-01	4.570881896148750e-01
485	3.705207328797957e-01	3.715352290971726e-01
486	2.809943353259827e-01	2.818382931264454e-01
547	2.139757237527807e-01	2.187761623949552e-01
553	2.137511352512150e-01	2.137962089502232e-01
556	1.103864649608509e-01	1.122018454301964e-01
568	6.451754191854614e-02	6.456542290346556e-02
599	5.263629385948615e-02	5.370317963702527e-02
606	5.119770761112530e-02	5.128613839913648e-02
607	4.390933496852978e-02	4.466835921509630e-02
615	4.360151619405628e-02	4.365158322401658e-02
627	4.212068985914630e-02	4.265795188015926e-02
628	3.767225199472002e-02	3.801893963205612e-02
644	3.633312135750455e-02	3.715352290971726e-02
645	3.629268652254802e-02	3.630780547701014e-02
650	3.540968292754998e-02	3.548133892335755e-02
654	3.332523583707847e-02	3.388441561392026e-02
655	3.298481476478954e-02	3.311311214825911e-02
674	2.858938831845603e-02	2.884031503126606e-02
699	2.712862149509143e-02	2.754228703338166e-02
700	2.683893135055238e-02	2.691534803926915e-02
718	2.546675976985269e-02	2.570395782768863e-02
719	1.872879101588310e-02	1.905460717963247e-02
732	1.812486211750697e-02	1.819700858609984e-02
734	1.761042949536828e-02	1.778279410038923e-02
739	1.721033788502280e-02	1.737800828749375e-02
742	1.687090998684793e-02	1.698243652461744e-02
746	1.655742411883931e-02	1.659586907437561e-02
754	1.603439454072209e-02	1.621810097358930e-02
756	1.552547359136525e-02	1.584893192461113e-02
757	1.413796004826162e-02	1.445439770745927e-02
761	1.302079209762363e-02	1.318256738556407e-02
771	1.286377226360369e-02	1.288249551693134e-02
779	1.243865454747584e-02	1.258925411794167e-02
781	1.205949772346038e-02	1.230268770812382e-02
786	1.200455730360250e-02	1.202264434617413e-02
798	1.166183698002554e-02	1.174897554939530e-02
805	1.145177041079937e-02	1.148153621496883e-02
812	1.073911406366568e-02	1.096478196143185e-02
816	1.070003831728439e-02	1.071519305237606e-02
844	1.046256322358696e-02	1.047128548050900e-02
845	1.006522499721196e-02	1.023292992280754e-02
858	9.942255989086712e-03	1.000000000000000e-02
878	9.603397379971845e-03	9.772372209558112e-03
882	9.490027353717068e-03	9.549925860214359e-03
886	9.171755023650197e-03	9.332543007969915e-03
896	8.853205938954778e-03	8.912509381337459e-03
906	8.631565370979533e-03	8.709635899560805e-03
941	8.353132767645932e-03	8.511380382023767e-03
945	8.010332020734867e-03	8.128305161640995e-03
950	7.933386738665060e-03	7.943282347242814e-03
953	7.629697549503933e-03	7.762471166286920e-03
956	7.577049139288472e-03	7.585775750291836e-03
963	7.382810527657990e-03	7.413102413009177e-03
971	7.090454894600806e-03	7.244359600749898e-03
972	7.004077720304203e-03	7.079457843841380e-03
976	6.643588151680979e-03	6.760829753919818e-03
977	6.566899427194128e-03	6.606934480075957e-03
989	6.452157735963748e-03	6.456542290346556e-03
1000	5.678943448828577e-03	5.754399373371567e-03
1001	5.608686556510478e-03	5.623413251903491e-03
1019	5.490969087193931e-03	5.495408738576248e-03
1034	5.115929984819356e-03	5.128613839913648e-03
1036	4.926116180251183e-03	5.011872336272725e-03
1044	4.864269677498645e-03	4.897788193684461e-03
1047	4.697844902139647e-03	4.786300923226385e-03
1056	4.672433002715026e-03	4.677351412871981e-03
1073	4.441645454495546e-03	4.466835921509630e-03
1080	4.173860366566529e-03	4.265795188015926e-03
1087	4.163738442305887e-03	4.168693834703355e-03
1096	4.062554940791552e-03	4.073802778041126e-03
1115	3.952315953243635e-03	3.981071705534973e-03
1123	3.888781818491283e-03	3.890451449942805e-03
1130	3.769414643184477e-03	3.801893963205613e-03
1140	3.714399455025275e-03	3.715352290971724e-03
1200	3.618970573786351e-03	3.630780547701014e-03
1212	3.485082489910529e-03	3.548133892335753e-03
1213	3.428803840979100e-03	3.467368504525317e-03
1226	3.381505647608085e-03	3.388441561392024e-03
1253	3.244033673566071e-03	3.311311214825911e-03
1262	3.235182733547948e-03	3.235936569296281e-03
1272	3.147265032999447e-03	3.162277660168379e-03
1287	2.995980442613955e-03	3.019951720402016e-03
1311	2.932576058855441e-03	2.951209226666387e-03
1340	2.881686909104286e-03	2.884031503126605e-03
1360	2.818355686134644e-03	2.818382931264455e-03
1400	2.752450694325281e-03	2.754228703338166e-03
1499	2.534990356611755e-03	2.570395782768865e-03
1533	2.377694426648924e-03	2.398832919019490e-03
1576	2.309225187175801e-03	2.344228815319923e-03
1588	2.287399466838980e-03	2.290867652767772e-03
1614	2.235748534293647e-03	2.238721138568340e-03
1623	2.186092643552628e-03	2.187761623949552e-03
1659	2.134498628050929e-03	2.137962089502233e-03
1665	2.020722897758676e-03	2.041737944669530e-03
1699	1.958925636097453e-03	1.995262314968879e-03
1703	1.949607648259355e-03	1.949844599758046e-03
1755	1.901591172116746e-03	1.905460717963246e-03
1776	1.859277241324842e-03	1.862087136662868e-03
1842	1.815407584412787e-03	1.819700858609983e-03
1847	1.768161248857258e-03	1.778279410038923e-03
1886	1.731991561368273e-03	1.737800828749376e-03
1960	1.691744771541770e-03	1.698243652461744e-03
2016	1.636344134981482e-03	1.659586907437561e-03
2048	1.621351395831860e-03	1.621810097358930e-03
2126	1.577565513494972e-03	1.584893192461114e-03
2146	1.547397362310576e-03	1.548816618912481e-03
2198	1.373265081944020e-03	1.380384264602885e-03
2235	1.348948280344153e-03	1.348962882591653e-03
2384	1.313732863616135e-03	1.318256738556408e-03
2498	1.262219914546558e-03	1.288249551693134e-03
2508	1.257902217158935e-03	1.258925411794167e-03
2662	1.214539299101647e-03	1.230268770812381e-03
2663	1.170578846224291e-03	1.174897554939529e-03
2733	1.145266170789139e-03	1.148153621496883e-03
2793	1.110112422803899e-03	1.122018454301963e-03
2847	1.094037581637286e-03	1.096478196143185e-03
2921	1.071398039823035e-03	1.071519305237606e-03
3036	1.043663556370533e-03	1.047128548050900e-03
3170	1.022916073765590e-03	1.023292992280754e-03
3250	9.999557931744674e-04	1.000000000000000e-03
3522	9.764544904916628e-04	9.772372209558111e-04
3549	9.516466968576553e-04	9.549925860214359e-04
3720	8.870329722828751e-04	8.912509381337459e-04
3914	8.707731903895288e-04	8.709635899560805e-04
4053	8.402378782287334e-04	8.511380382023768e-04
4641	7.905776440293444e-04	7.943282347242813e-04
4643	7.316774056338460e-04	7.413102413009177e-04
4700	7.091211526856211e-04	7.244359600749898e-04
4737	6.744742775650625e-04	6.760829753919819e-04
4739	6.563501974942154e-04	6.606934480075957e-04
4853	6.009439663398064e-04	6.025595860743575e-04
4881	5.717015794177716e-04	5.754399373371566e-04
4882	5.597280939618754e-04	5.623413251903491e-04
4910	5.485172241177505e-04	5.495408738576248e-04
4990	5.359327139634606e-04	5.370317963702527e-04
5687	5.220897348262588e-04	5.248074602497728e-04
7527	5.128526004990475e-04	5.128613839913648e-04
8002	5.103777412882593e-04	5.128613839913648e-04
%
% index = 394, name = bbob_f013_i11_d02__bbob_f021_i12_d02
% instance = 5, reference value = 7.100697629928550e-01
% function evaluation | indicator value | target hit
1	1.943400398812855e+00	1.949844599758045e+00
256	1.116599488177666e+00	1.122018454301963e+00
296	8.106069395178550e-01	8.128305161640993e-01
356	7.107943461278550e-01	7.244359600749900e-01
378	5.088829428049553e-01	5.128613839913648e-01
447	4.704417732761580e-01	4.786300923226383e-01
461	3.402593245472955e-01	3.467368504525316e-01
506	3.317758946621176e-01	3.388441561392025e-01
517	3.307491108702297e-01	3.311311214825911e-01
526	2.764927103591330e-01	2.818382931264454e-01
583	2.745726155955093e-01	2.754228703338166e-01
607	1.890440526812425e-01	1.905460717963247e-01
610	7.988305625217584e-02	8.128305161640990e-02
613	5.408466497237230e-02	5.495408738576246e-02
656	4.526226465953920e-02	4.570881896148749e-02
685	4.387843564004401e-02	4.466835921509630e-02
709	3.121974800486249e-02	3.162277660168379e-02
730	2.665859700959072e-02	2.691534803926915e-02
763	2.564134092326242e-02	2.570395782768863e-02
773	2.509744864618679e-02	2.511886431509579e-02
779	2.345396130658384e-02	2.398832919019490e-02
808	2.308566381250665e-02	2.344228815319923e-02
809	2.272174996071530e-02	2.290867652767773e-02
843	2.208207518042560e-02	2.238721138568340e-02
852	2.171491751946186e-02	2.187761623949553e-02
853	2.088994939005429e-02	2.089296130854040e-02
857	1.937409284150204e-02	1.949844599758046e-02
888	1.868852224751238e-02	1.905460717963247e-02
904	1.856287228357489e-02	1.862087136662868e-02
911	1.440831072509474e-02	1.445439770745927e-02
919	1.408502725375183e-02	1.412537544622754e-02
923	1.374710812630853e-02	1.380384264602885e-02
945	1.281407087972553e-02	1.288249551693134e-02
948	1.225753306075394e-02	1.230268770812382e-02
970	1.131585318671380e-02	1.148153621496883e-02
983	1.084488708062614e-02	1.096478196143185e-02
1010	1.059432755210121e-02	1.071519305237606e-02
1026	1.035690471706541e-02	1.047128548050900e-02
1027	1.001692737779425e-02	1.023292992280754e-02
1038	9.995523151079211e-03	1.000000000000000e-02
1040	9.485855301780033e-03	9.549925860214359e-03
1049	9.200659493601826e-03	9.332543007969915e-03
1060	8.847508358583611e-03	8.912509381337459e-03
1077	8.136763331084595e-03	8.317637711026709e-03
1078	8.079472324949211e-03	8.128305161640995e-03
1089	7.871820280727193e-03	7.943282347242814e-03
1122	7.761770920683198e-03	7.762471166286920e-03
1150	7.554427342708170e-03	7.585775750291836e-03
1160	7.118226068927092e-03	7.244359600749898e-03
1183	7.075476844643935e-03	7.079457843841380e-03
1224	6.319053791705387e-03	6.456542290346556e-03
1225	6.265843337110888e-03	6.309573444801930e-03
1272	6.148135102871266e-03	6.165950018614822e-03
1280	5.922403669019305e-03	6.025595860743574e-03
1281	5.875652754364968e-03	5.888436553555890e-03
1317	5.609769552201604e-03	5.623413251903491e-03
1366	5.458141469900202e-03	5.495408738576248e-03
1394	5.186176899656170e-03	5.248074602497728e-03
1400	5.123584679548543e-03	5.128613839913648e-03
1405	4.982003479573671e-03	5.011872336272725e-03
1454	4.830058211582777e-03	4.897788193684461e-03
1487	4.532960369447725e-03	4.570881896148752e-03
1518	4.463771901359492e-03	4.466835921509630e-03
1546	4.266581973712213e-03	4.365158322401661e-03
1549	4.180404982603081e-03	4.265795188015926e-03
1561	4.138642013091998e-03	4.168693834703355e-03
1568	4.048568621197401e-03	4.073802778041126e-03
1640	3.915312586191821e-03	3.981071705534973e-03
1667	3.888282245710806e-03	3.890451449942805e-03
1672	3.772192359579374e-03	3.801893963205613e-03
1692	3.686209977592392e-03	3.715352290971724e-03
1750	3.615696230039323e-03	3.630780547701014e-03
1829	3.547311375685092e-03	3.548133892335753e-03
1888	3.458807316602752e-03	3.467368504525317e-03
1890	3.350637400819756e-03	3.388441561392024e-03
1923	3.264820918847056e-03	3.311311214825911e-03
1973	3.233382614399649e-03	3.235936569296281e-03
2032	3.135503624577485e-03	3.162277660168379e-03
2056	3.077566006654098e-03	3.090295432513592e-03
2102	3.015535333174002e-03	3.019951720402016e-03
2136	2.928073130187947e-03	2.951209226666387e-03
2168	2.879410372711555e-03	2.884031503126605e-03
2177	2.794437330049693e-03	2.818382931264455e-03
2211	2.704351665496763e-03	2.754228703338166e-03
2232	2.691260707694987e-03	2.691534803926917e-03
2255	2.622213785920979e-03	2.630267991895381e-03
2277	2.546432136909305e-03	2.570395782768865e-03
2297	2.511039941782700e-03	2.511886431509579e-03
2322	2.432807893315569e-03	2.454708915685031e-03
2356	2.398662288606190e-03	2.398832919019490e-03
2457	2.248979879538981e-03	2.290867652767772e-03
2497	2.235968666341459e-03	2.238721138568340e-03
2545	2.147548084662554e-03	2.187761623949552e-03
2585	2.131124261740336e-03	2.137962089502233e-03
2655	2.083268909694458e-03	2.089296130854039e-03
2665	2.030932431417054e-03	2.041737944669530e-03
2756	1.906859463627009e-03	1.949844599758046e-03
2762	1.905261887565013e-03	1.905460717963246e-03
2819	1.853519941033777e-03	1.862087136662868e-03
2832	1.816200044240102e-03	1.819700858609983e-03
2883	1.775007892241831e-03	1.778279410038923e-03
2948	1.733957951420839e-03	1.737800828749376e-03
3010	1.688396197681685e-03	1.698243652461744e-03
3039	1.653431639414338e-03	1.659586907437561e-03
3068	1.606941195089195e-03	1.621810097358930e-03
3196	1.577378010968022e-03	1.584893192461114e-03
3202	1.544917021495840e-03	1.548816618912481e-03
3215	1.412694167240547e-03	1.445439770745928e-03
3217	1.410828609511028e-03	1.412537544622754e-03
3438	1.380348363638095e-03	1.380384264602885e-03
3459	1.348774933214503e-03	1.348962882591653e-03
3604	1.309780754555234e-03	1.318256738556408e-03
3660	1.287064958806705e-03	1.288249551693134e-03
3813	1.235581098055549e-03	1.258925411794167e-03
3829	1.223781788814327e-03	1.230268770812381e-03
3863	1.200810215424286e-03	1.202264434617413e-03
3957	1.172594050544706e-03	1.174897554939529e-03
3985	1.146846881265318e-03	1.148153621496883e-03
8002	1.145030968859650e-03	1.148153621496883e-03
%
% index = 395, name = bbob_f013_i13_d02__bbob_f021_i14_d02
% instance = 6, reference value = 9.405379420989221e-01
% function evaluation | indicator value | target hit
1	1.723546488911922e+00	1.737800828749375e+00
84	1.166607362467922e+00	1.174897554939530e+00
110	6.950029796637803e-01	7.079457843841379e-01
165	6.712820427549713e-01	6.760829753919817e-01
166	6.062772827701384e-01	6.165950018614822e-01
220	5.602115125727916e-01	5.623413251903491e-01
231	4.935727441469752e-01	5.011872336272722e-01
311	2.239772540469236e-01	2.290867652767773e-01
317	2.094081641829443e-01	2.137962089502232e-01
334	2.011172796971600e-01	2.041737944669530e-01
335	1.687877149804800e-01	1.698243652461744e-01
384	1.531756391703266e-01	1.548816618912481e-01
385	1.457248725675753e-01	1.479108388168208e-01
388	1.373295046112852e-01	1.380384264602885e-01
431	1.208478428040773e-01	1.230268770812381e-01
449	1.152911850862310e-01	1.174897554939529e-01
450	9.864028504199340e-02	1.000000000000000e-01
510	9.599486042939642e-02	9.772372209558107e-02
589	9.412440447473902e-02	9.549925860214359e-02
651	9.329979332898397e-02	9.332543007969910e-02
795	9.091840705381338e-02	9.120108393559097e-02
4413	5.050504353235907e-02	5.128613839913648e-02
4445	4.235161157422207e-02	4.265795188015926e-02
4448	3.007551975272282e-02	3.019951720402016e-02
4573	2.786653586449084e-02	2.818382931264454e-02
4575	2.732781328501721e-02	2.754228703338166e-02
4740	2.335435450552847e-02	2.344228815319923e-02
4749	2.220759516625903e-02	2.238721138568340e-02
4763	2.172998780781377e-02	2.187761623949553e-02
4776	1.375096396174291e-02	1.380384264602885e-02
4816	1.297163765953002e-02	1.318256738556407e-02
4821	7.915909743823502e-03	7.943282347242814e-03
4845	7.742061121900901e-03	7.762471166286920e-03
4898	7.461769594863221e-03	7.585775750291836e-03
4900	7.394316927895273e-03	7.413102413009177e-03
4939	7.203244021717348e-03	7.244359600749898e-03
4960	6.896789200220410e-03	6.918309709189363e-03
4972	6.400125358246411e-03	6.456542290346556e-03
4983	6.275204785591959e-03	6.309573444801930e-03
5071	6.162799852939549e-03	6.165950018614822e-03
5097	6.009648934037992e-03	6.025595860743574e-03
5297	5.815493415709194e-03	5.888436553555890e-03
5362	5.752005816316852e-03	5.754399373371567e-03
5848	5.621974903577076e-03	5.623413251903491e-03
6329	5.491876504932103e-03	5.495408738576248e-03
8002	5.407092871113850e-03	5.495408738576248e-03
%
% index = 396, name = bbob_f013_i15_d02__bbob_f021_i16_d02
% instance = 7, reference value = 9.112444027698080e-01
% function evaluation | indicator value | target hit
1	4.121298253417044e-01	4.168693834703354e-01
284	3.875281418280071e-01	3.890451449942806e-01
351	3.178953451933137e-01	3.235936569296283e-01
369	2.687545358749143e-01	2.691534803926916e-01
376	2.534043552663590e-01	2.570395782768864e-01
383	2.487736975595136e-01	2.511886431509580e-01
390	2.454239836752129e-01	2.454708915685030e-01
403	2.329331447136582e-01	2.344228815319922e-01
404	2.260398708000030e-01	2.290867652767773e-01
408	2.216648493294550e-01	2.238721138568339e-01
409	2.170529967282994e-01	2.187761623949552e-01
411	2.093716933941467e-01	2.137962089502232e-01
421	1.915343391128282e-01	1.949844599758045e-01
435	1.889683537429171e-01	1.905460717963247e-01
438	1.714493985506748e-01	1.737800828749375e-01
440	1.688139798963290e-01	1.698243652461744e-01
448	1.657453150368539e-01	1.659586907437560e-01
485	6.360754749411324e-02	6.456542290346556e-02
496	4.425982908725068e-02	4.466835921509630e-02
502	4.192354809692200e-02	4.265795188015926e-02
508	4.026098619373253e-02	4.073802778041128e-02
556	3.902649907754685e-02	3.981071705534973e-02
570	3.821282485452493e-02	3.890451449942807e-02
585	3.798540992759092e-02	3.801893963205612e-02
601	3.178432565989397e-02	3.235936569296283e-02
609	3.093358434648430e-02	3.162277660168379e-02
617	3.090099948318636e-02	3.090295432513590e-02
629	2.888333602346738e-02	2.951209226666385e-02
638	2.881071731741469e-02	2.884031503126606e-02
640	2.795504418035721e-02	2.818382931264454e-02
647	2.556330361976600e-02	2.570395782768863e-02
657	2.490315143662503e-02	2.511886431509579e-02
662	2.311697517327704e-02	2.344228815319923e-02
698	2.101142401147649e-02	2.137962089502233e-02
705	2.080378067517386e-02	2.089296130854040e-02
748	2.041375280614366e-02	2.041737944669529e-02
853	1.981074559864138e-02	1.995262314968880e-02
933	1.944253584808464e-02	1.949844599758046e-02
1262	1.905396246955970e-02	1.905460717963247e-02
1978	1.741715615901873e-02	1.778279410038923e-02
2099	1.736630583698795e-02	1.737800828749375e-02
2196	1.656478857819010e-02	1.659586907437561e-02
2218	1.545636158814889e-02	1.548816618912481e-02
2221	1.372907132505996e-02	1.380384264602885e-02
2375	1.203937934465060e-02	1.230268770812382e-02
2463	1.197715859328052e-02	1.202264434617413e-02
2501	1.170031319777520e-02	1.174897554939530e-02
2541	1.143587410951996e-02	1.148153621496883e-02
2603	1.120162967630134e-02	1.122018454301964e-02
3596	1.063100771694658e-02	1.071519305237606e-02
4570	9.290536720027776e-03	9.332543007969915e-03
4872	8.922185012771089e-03	9.120108393559097e-03
5043	8.894447807413552e-03	8.912509381337459e-03
8002	8.821630486015697e-03	8.912509381337459e-03
%
% index = 397, name = bbob_f013_i17_d02__bbob_f021_i18_d02
% instance = 8, reference value = 9.310698063043580e-01
% function evaluation | indicator value | target hit
1	7.922030928456718e-01	7.943282347242815e-01
218	6.610245110608672e-01	6.760829753919817e-01
225	6.529209767047079e-01	6.606934480075960e-01
261	6.439520467880175e-01	6.456542290346555e-01
300	4.662073975135987e-01	4.677351412871982e-01
323	3.961759345450433e-01	3.981071705534972e-01
358	3.388903296857712e-01	3.467368504525316e-01
379	1.362309568730747e-01	1.380384264602885e-01
411	1.281812786172389e-01	1.288249551693134e-01
462	1.255532263663722e-01	1.258925411794167e-01
504	1.156343029450845e-01	1.174897554939529e-01
507	1.135304598382220e-01	1.148153621496883e-01
526	1.062980295988253e-01	1.071519305237607e-01
531	1.027877320601652e-01	1.047128548050900e-01
538	8.761746005817728e-02	8.912509381337455e-02
539	8.440942135901131e-02	8.511380382023763e-02
553	7.563765556980884e-02	7.585775750291836e-02
561	7.070007386949029e-02	7.079457843841380e-02
568	5.828972010254341e-02	5.888436553555890e-02
592	5.571890198352181e-02	5.623413251903491e-02
610	5.446057275838312e-02	5.495408738576246e-02
612	5.366525679654843e-02	5.370317963702527e-02
644	5.079177348422770e-02	5.128613839913648e-02
651	5.003638129444576e-02	5.011872336272722e-02
659	4.848115961250832e-02	4.897788193684462e-02
662	4.409859260074167e-02	4.466835921509630e-02
674	4.310499195002826e-02	4.365158322401658e-02
691	2.760420883614934e-02	2.818382931264454e-02
692	2.730524107490351e-02	2.754228703338166e-02
734	2.685448263988333e-02	2.691534803926915e-02
736	2.557569580633190e-02	2.570395782768863e-02
768	2.509532117308533e-02	2.511886431509579e-02
829	2.388470041083224e-02	2.398832919019490e-02
863	2.342643882266116e-02	2.344228815319923e-02
869	2.077409258582230e-02	2.089296130854040e-02
874	2.033475565262277e-02	2.041737944669529e-02
884	1.910371410624367e-02	1.949844599758046e-02
902	1.898732146304483e-02	1.905460717963247e-02
928	1.558221468981624e-02	1.584893192461113e-02
943	1.508495055579240e-02	1.513561248436208e-02
946	1.309059523567135e-02	1.318256738556407e-02
995	1.286571851189922e-02	1.288249551693134e-02
1002	1.239032291453590e-02	1.258925411794167e-02
1051	1.178587667204190e-02	1.202264434617413e-02
1052	1.173671742241800e-02	1.174897554939530e-02
1068	1.100362170503277e-02	1.122018454301964e-02
1098	1.093430542205043e-02	1.096478196143185e-02
1112	1.069332649023835e-02	1.071519305237606e-02
1138	1.044166197830165e-02	1.047128548050900e-02
1187	1.022143562799249e-02	1.023292992280754e-02
1192	9.906702911453680e-03	1.000000000000000e-02
1197	9.012229762779378e-03	9.120108393559097e-03
1225	8.847012863848480e-03	8.912509381337459e-03
1285	8.673558774432877e-03	8.709635899560805e-03
1306	8.432189310290994e-03	8.511380382023767e-03
1343	8.100598516972646e-03	8.128305161640995e-03
1350	7.665291632978133e-03	7.762471166286920e-03
1379	7.573684013090110e-03	7.585775750291836e-03
1382	7.366376860420076e-03	7.413102413009177e-03
1452	7.191724114784526e-03	7.244359600749898e-03
1506	7.079031144343384e-03	7.079457843841380e-03
1545	6.903491955081997e-03	6.918309709189363e-03
1657	6.715329803089976e-03	6.760829753919818e-03
1730	6.523914327079661e-03	6.606934480075957e-03
1777	6.428160986220899e-03	6.456542290346556e-03
1821	6.239746031593496e-03	6.309573444801930e-03
1822	6.147770744662329e-03	6.165950018614822e-03
1826	5.996081338694781e-03	6.025595860743574e-03
1877	5.888167479183193e-03	5.888436553555890e-03
1963	5.699324569279574e-03	5.754399373371567e-03
2080	5.623171636994884e-03	5.623413251903491e-03
2445	5.492563714711962e-03	5.495408738576248e-03
2568	5.279114540248098e-03	5.370317963702527e-03
2593	5.246446417255468e-03	5.248074602497728e-03
2742	5.056111461293367e-03	5.128613839913648e-03
2998	4.992396736500759e-03	5.011872336272725e-03
3235	4.892902333732407e-03	4.897788193684461e-03
3423	4.786068541094757e-03	4.786300923226385e-03
3661	4.473995477501269e-03	4.570881896148752e-03
3678	4.465976559885676e-03	4.466835921509630e-03
3982	4.353663927190721e-03	4.365158322401661e-03
4049	4.240403829376960e-03	4.265795188015926e-03
4887	4.165763016113266e-03	4.168693834703355e-03
4954	3.933337842986662e-03	3.981071705534973e-03
5113	3.773186398234318e-03	3.801893963205613e-03
5180	3.713751031600321e-03	3.715352290971724e-03
5279	3.583782294416360e-03	3.630780547701014e-03
5331	3.531503349227472e-03	3.548133892335753e-03
5644	3.467280210910917e-03	3.467368504525317e-03
6364	3.318110752162151e-03	3.388441561392024e-03
6481	3.293090344613114e-03	3.311311214825911e-03
6534	3.179754623723441e-03	3.235936569296281e-03
6598	3.160027181948299e-03	3.162277660168379e-03
6779	3.048689863487164e-03	3.090295432513592e-03
6834	2.973521281634639e-03	3.019951720402016e-03
7053	2.922607328710414e-03	2.951209226666387e-03
7171	2.808669918425877e-03	2.818382931264455e-03
7615	2.687125529421741e-03	2.691534803926917e-03
8002	2.672601722889412e-03	2.691534803926917e-03
%
% index = 398, name = bbob_f013_i19_d02__bbob_f021_i21_d02
% instance = 9, reference value = 9.296630893783160e-01
% function evaluation | indicator value | target hit
1	8.724753102007122e-01	8.912509381337456e-01
203	6.978480167682326e-01	7.079457843841379e-01
210	3.040252411823516e-01	3.090295432513591e-01
236	2.720700964991067e-01	2.754228703338166e-01
242	2.540020903336129e-01	2.570395782768864e-01
247	1.721013694129921e-01	1.737800828749375e-01
361	1.211089678795201e-01	1.230268770812381e-01
362	1.040419325404958e-01	1.047128548050900e-01
403	9.731222818676033e-02	9.772372209558107e-02
405	7.569273676068655e-02	7.585775750291836e-02
446	6.466421673232203e-02	6.606934480075961e-02
448	6.431648996241668e-02	6.456542290346556e-02
536	6.304780330503035e-02	6.309573444801933e-02
575	3.048784855915665e-02	3.090295432513590e-02
595	3.000947235648455e-02	3.019951720402016e-02
612	2.943439251630198e-02	2.951209226666385e-02
659	2.880727862704724e-02	2.884031503126606e-02
706	2.806336581588309e-02	2.818382931264454e-02
715	2.699574720406495e-02	2.754228703338166e-02
735	2.678293680720201e-02	2.691534803926915e-02
768	2.541487893194139e-02	2.570395782768863e-02
781	2.242388541840401e-02	2.290867652767773e-02
788	2.236459830767590e-02	2.238721138568340e-02
806	2.120415190875591e-02	2.137962089502233e-02
923	1.743579610652346e-02	1.778279410038923e-02
934	1.666727497676534e-02	1.698243652461744e-02
968	1.096514438484619e-02	1.122018454301964e-02
994	8.124840464841188e-03	8.128305161640995e-03
1068	7.806882687219852e-03	7.943282347242814e-03
1069	7.129749844976940e-03	7.244359600749898e-03
1073	5.800444975939123e-03	5.888436553555890e-03
1117	5.689206623698762e-03	5.754399373371567e-03
1132	5.255988637845488e-03	5.370317963702527e-03
1138	4.737836170092491e-03	4.786300923226385e-03
1139	4.634730217728755e-03	4.677351412871981e-03
1170	4.503947951088549e-03	4.570881896148752e-03
1171	4.280782708330211e-03	4.365158322401661e-03
1174	4.233226968471060e-03	4.265795188015926e-03
1207	4.151564209024627e-03	4.168693834703355e-03
1310	4.069253767014613e-03	4.073802778041126e-03
1370	3.556239881656764e-03	3.630780547701014e-03
1390	3.528013498754312e-03	3.548133892335753e-03
1430	3.391305329872085e-03	3.467368504525317e-03
1436	3.365885519246881e-03	3.388441561392024e-03
1661	3.270071372742933e-03	3.311311214825911e-03
1672	3.203778762329246e-03	3.235936569296281e-03
1808	3.056728218614690e-03	3.090295432513592e-03
1898	3.018849773435361e-03	3.019951720402016e-03
2005	2.911859664704419e-03	2.951209226666387e-03
2067	2.880855818862549e-03	2.884031503126605e-03
2140	2.812082503043212e-03	2.818382931264455e-03
2292	2.694240342288268e-03	2.754228703338166e-03
2363	2.690719258144458e-03	2.691534803926917e-03
2556	2.630139036547186e-03	2.630267991895381e-03
2848	2.240807716525017e-03	2.290867652767772e-03
2857	2.237930315367453e-03	2.238721138568340e-03
3165	2.178493849920082e-03	2.187761623949552e-03
3244	1.948011892529022e-03	1.949844599758046e-03
3311	1.889816001889311e-03	1.905460717963246e-03
3494	1.860471910079431e-03	1.862087136662868e-03
3768	1.814164066046398e-03	1.819700858609983e-03
4622	1.776510857084190e-03	1.778279410038923e-03
8002	1.744628830688710e-03	1.778279410038923e-03
%
% index = 399, name = bbob_f013_i21_d02__bbob_f021_i22_d02
% instance = 10, reference value = 9.786750485790280e-01
% function evaluation | indicator value | target hit
1	1.265884980275028e+00	1.288249551693134e+00
314	9.611667589088267e-01	9.772372209558107e-01
315	9.428576859515007e-01	9.549925860214360e-01
359	8.051090352373251e-01	8.128305161640993e-01
409	7.861938449167962e-01	7.943282347242815e-01
421	6.404862826883692e-01	6.456542290346555e-01
455	5.116280552285651e-01	5.128613839913648e-01
459	4.849853816488813e-01	4.897788193684462e-01
477	2.988367985170854e-01	3.019951720402016e-01
490	1.579546513695356e-01	1.584893192461113e-01
498	1.505099375425835e-01	1.513561248436208e-01
506	1.195590400992591e-01	1.202264434617413e-01
507	7.459200875926153e-02	7.585775750291836e-02
522	7.139210288760889e-02	7.244359600749903e-02
569	7.055902147890936e-02	7.079457843841380e-02
580	4.410218276692268e-02	4.466835921509630e-02
584	4.346179098513703e-02	4.365158322401658e-02
602	4.259715073968628e-02	4.265795188015926e-02
646	3.992270283984878e-02	4.073802778041128e-02
679	3.852928253427257e-02	3.890451449942807e-02
710	3.766281799804672e-02	3.801893963205612e-02
727	3.697740762303847e-02	3.715352290971726e-02
782	3.410244901233439e-02	3.467368504525317e-02
786	3.006288740016527e-02	3.019951720402016e-02
807	2.949397116331043e-02	2.951209226666385e-02
808	2.877357437639794e-02	2.884031503126606e-02
817	2.800586736260713e-02	2.818382931264454e-02
827	2.738933826160916e-02	2.754228703338166e-02
910	2.673011824680360e-02	2.691534803926915e-02
921	2.628997439077196e-02	2.630267991895381e-02
962	2.562588699723900e-02	2.570395782768863e-02
989	2.510911921651171e-02	2.511886431509579e-02
1067	2.346122927591521e-02	2.398832919019490e-02
1073	2.344038562823036e-02	2.344228815319923e-02
1099	1.683131892051104e-02	1.698243652461744e-02
1125	1.654787587359796e-02	1.659586907437561e-02
1162	1.605628135889225e-02	1.621810097358930e-02
1183	1.401605456246202e-02	1.412537544622754e-02
1241	1.374682589837750e-02	1.380384264602885e-02
1274	1.337880237228295e-02	1.348962882591653e-02
1347	1.203203460725388e-02	1.230268770812382e-02
1409	1.054893982061611e-02	1.071519305237606e-02
1459	7.951616710025644e-03	8.128305161640995e-03
1523	7.943233228447588e-03	7.943282347242814e-03
1559	7.628910238353326e-03	7.762471166286920e-03
1587	7.448942902667732e-03	7.585775750291836e-03
1611	5.507784076344113e-03	5.623413251903491e-03
1652	5.493932091192644e-03	5.495408738576248e-03
1663	5.351812110833909e-03	5.370317963702527e-03
1692	4.925072095197214e-03	5.011872336272725e-03
1693	4.342838560109641e-03	4.365158322401661e-03
1703	3.917653693178536e-03	3.981071705534973e-03
1705	3.860626500154396e-03	3.890451449942805e-03
1798	2.328501087619728e-03	2.344228815319923e-03
1852	2.175209691902991e-03	2.187761623949552e-03
1863	1.763150432701810e-03	1.778279410038923e-03
1927	1.736466189535713e-03	1.737800828749376e-03
2008	1.555785777214824e-03	1.584893192461114e-03
2043	1.532333256534901e-03	1.548816618912481e-03
2066	1.513484725493397e-03	1.513561248436209e-03
2119	1.331767843197329e-03	1.348962882591653e-03
2163	1.310258501810435e-03	1.318256738556408e-03
2171	1.287529549074851e-03	1.288249551693134e-03
2215	1.242256009886145e-03	1.258925411794167e-03
2250	1.211715239691102e-03	1.230268770812381e-03
2251	1.193702266604979e-03	1.202264434617413e-03
2253	1.152214978641153e-03	1.174897554939529e-03
2284	1.057630836904466e-03	1.071519305237606e-03
2301	1.046681070738353e-03	1.047128548050900e-03
2342	7.944806293015416e-04	8.128305161640995e-04
2355	6.346109767825237e-04	6.456542290346556e-04
2362	5.940205995234038e-04	6.025595860743575e-04
2415	5.867223637057162e-04	5.888436553555889e-04
2446	5.741464442210464e-04	5.754399373371566e-04
2504	5.622172061955366e-04	5.623413251903491e-04
2529	5.484934963990717e-04	5.495408738576248e-04
2540	5.343647970924570e-04	5.370317963702527e-04
2545	5.213110550906785e-04	5.248074602497728e-04
2590	4.728402000272469e-04	4.786300923226385e-04
2591	4.371731027498216e-04	4.466835921509630e-04
2599	4.362798866099915e-04	4.365158322401661e-04
2630	4.129551633589301e-04	4.168693834703355e-04
2631	3.976370226503878e-04	3.981071705534974e-04
2684	3.871432475198722e-04	3.890451449942805e-04
2817	3.793478490201618e-04	3.801893963205612e-04
2825	3.591197507702981e-04	3.630780547701014e-04
2938	3.484423988013852e-04	3.548133892335753e-04
2939	3.464877024262902e-04	3.467368504525317e-04
2971	3.322501616456197e-04	3.388441561392024e-04
2974	3.273557349713352e-04	3.311311214825911e-04
2992	3.170709264250782e-04	3.235936569296281e-04
2999	3.157822559494150e-04	3.162277660168379e-04
3027	3.070762019660167e-04	3.090295432513592e-04
3064	2.956644506111328e-04	3.019951720402016e-04
3066	2.919092473635532e-04	2.951209226666387e-04
3134	2.867730317110961e-04	2.884031503126605e-04
3202	2.816290708010927e-04	2.818382931264455e-04
3430	2.724448910822463e-04	2.754228703338166e-04
3582	2.691503886305124e-04	2.691534803926917e-04
3585	2.620571573492825e-04	2.630267991895381e-04
3705	2.569468101661920e-04	2.570395782768865e-04
3739	2.356331035340276e-04	2.398832919019490e-04
3753	2.343918158873581e-04	2.344228815319923e-04
3882	2.287237853022539e-04	2.290867652767772e-04
3913	2.237872742558711e-04	2.238721138568340e-04
4005	2.187715860106909e-04	2.187761623949552e-04
4022	2.008699947118053e-04	2.041737944669530e-04
4031	1.994324271581416e-04	1.995262314968879e-04
4759	1.875240671158629e-04	1.905460717963246e-04
4770	1.628978415032512e-04	1.659586907437562e-04
4833	1.468350587785494e-04	1.479108388168207e-04
4915	1.317101026517831e-04	1.318256738556407e-04
4971	1.283887956761154e-04	1.288249551693134e-04
5013	1.252397175255382e-04	1.258925411794167e-04
5141	1.215264806803118e-04	1.230268770812381e-04
5239	1.196967325245435e-04	1.202264434617413e-04
5274	1.169496839878992e-04	1.174897554939529e-04
5676	7.550336892558906e-05	7.585775750291836e-05
5734	7.196158034328271e-05	7.244359600749906e-05
6481	7.077501188723634e-05	7.079457843841373e-05
6623	6.915585351385811e-05	6.918309709189363e-05
7189	6.740869787391635e-05	6.760829753919819e-05
7257	6.414654571218481e-05	6.456542290346549e-05
7418	6.249432840277347e-05	6.309573444801929e-05
7465	6.160621298356705e-05	6.165950018614822e-05
7596	5.818078575225982e-05	5.888436553555884e-05
7614	5.519900801476130e-05	5.623413251903491e-05
7712	5.486403735921463e-05	5.495408738576248e-05
7811	5.344346783264786e-05	5.370317963702532e-05
7820	5.099628861127137e-05	5.128613839913648e-05
7867	4.894622984485952e-05	4.897788193684466e-05
8002	4.832460941539551e-05	4.897788193684466e-05
