%
% index = 910, name = bbob_f013_i02_d03__bbob_f015_i04_d03
% instance = 1, reference value = 8.076489272719620e-01
% function evaluation | indicator value | target hit
1	4.174070916711757e-01	4.265795188015927e-01
413	3.609245195374017e-01	3.630780547701014e-01
514	3.281333847279492e-01	3.311311214825911e-01
521	2.661155878880606e-01	2.691534803926916e-01
544	2.562978590657895e-01	2.570395782768864e-01
552	2.433873596392238e-01	2.454708915685030e-01
554	2.392016765901275e-01	2.398832919019490e-01
556	2.136564097844270e-01	2.137962089502232e-01
575	1.945735586261583e-01	1.949844599758045e-01
583	1.839251625625954e-01	1.862087136662867e-01
598	1.791763356451206e-01	1.819700858609984e-01
604	1.743447511202355e-01	1.778279410038923e-01
608	1.691016422023748e-01	1.698243652461744e-01
609	1.450572519046834e-01	1.479108388168208e-01
612	1.234710170117355e-01	1.258925411794167e-01
617	1.086035915297341e-01	1.096478196143185e-01
628	1.041017029465290e-01	1.047128548050900e-01
640	9.846501328991075e-02	1.000000000000000e-01
641	9.408209093133291e-02	9.549925860214359e-02
642	9.299453685856007e-02	9.332543007969910e-02
652	8.536018447165772e-02	8.709635899560805e-02
653	8.363932865904911e-02	8.511380382023763e-02
661	8.074280183884819e-02	8.128305161640990e-02
664	7.395573633144525e-02	7.413102413009177e-02
675	7.058574225896241e-02	7.079457843841380e-02
682	6.236510263349770e-02	6.309573444801933e-02
693	6.018358484624275e-02	6.025595860743578e-02
702	5.853078209308282e-02	5.888436553555890e-02
709	5.713929026657338e-02	5.754399373371569e-02
710	5.607728145424395e-02	5.623413251903491e-02
713	5.493291698801284e-02	5.495408738576246e-02
717	5.358085805728396e-02	5.370317963702527e-02
722	5.225657525726357e-02	5.248074602497726e-02
738	4.979062623511343e-02	5.011872336272722e-02
742	4.703882467956655e-02	4.786300923226382e-02
747	4.589421782013769e-02	4.677351412871981e-02
751	4.507839482898202e-02	4.570881896148749e-02
752	4.438570686367194e-02	4.466835921509630e-02
761	4.203848057900050e-02	4.265795188015926e-02
769	4.112009979958098e-02	4.168693834703355e-02
774	4.064851534748182e-02	4.073802778041128e-02
777	3.955181610777270e-02	3.981071705534973e-02
780	3.730528454793391e-02	3.801893963205612e-02
784	3.664192021702095e-02	3.715352290971726e-02
790	3.614139065387334e-02	3.630780547701014e-02
814	3.519176502992361e-02	3.548133892335755e-02
820	3.460596897782753e-02	3.467368504525317e-02
837	3.378460706741038e-02	3.388441561392026e-02
852	3.264589881622249e-02	3.311311214825911e-02
869	3.225672579626260e-02	3.235936569296283e-02
882	3.160092635584721e-02	3.162277660168379e-02
886	3.064950653909693e-02	3.090295432513590e-02
891	3.013636457707913e-02	3.019951720402016e-02
894	2.922583479850727e-02	2.951209226666385e-02
902	2.875779962826508e-02	2.884031503126606e-02
920	2.740678570108601e-02	2.754228703338166e-02
922	2.688275538625318e-02	2.691534803926915e-02
938	2.568517789972335e-02	2.570395782768863e-02
945	2.509577242289607e-02	2.511886431509579e-02
972	2.450081874797561e-02	2.454708915685030e-02
977	2.383448966363944e-02	2.398832919019490e-02
996	2.343555320412760e-02	2.344228815319923e-02
1019	2.290216317894067e-02	2.290867652767773e-02
1026	2.238470707281659e-02	2.238721138568340e-02
1051	2.190302369275954e-02	2.238721138568340e-02
%
% index = 911, name = bbob_f013_i03_d03__bbob_f015_i05_d03
% instance = 2, reference value = 8.350043535588390e-01
% function evaluation | indicator value | target hit
1	8.676255679658389e-01	8.709635899560806e-01
307	5.593674550915235e-01	5.623413251903491e-01
379	5.441845393801896e-01	5.495408738576245e-01
421	4.678729422009865e-01	4.786300923226383e-01
453	4.283949748072589e-01	4.365158322401660e-01
466	4.204324149255966e-01	4.265795188015927e-01
502	3.769046298115216e-01	3.801893963205612e-01
520	3.684029761251945e-01	3.715352290971726e-01
524	3.599474795653771e-01	3.630780547701014e-01
528	3.394421041144221e-01	3.467368504525316e-01
552	2.794877830483240e-01	2.818382931264454e-01
557	2.082530146663804e-01	2.089296130854039e-01
569	1.938476982449150e-01	1.949844599758045e-01
585	1.778861114903101e-01	1.819700858609984e-01
590	1.700460557743452e-01	1.737800828749375e-01
609	1.686235655915334e-01	1.698243652461744e-01
614	1.269393725740678e-01	1.288249551693134e-01
615	1.254379256169447e-01	1.258925411794167e-01
634	1.219706277779325e-01	1.230268770812381e-01
652	1.179092593535740e-01	1.202264434617413e-01
656	1.174036461131699e-01	1.174897554939529e-01
657	1.141242026865321e-01	1.148153621496883e-01
666	1.104255162783109e-01	1.122018454301964e-01
673	1.093909351692776e-01	1.096478196143185e-01
694	1.042454333931606e-01	1.047128548050900e-01
695	1.016646360526070e-01	1.023292992280754e-01
710	9.880700015614952e-02	1.000000000000000e-01
715	9.458466195379600e-02	9.549925860214359e-02
721	9.082372588528154e-02	9.120108393559097e-02
725	8.856098004280366e-02	8.912509381337455e-02
739	8.630022293604467e-02	8.709635899560805e-02
741	8.479369022912797e-02	8.511380382023763e-02
743	8.311172773416264e-02	8.317637711026708e-02
748	8.123997990165177e-02	8.128305161640990e-02
757	7.390368385342116e-02	7.413102413009177e-02
764	7.091802283843007e-02	7.244359600749903e-02
765	6.913679245473237e-02	6.918309709189366e-02
775	6.610635220745809e-02	6.760829753919818e-02
779	6.567461886591042e-02	6.606934480075961e-02
786	6.414117181727019e-02	6.456542290346556e-02
797	6.307476464865203e-02	6.309573444801933e-02
802	6.147198626125872e-02	6.165950018614822e-02
806	5.946813409399954e-02	6.025595860743578e-02
809	5.863596801766024e-02	5.888436553555890e-02
812	5.716900090633636e-02	5.754399373371569e-02
819	5.589116938130489e-02	5.623413251903491e-02
822	5.481316259848579e-02	5.495408738576246e-02
825	5.352115803778912e-02	5.370317963702527e-02
847	5.220397418271516e-02	5.248074602497726e-02
858	5.126361998926499e-02	5.128613839913648e-02
875	4.985772878276695e-02	5.011872336272722e-02
877	4.857637279263416e-02	4.897788193684462e-02
891	4.744423527335784e-02	4.786300923226382e-02
893	4.667711960230980e-02	4.677351412871981e-02
900	4.560543170181341e-02	4.570881896148749e-02
917	4.447465990624655e-02	4.466835921509630e-02
924	4.296934993650259e-02	4.365158322401658e-02
939	4.253965442660623e-02	4.265795188015926e-02
956	4.130108544235500e-02	4.168693834703355e-02
966	4.065741655240440e-02	4.073802778041128e-02
1011	3.969718068296313e-02	3.981071705534973e-02
1032	3.889231758441614e-02	3.890451449942807e-02
1042	3.798557063002372e-02	3.801893963205612e-02
1051	3.792845640426012e-02	3.801893963205612e-02
%
% index = 912, name = bbob_f013_i07_d03__bbob_f015_i08_d03
% instance = 3, reference value = 7.798158982437000e-01
% function evaluation | indicator value | target hit
1	6.547499036140547e-01	6.606934480075960e-01
408	6.143978234607119e-01	6.165950018614822e-01
583	5.803388827209403e-01	5.888436553555889e-01
586	5.578457672735929e-01	5.623413251903491e-01
617	5.403911585697638e-01	5.495408738576245e-01
618	4.221026038257200e-01	4.265795188015927e-01
626	4.127693036374240e-01	4.168693834703354e-01
636	3.804285546776148e-01	3.890451449942806e-01
638	3.800372504262673e-01	3.801893963205612e-01
642	3.228764700963619e-01	3.235936569296283e-01
651	3.145907917881590e-01	3.162277660168379e-01
658	3.044079145858223e-01	3.090295432513591e-01
660	3.007105002204314e-01	3.019951720402016e-01
666	2.926361194545706e-01	2.951209226666385e-01
668	2.847229820821185e-01	2.884031503126606e-01
672	2.817562646079854e-01	2.818382931264454e-01
705	2.611081251862284e-01	2.630267991895382e-01
718	2.476532694211673e-01	2.511886431509580e-01
719	2.401921249830702e-01	2.454708915685030e-01
732	2.370985235376751e-01	2.398832919019490e-01
750	2.041098905892649e-01	2.041737944669530e-01
753	1.748645800068135e-01	1.778279410038923e-01
773	1.564143630270183e-01	1.584893192461113e-01
785	1.508476433518851e-01	1.513561248436208e-01
838	1.444511683161724e-01	1.445439770745928e-01
844	1.407631224641701e-01	1.412537544622754e-01
863	1.361564896534670e-01	1.380384264602885e-01
870	1.330920217102961e-01	1.348962882591654e-01
891	1.294951562141098e-01	1.318256738556407e-01
899	1.241550641682624e-01	1.258925411794167e-01
910	1.215257268718081e-01	1.230268770812381e-01
948	1.175055093596539e-01	1.202264434617413e-01
958	9.890179754916906e-02	1.000000000000000e-01
1004	9.764361973566826e-02	9.772372209558107e-02
1009	8.995957669089372e-02	9.120108393559097e-02
1012	8.821989261996566e-02	8.912509381337455e-02
1051	8.790889993432704e-02	8.912509381337455e-02
%
% index = 913, name = bbob_f013_i09_d03__bbob_f015_i10_d03
% instance = 4, reference value = 9.274709018925860e-01
% function evaluation | indicator value | target hit
1	9.249754755800491e-01	9.332543007969910e-01
305	8.614926610267374e-01	8.709635899560806e-01
359	8.360272461743706e-01	8.511380382023764e-01
376	5.701702989947732e-01	5.754399373371569e-01
443	5.455266529624315e-01	5.495408738576245e-01
485	4.037520382444795e-01	4.073802778041127e-01
529	3.966048371944946e-01	3.981071705534972e-01
613	3.247635579784294e-01	3.311311214825911e-01
620	3.074948207993664e-01	3.090295432513591e-01
665	2.989485014619280e-01	3.019951720402016e-01
709	2.905918595556751e-01	2.951209226666385e-01
713	2.717822394530699e-01	2.754228703338166e-01
724	2.688939620477607e-01	2.691534803926916e-01
795	2.411326160297417e-01	2.454708915685030e-01
822	2.381285634537682e-01	2.398832919019490e-01
882	2.342993888804205e-01	2.344228815319922e-01
950	2.289439216336732e-01	2.290867652767773e-01
1051	2.266467693963288e-01	2.290867652767773e-01
%
% index = 914, name = bbob_f013_i11_d03__bbob_f015_i12_d03
% instance = 5, reference value = 8.414950868760680e-01
% function evaluation | indicator value | target hit
1	9.182074162240679e-01	9.332543007969910e-01
593	8.355182231933234e-01	8.511380382023764e-01
611	7.527372050934231e-01	7.585775750291838e-01
627	7.097047868226705e-01	7.244359600749900e-01
629	6.882099615554157e-01	6.918309709189365e-01
675	6.174559769841081e-01	6.309573444801932e-01
713	6.117544747483085e-01	6.165950018614822e-01
822	5.850108668501002e-01	5.888436553555889e-01
833	5.746134998445135e-01	5.754399373371569e-01
857	5.425144342753442e-01	5.495408738576245e-01
858	5.355982371762296e-01	5.370317963702527e-01
881	5.102785570102992e-01	5.128613839913648e-01
931	4.293691556035474e-01	4.365158322401660e-01
934	4.190284015885326e-01	4.265795188015927e-01
961	4.034077273752859e-01	4.073802778041127e-01
967	3.836778085835857e-01	3.890451449942806e-01
974	3.736543983635868e-01	3.801893963205612e-01
1004	3.682472051042356e-01	3.715352290971726e-01
1051	3.665343629901423e-01	3.715352290971726e-01
%
% index = 915, name = bbob_f013_i13_d03__bbob_f015_i14_d03
% instance = 6, reference value = 9.197610365682470e-01
% function evaluation | indicator value | target hit
1	7.364868923403013e-01	7.413102413009175e-01
429	7.044793767920107e-01	7.079457843841379e-01
456	6.106289558907693e-01	6.165950018614822e-01
509	4.785403999270388e-01	4.786300923226383e-01
519	2.764458583070410e-01	2.818382931264454e-01
615	2.629328771089214e-01	2.630267991895382e-01
622	2.437081038169914e-01	2.454708915685030e-01
627	2.101652489800312e-01	2.137962089502232e-01
654	2.073151143763130e-01	2.089296130854039e-01
691	1.536215970285724e-01	1.548816618912481e-01
721	1.448476386797816e-01	1.479108388168208e-01
764	1.301312200102689e-01	1.318256738556407e-01
920	1.272691055982024e-01	1.288249551693134e-01
933	1.227328548555230e-01	1.230268770812381e-01
957	1.188829784091732e-01	1.202264434617413e-01
959	1.170101967680072e-01	1.174897554939529e-01
962	1.135987701655005e-01	1.148153621496883e-01
986	1.109648488308879e-01	1.122018454301964e-01
1051	1.105639675367902e-01	1.122018454301964e-01
%
% index = 916, name = bbob_f013_i15_d03__bbob_f015_i16_d03
% instance = 7, reference value = 8.879855215974000e-01
% function evaluation | indicator value | target hit
1	1.890563622597400e+00	1.905460717963247e+00
465	8.191287445958567e-01	8.317637711026710e-01
542	7.724411999365829e-01	7.762471166286917e-01
572	7.311647316273504e-01	7.413102413009175e-01
664	7.035676012850260e-01	7.079457843841379e-01
695	6.606182650836800e-01	6.606934480075960e-01
743	6.399761625455624e-01	6.456542290346555e-01
762	5.960956118370448e-01	6.025595860743578e-01
768	5.650632770906029e-01	5.754399373371569e-01
791	5.619938533952642e-01	5.623413251903491e-01
797	5.451999390963533e-01	5.495408738576245e-01
819	5.361209384353924e-01	5.370317963702527e-01
839	5.106306206886517e-01	5.128613839913648e-01
845	4.891439028060018e-01	4.897788193684462e-01
873	4.693390893856667e-01	4.786300923226383e-01
895	4.479672203148451e-01	4.570881896148750e-01
936	4.369651462089286e-01	4.466835921509631e-01
941	4.363893106309238e-01	4.365158322401660e-01
1013	4.259151191505572e-01	4.265795188015927e-01
1051	4.241742434300538e-01	4.265795188015927e-01
%
% index = 917, name = bbob_f013_i17_d03__bbob_f015_i18_d03
% instance = 8, reference value = 7.796147289182670e-01
% function evaluation | indicator value | target hit
1	1.049834423478767e+00	1.071519305237606e+00
354	7.738183810900645e-01	7.762471166286917e-01
363	7.475020995213598e-01	7.585775750291838e-01
465	5.336118268030647e-01	5.370317963702527e-01
523	5.015673079255636e-01	5.128613839913648e-01
527	4.305105856647442e-01	4.365158322401660e-01
528	3.488332924455561e-01	3.548133892335755e-01
585	3.012673919726951e-01	3.019951720402016e-01
609	2.859233039926554e-01	2.884031503126606e-01
615	2.615208362904655e-01	2.630267991895382e-01
627	2.517542584268642e-01	2.570395782768864e-01
655	2.373538978445809e-01	2.398832919019490e-01
669	2.333759921931378e-01	2.344228815319922e-01
685	2.082945760239184e-01	2.089296130854039e-01
687	1.873502125931575e-01	1.905460717963247e-01
704	1.643244009298972e-01	1.659586907437560e-01
732	1.584273290546631e-01	1.584893192461113e-01
791	1.535012744140097e-01	1.548816618912481e-01
793	1.510699781109670e-01	1.513561248436208e-01
795	1.450137183312827e-01	1.479108388168208e-01
827	1.432447741030927e-01	1.445439770745928e-01
833	1.404905428277667e-01	1.412537544622754e-01
843	1.376518697325272e-01	1.380384264602885e-01
847	1.332935958576243e-01	1.348962882591654e-01
854	1.289444828970118e-01	1.318256738556407e-01
863	1.286818250510868e-01	1.288249551693134e-01
883	1.258618810461931e-01	1.258925411794167e-01
893	1.210246402125608e-01	1.230268770812381e-01
913	1.184688275118544e-01	1.202264434617413e-01
914	1.163277317454938e-01	1.174897554939529e-01
921	1.107721033274847e-01	1.122018454301964e-01
940	1.077429838220602e-01	1.096478196143185e-01
942	1.048141498214132e-01	1.071519305237607e-01
953	1.033215445729490e-01	1.047128548050900e-01
978	1.007882781489796e-01	1.023292992280754e-01
992	9.721509463482392e-02	9.772372209558107e-02
1000	9.453323825863602e-02	9.549925860214359e-02
1008	9.003632392413186e-02	9.120108393559097e-02
1051	8.930982835826429e-02	9.120108393559097e-02
%
% index = 918, name = bbob_f013_i19_d03__bbob_f015_i21_d03
% instance = 9, reference value = 9.714288444136510e-01
% function evaluation | indicator value | target hit
1	7.668838878602912e-01	7.762471166286917e-01
527	5.120249397470933e-01	5.128613839913648e-01
625	4.493880383517160e-01	4.570881896148750e-01
632	2.169061296389300e-01	2.187761623949552e-01
816	2.007868137203304e-01	2.041737944669530e-01
842	1.491943796728193e-01	1.513561248436208e-01
885	1.303386077262557e-01	1.318256738556407e-01
943	1.163145675591539e-01	1.174897554939529e-01
958	1.103201215046077e-01	1.122018454301964e-01
967	1.093864669981235e-01	1.096478196143185e-01
969	9.623646628432403e-02	9.772372209558107e-02
1008	9.537112917526092e-02	9.549925860214359e-02
1051	8.626286202699540e-02	8.709635899560805e-02
%
% index = 919, name = bbob_f013_i21_d03__bbob_f015_i22_d03
% instance = 10, reference value = 7.830842721757190e-01
% function evaluation | indicator value | target hit
1	7.362715262694836e-01	7.413102413009175e-01
175	6.851463871314115e-01	6.918309709189365e-01
266	6.206012964457737e-01	6.309573444801932e-01
312	4.731149856577965e-01	4.786300923226383e-01
360	4.503699757115619e-01	4.570881896148750e-01
368	4.451984211607695e-01	4.466835921509631e-01
407	4.098548460749467e-01	4.168693834703354e-01
423	3.400686624802441e-01	3.467368504525316e-01
436	3.047214016702288e-01	3.090295432513591e-01
440	2.685600765485430e-01	2.691534803926916e-01
457	2.608980231733868e-01	2.630267991895382e-01
477	2.339808187504332e-01	2.344228815319922e-01
509	2.248055035409507e-01	2.290867652767773e-01
513	2.213823501024403e-01	2.238721138568339e-01
515	2.174314087767611e-01	2.187761623949552e-01
523	1.915318468552157e-01	1.949844599758045e-01
549	1.709071734086511e-01	1.737800828749375e-01
551	1.686992602240724e-01	1.698243652461744e-01
554	1.655705109667375e-01	1.659586907437560e-01
558	1.613328628061550e-01	1.621810097358930e-01
573	1.468207058738784e-01	1.479108388168208e-01
598	1.408871854346185e-01	1.412537544622754e-01
604	1.362001930624067e-01	1.380384264602885e-01
609	1.327650830602485e-01	1.348962882591654e-01
610	1.301482806313621e-01	1.318256738556407e-01
615	1.286924306307743e-01	1.288249551693134e-01
616	1.253523207369673e-01	1.258925411794167e-01
659	1.230185476906415e-01	1.230268770812381e-01
665	1.196812828944277e-01	1.202264434617413e-01
668	1.171081029914229e-01	1.174897554939529e-01
707	1.144648648477046e-01	1.148153621496883e-01
723	1.111399288047430e-01	1.122018454301964e-01
733	1.091532538277973e-01	1.096478196143185e-01
742	1.060601634915170e-01	1.071519305237607e-01
752	1.046929003281444e-01	1.047128548050900e-01
753	1.020699620084901e-01	1.023292992280754e-01
764	9.354376474726234e-02	9.549925860214359e-02
767	9.155107022738751e-02	9.332543007969910e-02
769	9.106538564643774e-02	9.120108393559097e-02
781	8.906855426958959e-02	8.912509381337455e-02
785	8.596701671621487e-02	8.709635899560805e-02
792	8.452236431559479e-02	8.511380382023763e-02
802	7.761415429519825e-02	7.762471166286916e-02
805	7.547217802036499e-02	7.585775750291836e-02
819	7.276806987950779e-02	7.413102413009177e-02
824	6.822306443461734e-02	6.918309709189366e-02
832	6.696823659793238e-02	6.760829753919818e-02
865	6.606898659726057e-02	6.606934480075961e-02
903	6.307319629346542e-02	6.309573444801933e-02
954	6.148706393473669e-02	6.165950018614822e-02
961	5.960436661495583e-02	6.025595860743578e-02
991	5.848059385265636e-02	5.888436553555890e-02
1009	5.745818070562347e-02	5.754399373371569e-02
1051	5.654324449639958e-02	5.754399373371569e-02
