%
% index = 920, name = bbob_f013_i02_d03__bbob_f017_i04_d03
% instance = 1, reference value = 8.666194562173890e-01
% function evaluation | indicator value | target hit
1	6.630764687825124e-01	6.760829753919817e-01
333	5.250913887679755e-01	5.370317963702527e-01
369	5.186381810078412e-01	5.248074602497725e-01
483	4.856205681152622e-01	4.897788193684462e-01
491	4.383171347852902e-01	4.466835921509631e-01
501	4.337011966068607e-01	4.365158322401660e-01
526	4.264378367050677e-01	4.265795188015927e-01
543	3.738903539027684e-01	3.801893963205612e-01
544	3.711856241869458e-01	3.715352290971726e-01
574	3.612468133951303e-01	3.630780547701014e-01
588	3.390544674356150e-01	3.467368504525316e-01
604	3.362377631210512e-01	3.388441561392025e-01
614	3.278341358736390e-01	3.311311214825911e-01
624	3.096688021810484e-01	3.162277660168379e-01
630	2.987016974280625e-01	3.019951720402016e-01
672	2.845275690905907e-01	2.884031503126606e-01
680	2.803247092714637e-01	2.818382931264454e-01
691	2.729395674046162e-01	2.754228703338166e-01
708	2.582734719544182e-01	2.630267991895382e-01
712	2.507386874683094e-01	2.511886431509580e-01
736	2.436056383630435e-01	2.454708915685030e-01
768	2.391848585675036e-01	2.398832919019490e-01
800	2.163510497478313e-01	2.187761623949552e-01
816	2.118638190505119e-01	2.137962089502232e-01
861	2.081621770919976e-01	2.089296130854039e-01
889	2.040770249171552e-01	2.041737944669530e-01
939	1.984545880696190e-01	1.995262314968880e-01
977	1.796978584666425e-01	1.819700858609984e-01
1051	1.782816383165313e-01	1.819700858609984e-01
%
% index = 921, name = bbob_f013_i03_d03__bbob_f017_i05_d03
% instance = 2, reference value = 7.930522323436240e-01
% function evaluation | indicator value | target hit
1	9.416231201136240e-01	9.549925860214360e-01
350	7.168044096663510e-01	7.244359600749900e-01
374	6.479186206150508e-01	6.606934480075960e-01
408	6.255446283664851e-01	6.309573444801932e-01
420	6.084256539615365e-01	6.165950018614822e-01
511	4.761008074444349e-01	4.786300923226383e-01
538	4.591986301482271e-01	4.677351412871982e-01
609	4.386658024658245e-01	4.466835921509631e-01
637	4.335247834770738e-01	4.365158322401660e-01
644	4.011104246390675e-01	4.073802778041127e-01
647	3.979238474692849e-01	3.981071705534972e-01
663	3.307943991472441e-01	3.311311214825911e-01
669	3.232051335237693e-01	3.235936569296283e-01
709	3.141962581978020e-01	3.162277660168379e-01
801	3.089287249503728e-01	3.090295432513591e-01
821	3.003271848878634e-01	3.019951720402016e-01
867	2.948254113096016e-01	2.951209226666385e-01
1051	2.898516788902403e-01	2.951209226666385e-01
%
% index = 922, name = bbob_f013_i07_d03__bbob_f017_i08_d03
% instance = 3, reference value = 7.533074821907340e-01
% function evaluation | indicator value | target hit
1	5.342290961271586e-01	5.370317963702527e-01
574	5.174393018115349e-01	5.248074602497725e-01
641	4.965185484215589e-01	5.011872336272722e-01
649	4.883532750947924e-01	4.897788193684462e-01
706	4.769663238769603e-01	4.786300923226383e-01
775	4.653721567082409e-01	4.677351412871982e-01
837	4.557698281590247e-01	4.570881896148750e-01
875	4.447266470383644e-01	4.466835921509631e-01
1013	4.353440100662821e-01	4.365158322401660e-01
1051	4.345418279195657e-01	4.365158322401660e-01
%
% index = 923, name = bbob_f013_i09_d03__bbob_f017_i10_d03
% instance = 4, reference value = 8.868327782555230e-01
% function evaluation | indicator value | target hit
1	8.232461995620156e-01	8.317637711026710e-01
466	6.655871887743073e-01	6.760829753919817e-01
467	6.224957527083086e-01	6.309573444801932e-01
560	5.722642219715979e-01	5.754399373371569e-01
589	5.531022073669358e-01	5.623413251903491e-01
591	5.168586256411327e-01	5.248074602497725e-01
592	4.770640717155776e-01	4.786300923226383e-01
626	4.447164178622690e-01	4.466835921509631e-01
651	4.364731457032072e-01	4.365158322401660e-01
666	4.151726219259819e-01	4.168693834703354e-01
703	4.002266774349004e-01	4.073802778041127e-01
706	3.933881655936844e-01	3.981071705534972e-01
715	3.795022192577866e-01	3.801893963205612e-01
753	3.657881515664482e-01	3.715352290971726e-01
777	3.461885027914664e-01	3.467368504525316e-01
830	3.371293403253388e-01	3.388441561392025e-01
836	3.281960662076280e-01	3.311311214825911e-01
838	3.149018237845305e-01	3.162277660168379e-01
875	2.916044231155839e-01	2.951209226666385e-01
891	2.826531716181011e-01	2.884031503126606e-01
937	2.676124031991818e-01	2.691534803926916e-01
969	2.529872483204564e-01	2.570395782768864e-01
986	2.505721742816746e-01	2.511886431509580e-01
1029	2.414050974390027e-01	2.454708915685030e-01
1035	2.384302201811602e-01	2.398832919019490e-01
1051	2.379814687727090e-01	2.398832919019490e-01
%
% index = 924, name = bbob_f013_i11_d03__bbob_f017_i12_d03
% instance = 5, reference value = 9.305572405526830e-01
% function evaluation | indicator value | target hit
1	4.583545936599048e-01	4.677351412871982e-01
512	4.565741638041814e-01	4.570881896148750e-01
634	4.108505723471263e-01	4.168693834703354e-01
654	3.620030754285651e-01	3.630780547701014e-01
690	3.494616513968268e-01	3.548133892335755e-01
723	3.386603146095549e-01	3.388441561392025e-01
780	3.309627352027221e-01	3.311311214825911e-01
823	3.204021330237133e-01	3.235936569296283e-01
871	3.160803960158253e-01	3.162277660168379e-01
920	3.064709004792622e-01	3.090295432513591e-01
965	3.017321034035050e-01	3.019951720402016e-01
1051	2.952309371124439e-01	3.019951720402016e-01
%
% index = 925, name = bbob_f013_i13_d03__bbob_f017_i14_d03
% instance = 6, reference value = 9.033853416851260e-01
% function evaluation | indicator value | target hit
1	7.441709654706121e-01	7.585775750291838e-01
318	6.937644880203802e-01	7.079457843841379e-01
333	4.363494018642678e-01	4.365158322401660e-01
401	4.137238057614668e-01	4.168693834703354e-01
412	4.072185800026545e-01	4.073802778041127e-01
508	3.826878299660720e-01	3.890451449942806e-01
514	3.446638085273538e-01	3.467368504525316e-01
524	3.358061787021106e-01	3.388441561392025e-01
537	3.127375164339470e-01	3.162277660168379e-01
562	2.528610704522365e-01	2.570395782768864e-01
595	2.457710185048889e-01	2.511886431509580e-01
596	2.339835094791353e-01	2.344228815319922e-01
610	2.124222938736501e-01	2.137962089502232e-01
659	2.058468952703828e-01	2.089296130854039e-01
664	1.943846070713945e-01	1.949844599758045e-01
711	1.901990486148025e-01	1.905460717963247e-01
718	1.838230671558516e-01	1.862087136662867e-01
719	1.448722396631565e-01	1.479108388168208e-01
729	1.445308654473650e-01	1.445439770745928e-01
749	1.345002085001195e-01	1.348962882591654e-01
782	1.316063896107161e-01	1.318256738556407e-01
811	1.282867303532434e-01	1.288249551693134e-01
813	1.236953719148047e-01	1.258925411794167e-01
835	1.213327332024934e-01	1.230268770812381e-01
880	1.199608458982284e-01	1.202264434617413e-01
972	1.166216533076754e-01	1.174897554939529e-01
987	1.117877666830837e-01	1.122018454301964e-01
1044	1.059231404556723e-01	1.071519305237607e-01
1046	1.040717797751362e-01	1.047128548050900e-01
1051	1.040717797751362e-01	1.047128548050900e-01
%
% index = 926, name = bbob_f013_i15_d03__bbob_f017_i16_d03
% instance = 7, reference value = 9.497643511043470e-01
% function evaluation | indicator value | target hit
1	1.068675224692847e+00	1.071519305237606e+00
313	9.216951113185564e-01	9.332543007969910e-01
472	7.924910140940212e-01	7.943282347242815e-01
552	7.699514288429505e-01	7.762471166286917e-01
565	7.533716139349609e-01	7.585775750291838e-01
633	7.373233574664667e-01	7.413102413009175e-01
672	7.230708443764671e-01	7.244359600749900e-01
746	6.974500983802244e-01	7.079457843841379e-01
751	6.734129634231819e-01	6.760829753919817e-01
752	6.526281072807057e-01	6.606934480075960e-01
790	6.313661745114539e-01	6.456542290346555e-01
794	5.974897985088611e-01	6.025595860743578e-01
818	5.885535303667425e-01	5.888436553555889e-01
871	5.711656600881128e-01	5.754399373371569e-01
931	5.567652612537619e-01	5.623413251903491e-01
1041	5.182108565882733e-01	5.248074602497725e-01
1051	5.182108565882733e-01	5.248074602497725e-01
%
% index = 927, name = bbob_f013_i17_d03__bbob_f017_i18_d03
% instance = 8, reference value = 8.380242455989310e-01
% function evaluation | indicator value | target hit
1	9.222483107939309e-01	9.332543007969910e-01
457	6.921147585789414e-01	7.079457843841379e-01
478	6.619632646273181e-01	6.760829753919817e-01
487	6.365241764666236e-01	6.456542290346555e-01
594	6.041864920006581e-01	6.165950018614822e-01
611	5.057376246987044e-01	5.128613839913648e-01
615	4.607861110458214e-01	4.677351412871982e-01
646	3.880770281212317e-01	3.890451449942806e-01
670	3.781550168835448e-01	3.801893963205612e-01
716	3.260848416886778e-01	3.311311214825911e-01
717	3.232911242110876e-01	3.235936569296283e-01
718	3.090539639814902e-01	3.162277660168379e-01
719	2.980720389180145e-01	3.019951720402016e-01
770	2.708854922412171e-01	2.754228703338166e-01
776	2.269528814307542e-01	2.290867652767773e-01
818	2.232633509180785e-01	2.238721138568339e-01
896	2.175997942230059e-01	2.187761623949552e-01
902	2.120473048727824e-01	2.137962089502232e-01
916	2.081639815678181e-01	2.089296130854039e-01
925	1.240112581366558e-01	1.258925411794167e-01
934	1.211815012542923e-01	1.230268770812381e-01
952	1.198940573276867e-01	1.202264434617413e-01
1051	1.179647982194127e-01	1.202264434617413e-01
%
% index = 928, name = bbob_f013_i19_d03__bbob_f017_i21_d03
% instance = 9, reference value = 9.428474393525800e-01
% function evaluation | indicator value | target hit
1	6.620945483376869e-01	6.760829753919817e-01
413	5.174850037301149e-01	5.248074602497725e-01
510	4.617076245429282e-01	4.677351412871982e-01
535	4.174949879675059e-01	4.265795188015927e-01
561	3.322136550550817e-01	3.388441561392025e-01
607	1.763995956203550e-01	1.778279410038923e-01
619	1.460101346490250e-01	1.479108388168208e-01
660	1.346345167839668e-01	1.348962882591654e-01
673	1.083679118498830e-01	1.096478196143185e-01
679	1.018364794835137e-01	1.023292992280754e-01
693	9.856719288989091e-02	1.000000000000000e-01
764	8.721119706949998e-02	8.912509381337455e-02
773	8.618771571187989e-02	8.709635899560805e-02
781	8.178040509459139e-02	8.317637711026708e-02
792	7.904412609373002e-02	7.943282347242814e-02
799	7.450938627501691e-02	7.585775750291836e-02
801	7.224014684671831e-02	7.244359600749903e-02
818	6.577331650855178e-02	6.606934480075961e-02
822	6.445234006655598e-02	6.456542290346556e-02
885	5.954209948912925e-02	6.025595860743578e-02
902	5.822771547626548e-02	5.888436553555890e-02
912	5.688081420681812e-02	5.754399373371569e-02
916	5.462562752262012e-02	5.495408738576246e-02
925	5.226670099404929e-02	5.248074602497726e-02
944	5.064834384746675e-02	5.128613839913648e-02
959	4.684703371189813e-02	4.786300923226382e-02
963	4.601622155820884e-02	4.677351412871981e-02
1028	3.979268090912791e-02	3.981071705534973e-02
1051	3.905333205747907e-02	3.981071705534973e-02
%
% index = 929, name = bbob_f013_i21_d03__bbob_f017_i22_d03
% instance = 10, reference value = 9.075761256986100e-01
% function evaluation | indicator value | target hit
1	6.937777890081429e-01	7.079457843841379e-01
309	4.352862664908227e-01	4.365158322401660e-01
489	3.775481042007817e-01	3.801893963205612e-01
491	2.598590105101481e-01	2.630267991895382e-01
579	2.267130475354493e-01	2.290867652767773e-01
583	2.221453497411017e-01	2.238721138568339e-01
619	2.104716878479309e-01	2.137962089502232e-01
625	1.918226576363907e-01	1.949844599758045e-01
638	1.727672230807764e-01	1.737800828749375e-01
681	1.653530520601181e-01	1.659586907437560e-01
703	1.614027577136767e-01	1.621810097358930e-01
713	1.564512335866238e-01	1.584893192461113e-01
714	1.518682889981663e-01	1.548816618912481e-01
723	1.330415988899197e-01	1.348962882591654e-01
726	1.285433518759266e-01	1.288249551693134e-01
753	1.242558953057414e-01	1.258925411794167e-01
770	1.203577514486910e-01	1.230268770812381e-01
774	1.161792901709656e-01	1.174897554939529e-01
777	1.144579103026124e-01	1.148153621496883e-01
816	1.092865284194632e-01	1.096478196143185e-01
839	1.048000913309487e-01	1.071519305237607e-01
849	8.457585660720746e-02	8.511380382023763e-02
856	8.289271221486361e-02	8.317637711026708e-02
866	7.659534395825740e-02	7.762471166286916e-02
876	7.458794322012929e-02	7.585775750291836e-02
899	7.252396481176293e-02	7.413102413009177e-02
904	7.113919141460190e-02	7.244359600749903e-02
907	6.487837517628958e-02	6.606934480075961e-02
912	6.445554618965232e-02	6.456542290346556e-02
934	6.056979602953638e-02	6.165950018614822e-02
939	5.752644865425538e-02	5.754399373371569e-02
970	5.572561246010332e-02	5.623413251903491e-02
975	5.338684272077188e-02	5.370317963702527e-02
1021	5.137719988559364e-02	5.248074602497726e-02
1045	5.119991356380482e-02	5.128613839913648e-02
1051	5.119991356380482e-02	5.128613839913648e-02
