%
% index = 20, name = bbob_f001_i02_d02__bbob_f006_i04_d02
% instance = 1, reference value = 8.117638570491450e-01
% function evaluation | indicator value | target hit
1	8.333298409841450e-01	8.511380382023764e-01
311	7.913728125640077e-01	7.943282347242815e-01
416	7.243918296400117e-01	7.244359600749900e-01
446	6.867088461764612e-01	6.918309709189365e-01
497	6.321942272042578e-01	6.456542290346555e-01
527	5.463370012828243e-01	5.495408738576245e-01
597	5.113167302963741e-01	5.128613839913648e-01
637	4.664575328265727e-01	4.677351412871982e-01
639	3.275355377664174e-01	3.311311214825911e-01
650	3.032261243097000e-01	3.090295432513591e-01
651	2.962663878646690e-01	3.019951720402016e-01
652	2.617604739427559e-01	2.630267991895382e-01
653	2.503045123792482e-01	2.511886431509580e-01
655	2.436736858685076e-01	2.454708915685030e-01
666	2.272733809492409e-01	2.290867652767773e-01
667	2.234080853749447e-01	2.238721138568339e-01
686	2.181750589053134e-01	2.187761623949552e-01
695	2.057383551773611e-01	2.089296130854039e-01
699	2.025567142289592e-01	2.041737944669530e-01
734	1.990485585802680e-01	1.995262314968880e-01
740	1.945389818681716e-01	1.949844599758045e-01
752	1.873571877057826e-01	1.905460717963247e-01
753	1.861033760457766e-01	1.862087136662867e-01
795	1.819459376945226e-01	1.819700858609984e-01
806	1.772492501395145e-01	1.778279410038923e-01
844	1.718349733863579e-01	1.737800828749375e-01
868	1.695022407730092e-01	1.698243652461744e-01
875	1.653451482271584e-01	1.659586907437560e-01
889	1.620157625421180e-01	1.621810097358930e-01
905	1.571949093893980e-01	1.584893192461113e-01
918	1.547712434396293e-01	1.548816618912481e-01
953	1.510533638391958e-01	1.513561248436208e-01
978	1.478496218954438e-01	1.479108388168208e-01
989	1.442140225217405e-01	1.445439770745928e-01
1043	1.412441998343009e-01	1.412537544622754e-01
1050	1.370410593788944e-01	1.380384264602885e-01
1097	1.348922649869897e-01	1.348962882591654e-01
1165	1.309620733371065e-01	1.318256738556407e-01
1238	1.283417176810654e-01	1.288249551693134e-01
1325	1.258761020033656e-01	1.258925411794167e-01
1707	1.230244971889166e-01	1.230268770812381e-01
2933	1.202248011207567e-01	1.202264434617413e-01
3648	1.174887500600358e-01	1.174897554939529e-01
4443	9.057357405758704e-02	9.120108393559097e-02
4497	7.623354838921137e-02	7.762471166286916e-02
4527	5.978042281692042e-02	6.025595860743578e-02
4593	5.758765938405352e-02	5.888436553555890e-02
4594	5.372616162437327e-02	5.495408738576246e-02
4605	4.669521428816592e-02	4.677351412871981e-02
4615	4.369192947633826e-02	4.466835921509630e-02
4616	4.351042494564550e-02	4.365158322401658e-02
4619	4.236488989394505e-02	4.265795188015926e-02
4653	4.091080999425700e-02	4.168693834703355e-02
4654	3.855131937233025e-02	3.890451449942807e-02
4655	3.636455502706193e-02	3.715352290971726e-02
4661	3.482494334805608e-02	3.548133892335755e-02
4666	3.302149010555888e-02	3.311311214825911e-02
4682	3.217118454765500e-02	3.235936569296283e-02
4686	3.149064272095836e-02	3.162277660168379e-02
4700	2.833012970800075e-02	2.884031503126606e-02
4712	2.792831541940799e-02	2.818382931264454e-02
4716	2.754094442434507e-02	2.754228703338166e-02
4728	2.679628143449153e-02	2.691534803926915e-02
4732	2.623918962726091e-02	2.630267991895381e-02
4738	2.565641990016010e-02	2.570395782768863e-02
4739	2.381690616985255e-02	2.398832919019490e-02
4740	2.287944410829068e-02	2.290867652767773e-02
4753	2.238221054824030e-02	2.238721138568340e-02
4756	2.187670993399937e-02	2.187761623949553e-02
4765	2.067702128128868e-02	2.089296130854040e-02
4768	2.034764313006365e-02	2.041737944669529e-02
4773	1.915506759428831e-02	1.949844599758046e-02
4777	1.898572599862913e-02	1.905460717963247e-02
4779	1.845061866682207e-02	1.862087136662868e-02
4782	1.787043050333648e-02	1.819700858609984e-02
4784	1.732534280989750e-02	1.737800828749375e-02
4791	1.697604859926483e-02	1.698243652461744e-02
4792	1.653450980909343e-02	1.659586907437561e-02
4802	1.607527660601271e-02	1.621810097358930e-02
4804	1.564801873846355e-02	1.584893192461113e-02
4805	1.535573051063199e-02	1.548816618912481e-02
4814	1.508242433141882e-02	1.513561248436208e-02
4828	1.469395542303820e-02	1.479108388168207e-02
4833	1.432284542253848e-02	1.445439770745927e-02
4834	1.379136332025277e-02	1.380384264602885e-02
4843	1.321680298316830e-02	1.348962882591653e-02
4844	1.317956019462196e-02	1.318256738556407e-02
4849	1.268032690414433e-02	1.288249551693134e-02
4852	1.244057863023706e-02	1.258925411794167e-02
4854	1.223047900656782e-02	1.230268770812382e-02
4868	1.201943916623094e-02	1.202264434617413e-02
4877	1.174578861671760e-02	1.174897554939530e-02
4893	1.147702596832334e-02	1.148153621496883e-02
4904	1.119642802274512e-02	1.122018454301964e-02
4907	1.091201854133161e-02	1.096478196143185e-02
4916	1.068539743176411e-02	1.071519305237606e-02
4928	1.045874335461827e-02	1.047128548050900e-02
4934	1.016679509856100e-02	1.023292992280754e-02
4946	9.985486628425910e-03	1.000000000000000e-02
4965	9.759799906884137e-03	9.772372209558112e-03
4980	9.517840086470053e-03	9.549925860214359e-03
4994	9.310964872230376e-03	9.332543007969915e-03
5008	9.076784567720653e-03	9.120108393559097e-03
5020	8.912215862574735e-03	8.912509381337459e-03
5038	8.652707356281986e-03	8.709635899560805e-03
5055	8.510454722805760e-03	8.511380382023767e-03
5066	8.311127594273771e-03	8.317637711026709e-03
5089	8.127100437791857e-03	8.128305161640995e-03
5116	7.939152936323524e-03	7.943282347242814e-03
5169	7.668855861268975e-03	7.762471166286920e-03
5187	7.558661038776671e-03	7.585775750291836e-03
5217	6.685763447010551e-03	6.760829753919818e-03
5246	6.606888960667745e-03	6.606934480075957e-03
5255	6.441996969672070e-03	6.456542290346556e-03
5313	6.289235937424809e-03	6.309573444801930e-03
5370	5.974562899113911e-03	6.025595860743574e-03
5402	5.888040445367393e-03	5.888436553555890e-03
5481	5.753891790268750e-03	5.754399373371567e-03
5562	5.607494384823108e-03	5.623413251903491e-03
5598	5.474733546200095e-03	5.495408738576248e-03
5626	5.322929068785842e-03	5.370317963702527e-03
5630	5.168575129570474e-03	5.248074602497728e-03
5645	4.966365513907722e-03	5.011872336272725e-03
5663	4.312726809967082e-03	4.365158322401661e-03
5675	4.249405650911142e-03	4.265795188015926e-03
5678	4.155402941180331e-03	4.168693834703355e-03
5754	4.072312236171549e-03	4.073802778041126e-03
5810	3.978330773387939e-03	3.981071705534973e-03
5983	3.890109024784372e-03	3.890451449942805e-03
6144	3.801340806764641e-03	3.801893963205613e-03
6231	3.708316693460945e-03	3.715352290971724e-03
6270	3.619238349369169e-03	3.630780547701014e-03
6319	3.547118153750306e-03	3.548133892335753e-03
6415	3.465447368408814e-03	3.467368504525317e-03
6582	3.387996372877344e-03	3.388441561392024e-03
6651	2.584073654258390e-03	2.630267991895381e-03
6695	2.569202361788370e-03	2.570395782768865e-03
6749	2.504662423213677e-03	2.511886431509579e-03
6758	2.254548348769370e-03	2.290867652767772e-03
6776	2.238673555321813e-03	2.238721138568340e-03
6876	2.140811985891222e-03	2.187761623949552e-03
6882	2.133274341433955e-03	2.137962089502233e-03
7032	2.088725207608610e-03	2.089296130854039e-03
7119	2.040887728864793e-03	2.041737944669530e-03
7417	1.995168452738505e-03	1.995262314968879e-03
7803	1.949356898598209e-03	1.949844599758046e-03
8002	1.908642610372935e-03	1.949844599758046e-03
%
% index = 21, name = bbob_f001_i03_d02__bbob_f006_i05_d02
% instance = 2, reference value = 8.707184377015620e-01
% function evaluation | indicator value | target hit
1	3.044720150643465e+02	3.090295432513592e+02
3	1.052681894220621e+01	1.071519305237607e+01
26	1.232117513324562e+00	1.258925411794167e+00
187	8.779719921390621e-01	8.912509381337456e-01
437	7.912604659998073e-01	7.943282347242815e-01
453	7.676568627770672e-01	7.762471166286917e-01
470	7.230537092230640e-01	7.244359600749900e-01
491	6.936149199402543e-01	7.079457843841379e-01
500	6.080434665643143e-01	6.165950018614822e-01
517	5.989722606227252e-01	6.025595860743578e-01
529	5.835686179184536e-01	5.888436553555889e-01
534	5.487753316220101e-01	5.495408738576245e-01
591	5.356827623666238e-01	5.370317963702527e-01
603	5.199269666625893e-01	5.248074602497725e-01
607	4.820318060240604e-01	4.897788193684462e-01
608	4.559088663426420e-01	4.570881896148750e-01
629	4.449721691012163e-01	4.466835921509631e-01
646	4.302125871395868e-01	4.365158322401660e-01
665	4.243554460912823e-01	4.265795188015927e-01
694	4.153672842719737e-01	4.168693834703354e-01
728	4.038250217416384e-01	4.073802778041127e-01
742	3.970594878521925e-01	3.981071705534972e-01
760	3.884256244970097e-01	3.890451449942806e-01
762	3.799649401459785e-01	3.801893963205612e-01
789	3.702502193153768e-01	3.715352290971726e-01
829	3.629061499496634e-01	3.630780547701014e-01
861	3.548003498663287e-01	3.548133892335755e-01
887	3.463541697056299e-01	3.467368504525316e-01
925	3.380684506289942e-01	3.388441561392025e-01
979	3.306863991628910e-01	3.311311214825911e-01
1046	3.234132253440768e-01	3.235936569296283e-01
1156	3.161843708443737e-01	3.162277660168379e-01
1217	3.090061655854531e-01	3.090295432513591e-01
1291	3.018702793791653e-01	3.019951720402016e-01
1364	2.951103270294483e-01	2.951209226666385e-01
1434	2.872477261699043e-01	2.884031503126606e-01
1581	2.818032574312762e-01	2.818382931264454e-01
1694	2.751617570477822e-01	2.754228703338166e-01
1778	2.689349526367480e-01	2.691534803926916e-01
1861	2.626625820480617e-01	2.630267991895382e-01
1963	2.565617155210055e-01	2.570395782768864e-01
2092	2.511243222894487e-01	2.511886431509580e-01
2227	2.448552263883370e-01	2.454708915685030e-01
2315	2.398563262263004e-01	2.398832919019490e-01
2430	2.324307506805927e-01	2.344228815319922e-01
2472	2.125624561461488e-01	2.137962089502232e-01
2558	2.067997602751767e-01	2.089296130854039e-01
2587	2.039445871949580e-01	2.041737944669530e-01
2643	1.995248728426479e-01	1.995262314968880e-01
2698	1.947698888724552e-01	1.949844599758045e-01
2719	1.905377164714277e-01	1.905460717963247e-01
2761	1.862072231032460e-01	1.862087136662867e-01
2828	1.811919149089257e-01	1.819700858609984e-01
2905	1.772061353934314e-01	1.778279410038923e-01
3028	1.737698935343878e-01	1.737800828749375e-01
3142	1.697765202471325e-01	1.698243652461744e-01
3183	1.657817476712804e-01	1.659586907437560e-01
3234	1.621359938330750e-01	1.621810097358930e-01
3294	1.580119732493761e-01	1.584893192461113e-01
3375	1.547660511165621e-01	1.548816618912481e-01
3451	1.513164051378300e-01	1.513561248436208e-01
3533	1.477691775827186e-01	1.479108388168208e-01
3573	1.445397809085931e-01	1.445439770745928e-01
3666	1.411721265828350e-01	1.412537544622754e-01
3699	1.377712045139100e-01	1.380384264602885e-01
3718	1.347705201410835e-01	1.348962882591654e-01
3755	1.314692230984246e-01	1.318256738556407e-01
3789	1.272509121999454e-01	1.288249551693134e-01
3814	1.258815629379235e-01	1.258925411794167e-01
3893	1.229505219995173e-01	1.230268770812381e-01
3933	1.202234163253949e-01	1.202264434617413e-01
3997	1.174077432350186e-01	1.174897554939529e-01
4037	1.146674407019493e-01	1.148153621496883e-01
4074	1.121950733986208e-01	1.122018454301964e-01
4826	1.096345933270715e-01	1.096478196143185e-01
4964	1.061227229446788e-01	1.071519305237607e-01
5002	1.039868548480570e-01	1.047128548050900e-01
5050	1.023271904712693e-01	1.023292992280754e-01
5311	9.999513416360450e-02	1.000000000000000e-01
5626	9.747643342917212e-02	9.772372209558107e-02
5870	9.549019368502076e-02	9.549925860214359e-02
6000	9.286709965667517e-02	9.332543007969910e-02
6087	9.111496861919388e-02	9.120108393559097e-02
6131	8.911234005052882e-02	8.912509381337455e-02
6224	8.709607142446052e-02	8.709635899560805e-02
6296	8.491316507174484e-02	8.511380382023763e-02
6403	8.269952640735057e-02	8.317637711026708e-02
6423	8.089520239166748e-02	8.128305161640990e-02
6470	7.936435279016663e-02	7.943282347242814e-02
6572	7.751217250316156e-02	7.762471166286916e-02
6768	7.546788844087515e-02	7.585775750291836e-02
6805	6.696031679121428e-02	6.760829753919818e-02
6865	6.573078300966384e-02	6.606934480075961e-02
6876	6.160284343854050e-02	6.165950018614822e-02
6882	5.904439325590427e-02	6.025595860743578e-02
6913	5.887780700207934e-02	5.888436553555890e-02
6968	5.752669291582491e-02	5.754399373371569e-02
7045	5.567564324083862e-02	5.623413251903491e-02
7098	5.491156399056285e-02	5.495408738576246e-02
7136	5.368012950798140e-02	5.370317963702527e-02
7176	5.237193474945734e-02	5.248074602497726e-02
7252	4.789774092936083e-02	4.897788193684462e-02
7253	4.779507904053815e-02	4.786300923226382e-02
7933	4.677327318807523e-02	4.677351412871981e-02
8002	4.676716358833921e-02	4.677351412871981e-02
%
% index = 22, name = bbob_f001_i07_d02__bbob_f006_i08_d02
% instance = 3, reference value = 8.430269450623310e-01
% function evaluation | indicator value | target hit
1	8.900899139713311e-01	8.912509381337456e-01
46	3.799341656453575e-01	3.801893963205612e-01
387	1.766379333766485e-01	1.778279410038923e-01
392	1.493007829732892e-01	1.513561248436208e-01
396	1.470515764360368e-01	1.479108388168208e-01
424	1.359780852480941e-01	1.380384264602885e-01
429	1.094392826675653e-01	1.096478196143185e-01
431	8.635079087421693e-02	8.709635899560805e-02
446	8.281066074294885e-02	8.317637711026708e-02
477	8.024241329380177e-02	8.128305161640990e-02
486	7.410494400598988e-02	7.413102413009177e-02
498	7.196469575845088e-02	7.244359600749903e-02
501	7.078387539262732e-02	7.079457843841380e-02
515	6.895229457393037e-02	6.918309709189366e-02
519	6.450711283346133e-02	6.456542290346556e-02
521	6.149203615874876e-02	6.165950018614822e-02
540	5.994131686300941e-02	6.025595860743578e-02
542	4.911737644117165e-02	5.011872336272722e-02
546	4.871310829581699e-02	4.897788193684462e-02
557	4.775760817063746e-02	4.786300923226382e-02
568	4.613327574829984e-02	4.677351412871981e-02
571	4.566569603209636e-02	4.570881896148749e-02
577	4.421783737951801e-02	4.466835921509630e-02
581	4.190830270664936e-02	4.265795188015926e-02
582	4.135599866599904e-02	4.168693834703355e-02
584	4.037812530926832e-02	4.073802778041128e-02
585	3.815822995904783e-02	3.890451449942807e-02
604	3.709007364461814e-02	3.715352290971726e-02
615	3.597981637191638e-02	3.630780547701014e-02
624	3.521236916582837e-02	3.548133892335755e-02
629	3.448467505150099e-02	3.467368504525317e-02
641	3.388261821476968e-02	3.388441561392026e-02
645	3.310660339439320e-02	3.311311214825911e-02
660	3.235020690092072e-02	3.235936569296283e-02
692	3.141823828143442e-02	3.162277660168379e-02
694	3.052837123643382e-02	3.090295432513590e-02
699	3.013883310076981e-02	3.019951720402016e-02
725	2.944835317359940e-02	2.951209226666385e-02
765	2.883314941487003e-02	2.884031503126606e-02
776	2.817968404368543e-02	2.818382931264454e-02
798	2.750137867331570e-02	2.754228703338166e-02
835	2.686295967626251e-02	2.691534803926915e-02
867	2.630015503352512e-02	2.630267991895381e-02
925	2.570316234992343e-02	2.570395782768863e-02
987	2.510244883180013e-02	2.511886431509579e-02
1181	2.454657343408384e-02	2.454708915685030e-02
1303	2.340776362458663e-02	2.344228815319923e-02
1439	2.115210677181867e-02	2.137962089502233e-02
1504	1.981427317613249e-02	1.995262314968880e-02
1789	1.949802274417589e-02	1.949844599758046e-02
2309	1.905453570064664e-02	1.905460717963247e-02
3069	1.861878335046874e-02	1.862087136662868e-02
3967	1.819631742250039e-02	1.819700858609984e-02
5089	1.254866207901273e-02	1.258925411794167e-02
5251	1.090464565880578e-02	1.096478196143185e-02
5270	8.593138248892629e-03	8.709635899560805e-03
5349	8.314891923225765e-03	8.317637711026709e-03
5358	7.905232172605303e-03	7.943282347242814e-03
5363	7.494275152982510e-03	7.585775750291836e-03
5390	7.397239558427637e-03	7.413102413009177e-03
5416	7.244300069569221e-03	7.244359600749898e-03
5482	6.920035431932203e-03	7.079457843841380e-03
5489	6.839224758728779e-03	6.918309709189363e-03
5523	6.757026413577116e-03	6.760829753919818e-03
5955	6.593273476730888e-03	6.606934480075957e-03
6036	6.249312948177432e-03	6.309573444801930e-03
6067	6.154391658678371e-03	6.165950018614822e-03
6159	5.996574625107720e-03	6.025595860743574e-03
6227	5.885273404487967e-03	5.888436553555890e-03
6374	5.646757084988074e-03	5.754399373371567e-03
6387	5.572034828133732e-03	5.623413251903491e-03
6493	5.432469136823381e-03	5.495408738576248e-03
6525	5.358163017462614e-03	5.370317963702527e-03
6774	5.237473565027129e-03	5.248074602497728e-03
6804	5.040960706723552e-03	5.128613839913648e-03
6820	4.988811429359474e-03	5.011872336272725e-03
6849	4.883592649240209e-03	4.897788193684461e-03
6887	4.691449852401441e-03	4.786300923226385e-03
6904	4.612883909059562e-03	4.677351412871981e-03
6990	4.564911880798994e-03	4.570881896148752e-03
7040	4.453902013252686e-03	4.466835921509630e-03
7210	4.359847962861818e-03	4.365158322401661e-03
7360	4.178365307009324e-03	4.265795188015926e-03
7370	4.126166309580515e-03	4.168693834703355e-03
7456	4.049261227953904e-03	4.073802778041126e-03
7562	3.980246400068999e-03	3.981071705534973e-03
7903	3.882248061894189e-03	3.890451449942805e-03
7941	3.777096862908391e-03	3.801893963205613e-03
8002	3.745349224287930e-03	3.801893963205613e-03
%
% index = 23, name = bbob_f001_i09_d02__bbob_f006_i10_d02
% instance = 4, reference value = 8.163369213761080e-01
% function evaluation | indicator value | target hit
1	2.053486052483875e+02	2.089296130854039e+02
179	5.157709849053433e+01	5.248074602497726e+01
248	3.842076863842878e+01	3.890451449942807e+01
249	1.717599658179532e+01	1.737800828749375e+01
414	1.664130216688965e+01	1.698243652461744e+01
416	1.332230994932581e+01	1.348962882591653e+01
444	7.716661859460480e+00	7.762471166286917e+00
445	7.016682022585501e+00	7.079457843841379e+00
470	4.391712009847607e+00	4.466835921509632e+00
518	2.606585942112108e+00	2.630267991895382e+00
595	2.563514169497108e+00	2.570395782768863e+00
613	2.435796019760608e+00	2.454708915685031e+00
646	2.350980548092181e+00	2.398832919019490e+00
700	1.728731520641608e+00	1.737800828749375e+00
752	1.617071281197640e+00	1.621810097358930e+00
822	1.547607822767320e+00	1.548816618912481e+00
836	1.139283207239844e+00	1.148153621496883e+00
880	1.019501912165108e+00	1.023292992280754e+00
887	8.733352074931080e-01	8.912509381337456e-01
931	8.240203652211080e-01	8.317637711026710e-01
952	7.998272979788666e-01	8.128305161640993e-01
1009	7.048409701356438e-01	7.079457843841379e-01
1066	6.844156285009847e-01	6.918309709189365e-01
1086	6.302045042496032e-01	6.309573444801932e-01
1097	6.034172831038114e-01	6.165950018614822e-01
1106	5.637056009758803e-01	5.754399373371569e-01
1107	5.327367035430599e-01	5.370317963702527e-01
1126	5.203042501811526e-01	5.248074602497725e-01
1136	5.054397750864148e-01	5.128613839913648e-01
1178	4.969724634401886e-01	5.011872336272722e-01
1210	4.872513965305009e-01	4.897788193684462e-01
1229	4.644402948960955e-01	4.677351412871982e-01
1244	3.402569757224237e-01	3.467368504525316e-01
1249	3.185706575245586e-01	3.235936569296283e-01
1250	2.904264099474810e-01	2.951209226666385e-01
1253	2.739102435769756e-01	2.754228703338166e-01
1285	2.676411854304650e-01	2.691534803926916e-01
1324	2.615159392869352e-01	2.630267991895382e-01
1378	2.560314070222834e-01	2.570395782768864e-01
1437	2.484048340829319e-01	2.511886431509580e-01
1467	2.376475078069750e-01	2.398832919019490e-01
1489	2.280559858861367e-01	2.290867652767773e-01
1506	2.237792972825156e-01	2.238721138568339e-01
1525	2.157406462860183e-01	2.187761623949552e-01
1532	2.122591829717717e-01	2.137962089502232e-01
1537	1.898965521702576e-01	1.905460717963247e-01
1539	1.725857483561557e-01	1.737800828749375e-01
1546	1.619207717626930e-01	1.621810097358930e-01
1555	1.401402281078230e-01	1.412537544622754e-01
1562	1.257784982693027e-01	1.258925411794167e-01
1567	1.137396454756351e-01	1.148153621496883e-01
1579	1.095029781984166e-01	1.096478196143185e-01
1582	8.270197108555855e-02	8.317637711026708e-02
1587	8.111864339956043e-02	8.128305161640990e-02
1611	7.306878850017007e-02	7.413102413009177e-02
1612	7.197824821800058e-02	7.244359600749903e-02
1626	6.937218111957733e-02	7.079457843841380e-02
1628	6.159617285885699e-02	6.165950018614822e-02
1631	5.902175717156055e-02	6.025595860743578e-02
1636	5.829393127587368e-02	5.888436553555890e-02
1654	5.627718048740338e-02	5.754399373371569e-02
1655	5.537591661205710e-02	5.623413251903491e-02
1656	5.155586824328595e-02	5.248074602497726e-02
1662	5.067886284535161e-02	5.128613839913648e-02
1664	4.122306791428410e-02	4.168693834703355e-02
1667	4.032106963504767e-02	4.073802778041128e-02
1672	3.931394545070821e-02	3.981071705534973e-02
1673	3.697468792739211e-02	3.715352290971726e-02
1677	3.538649210740563e-02	3.548133892335755e-02
1689	3.313483575312026e-02	3.388441561392026e-02
1691	3.303628986883467e-02	3.311311214825911e-02
1701	3.198363262637460e-02	3.235936569296283e-02
1716	2.601372986269201e-02	2.630267991895381e-02
1721	2.569071458554362e-02	2.570395782768863e-02
1724	2.486950421586132e-02	2.511886431509579e-02
1729	2.389786012414286e-02	2.398832919019490e-02
1740	2.326339684347090e-02	2.344228815319923e-02
1741	2.265427253000429e-02	2.290867652767773e-02
1742	2.225862377288823e-02	2.238721138568340e-02
1744	2.024625231291566e-02	2.041737944669529e-02
1746	1.970680138259551e-02	1.995262314968880e-02
1755	1.882397623071241e-02	1.905460717963247e-02
1760	1.861050455736146e-02	1.862087136662868e-02
1764	1.732099230584982e-02	1.737800828749375e-02
1765	1.698140451240915e-02	1.698243652461744e-02
1766	1.639003065302791e-02	1.659586907437561e-02
1768	1.614993919016794e-02	1.621810097358930e-02
1771	1.566034151693962e-02	1.584893192461113e-02
1776	1.537519382671515e-02	1.548816618912481e-02
1780	1.486962941077374e-02	1.513561248436208e-02
1787	1.464596989328548e-02	1.479108388168207e-02
1791	1.436278490707121e-02	1.445439770745927e-02
1798	1.408745647482390e-02	1.412537544622754e-02
1803	1.336638491964670e-02	1.348962882591653e-02
1818	1.315513033786775e-02	1.318256738556407e-02
1823	1.272046263447080e-02	1.288249551693134e-02
1829	1.246259946375761e-02	1.258925411794167e-02
1838	1.225295616177524e-02	1.230268770812382e-02
1852	1.167699221957819e-02	1.174897554939530e-02
1869	1.135153921104315e-02	1.148153621496883e-02
1882	1.090605267643185e-02	1.096478196143185e-02
1921	1.069688229709420e-02	1.071519305237606e-02
1930	8.862731619020181e-03	8.912509381337459e-03
1932	8.704038577731388e-03	8.709635899560805e-03
1943	8.433157269651881e-03	8.511380382023767e-03
1952	8.198111996126189e-03	8.317637711026709e-03
1960	7.950915935090008e-03	8.128305161640995e-03
1961	7.942845240544560e-03	7.943282347242814e-03
1974	7.705523864177444e-03	7.762471166286920e-03
1977	7.319657818149139e-03	7.413102413009177e-03
1987	7.197235774417998e-03	7.244359600749898e-03
2000	7.072179022463487e-03	7.079457843841380e-03
2042	6.861334614426395e-03	6.918309709189363e-03
2053	6.741704819306138e-03	6.760829753919818e-03
2054	6.540462952628445e-03	6.606934480075957e-03
2058	6.445669819076016e-03	6.456542290346556e-03
2083	6.271292116732052e-03	6.309573444801930e-03
2087	6.125131679139195e-03	6.165950018614822e-03
2095	5.931565564738728e-03	6.025595860743574e-03
2100	5.681466506335497e-03	5.754399373371567e-03
2101	5.583991682376777e-03	5.623413251903491e-03
2109	5.494480276066804e-03	5.495408738576248e-03
2128	5.366679780366868e-03	5.370317963702527e-03
2133	4.561927184761894e-03	4.570881896148752e-03
2148	4.452229485886638e-03	4.466835921509630e-03
2165	4.364420360908006e-03	4.365158322401661e-03
2185	4.249365399994320e-03	4.265795188015926e-03
2187	4.052572718766356e-03	4.073802778041126e-03
2204	3.958736153239495e-03	3.981071705534973e-03
2223	3.886072441430355e-03	3.890451449942805e-03
2230	3.450787262280208e-03	3.467368504525317e-03
2257	3.368078830766064e-03	3.388441561392024e-03
2285	3.261508682462333e-03	3.311311214825911e-03
2295	3.235549487158651e-03	3.235936569296281e-03
2304	3.161328654542328e-03	3.162277660168379e-03
2317	3.065075075462720e-03	3.090295432513592e-03
2428	3.016237165091584e-03	3.019951720402016e-03
2455	2.950011457698798e-03	2.951209226666387e-03
2480	2.882654434063547e-03	2.884031503126605e-03
2513	2.815877883191709e-03	2.818382931264455e-03
2532	2.754158775135518e-03	2.754228703338166e-03
2623	2.687844311283882e-03	2.691534803926917e-03
2658	2.620289962748212e-03	2.630267991895381e-03
2661	2.570254577292541e-03	2.570395782768865e-03
2666	2.510902540745263e-03	2.511886431509579e-03
2688	2.444980817593145e-03	2.454708915685031e-03
2699	2.209051046014765e-03	2.238721138568340e-03
2706	2.187295386270161e-03	2.187761623949552e-03
2739	2.100542012129503e-03	2.137962089502233e-03
2751	2.089293471299825e-03	2.089296130854039e-03
2770	1.966854746679236e-03	1.995262314968879e-03
2774	1.949216019551114e-03	1.949844599758046e-03
2796	1.904997163706179e-03	1.905460717963246e-03
2843	1.816984869006832e-03	1.819700858609983e-03
2890	1.713778292760981e-03	1.737800828749376e-03
2891	1.697417141408586e-03	1.698243652461744e-03
2906	1.654583722444536e-03	1.659586907437561e-03
3030	1.620653527343641e-03	1.621810097358930e-03
3077	1.584778180979129e-03	1.584893192461114e-03
3210	1.547665334081350e-03	1.548816618912481e-03
3326	1.510013447259095e-03	1.513561248436209e-03
3356	1.473680534011756e-03	1.479108388168207e-03
3373	1.445360595969225e-03	1.445439770745928e-03
3439	1.412347055850693e-03	1.412537544622754e-03
3549	1.378500447951403e-03	1.380384264602885e-03
3566	1.330642222445610e-03	1.348962882591653e-03
3576	1.317381782872107e-03	1.318256738556408e-03
3595	1.284288360725805e-03	1.288249551693134e-03
3624	1.240924577237568e-03	1.258925411794167e-03
3689	1.228309152028317e-03	1.230268770812381e-03
3721	1.202007701139096e-03	1.202264434617413e-03
3750	1.148031282570794e-03	1.148153621496883e-03
3783	1.118316822533383e-03	1.122018454301963e-03
3901	1.096361452013084e-03	1.096478196143185e-03
3916	1.062380218559644e-03	1.071519305237606e-03
4009	1.047069138479073e-03	1.047128548050900e-03
4063	1.020919001776255e-03	1.023292992280754e-03
4080	9.989931666778418e-04	1.000000000000000e-03
8002	9.985802499977714e-04	1.000000000000000e-03
%
% index = 24, name = bbob_f001_i11_d02__bbob_f006_i12_d02
% instance = 5, reference value = 8.540188207935070e-01
% function evaluation | indicator value | target hit
1	6.934000084174329e-01	7.079457843841379e-01
118	5.936678953080778e-01	6.025595860743578e-01
237	4.342319174229546e-01	4.365158322401660e-01
259	3.708782321275347e-01	3.715352290971726e-01
262	3.393122090337929e-01	3.467368504525316e-01
263	3.158402477255864e-01	3.162277660168379e-01
267	2.691467870509060e-01	2.691534803926916e-01
273	2.280510441135822e-01	2.290867652767773e-01
347	2.136403639876284e-01	2.137962089502232e-01
360	1.958841372262595e-01	1.995262314968880e-01
378	1.949636150001146e-01	1.949844599758045e-01
379	1.861996914282876e-01	1.862087136662867e-01
393	1.791971221654044e-01	1.819700858609984e-01
394	1.748162929011714e-01	1.778279410038923e-01
395	1.676502484078205e-01	1.698243652461744e-01
396	1.623495174495054e-01	1.659586907437560e-01
404	1.583816330536967e-01	1.584893192461113e-01
407	1.541743479863095e-01	1.548816618912481e-01
412	1.427194736556842e-01	1.445439770745928e-01
422	1.240194494882711e-01	1.258925411794167e-01
423	1.135813099774380e-01	1.148153621496883e-01
436	1.105474623545760e-01	1.122018454301964e-01
445	1.054077642847353e-01	1.071519305237607e-01
446	1.045578331862947e-01	1.047128548050900e-01
468	1.023221261021005e-01	1.023292992280754e-01
518	9.994919135796398e-02	1.000000000000000e-01
534	9.597525163343201e-02	9.772372209558107e-02
540	9.549760293067300e-02	9.549925860214359e-02
560	9.323075722350438e-02	9.332543007969910e-02
572	9.119894112619953e-02	9.120108393559097e-02
579	8.907449131752265e-02	8.912509381337455e-02
584	6.508656346705621e-02	6.606934480075961e-02
585	6.108179044177331e-02	6.165950018614822e-02
597	6.016980783888137e-02	6.025595860743578e-02
605	5.213909626377511e-02	5.248074602497726e-02
635	5.094776284765434e-02	5.128613839913648e-02
636	4.973267385376989e-02	5.011872336272722e-02
637	4.483267584395068e-02	4.570881896148749e-02
644	4.453056761136887e-02	4.466835921509630e-02
645	4.078863889113005e-02	4.168693834703355e-02
646	4.068450847560923e-02	4.073802778041128e-02
662	3.929919445710239e-02	3.981071705534973e-02
665	3.837061452197721e-02	3.890451449942807e-02
670	3.769885423747010e-02	3.801893963205612e-02
677	3.606198929797799e-02	3.630780547701014e-02
722	3.538602042299466e-02	3.548133892335755e-02
746	3.463463914215337e-02	3.467368504525317e-02
766	3.323342006419128e-02	3.388441561392026e-02
767	3.306211992952357e-02	3.311311214825911e-02
779	3.235292496023490e-02	3.235936569296283e-02
788	3.144676682309389e-02	3.162277660168379e-02
812	3.083189183173174e-02	3.090295432513590e-02
835	2.996793564943556e-02	3.019951720402016e-02
842	2.943137705064880e-02	2.951209226666385e-02
847	2.866235875755685e-02	2.884031503126606e-02
866	2.810209246455087e-02	2.818382931264454e-02
890	2.717817365107378e-02	2.754228703338166e-02
898	2.689876103199895e-02	2.691534803926915e-02
904	2.618257583692474e-02	2.630267991895381e-02
915	2.568363151328246e-02	2.570395782768863e-02
932	2.505637493327451e-02	2.511886431509579e-02
971	2.450806832294483e-02	2.454708915685030e-02
1004	2.397195410034525e-02	2.398832919019490e-02
1042	2.342355425330445e-02	2.344228815319923e-02
1070	2.272832819444759e-02	2.290867652767773e-02
1081	2.237983607450866e-02	2.238721138568340e-02
1118	2.186956695477527e-02	2.187761623949553e-02
1156	2.137402659261844e-02	2.137962089502233e-02
1192	2.088978496630312e-02	2.089296130854040e-02
1230	2.040384454327282e-02	2.041737944669529e-02
1265	1.993413956783718e-02	1.995262314968880e-02
1297	1.948749588995813e-02	1.949844599758046e-02
1340	1.901556432137386e-02	1.905460717963247e-02
1389	1.861641174459405e-02	1.862087136662868e-02
1460	1.819444811017390e-02	1.819700858609984e-02
1463	1.771769504628662e-02	1.778279410038923e-02
1544	1.737339670641858e-02	1.737800828749375e-02
1562	1.697746059362604e-02	1.698243652461744e-02
1644	1.656238095028051e-02	1.659586907437561e-02
1651	1.556846634253917e-02	1.584893192461113e-02
1668	1.548579452231336e-02	1.548816618912481e-02
1720	1.356989444140655e-02	1.380384264602885e-02
1747	1.348868470271380e-02	1.348962882591653e-02
1844	1.318018995563597e-02	1.318256738556407e-02
1926	1.287847317215618e-02	1.288249551693134e-02
1983	1.258042867111220e-02	1.258925411794167e-02
2060	1.230126431793155e-02	1.230268770812382e-02
2137	1.201951482820107e-02	1.202264434617413e-02
2232	1.174716769072259e-02	1.174897554939530e-02
2342	1.147114319860576e-02	1.148153621496883e-02
2502	1.121959952375140e-02	1.122018454301964e-02
2647	1.096446313948674e-02	1.096478196143185e-02
2728	1.070964398658436e-02	1.071519305237606e-02
2830	1.047031772713691e-02	1.047128548050900e-02
2913	1.023224198668615e-02	1.023292992280754e-02
3035	9.980822450436633e-03	1.000000000000000e-02
3184	9.771498751088070e-03	9.772372209558112e-03
3310	9.549787384913966e-03	9.549925860214359e-03
3506	9.332085069848062e-03	9.332543007969915e-03
3664	9.115073750174729e-03	9.120108393559097e-03
3851	8.896595364829896e-03	8.912509381337459e-03
3989	8.707048023401165e-03	8.709635899560805e-03
4042	8.434486813038600e-03	8.511380382023767e-03
4668	8.317079068146493e-03	8.317637711026709e-03
4904	8.125661799126105e-03	8.128305161640995e-03
5064	7.942419521823285e-03	7.943282347242814e-03
5296	7.759435043287910e-03	7.762471166286920e-03
5824	7.574838036412901e-03	7.585775750291836e-03
6624	7.412541129847794e-03	7.413102413009177e-03
8002	7.330833875187515e-03	7.413102413009177e-03
%
% index = 25, name = bbob_f001_i13_d02__bbob_f006_i14_d02
% instance = 6, reference value = 8.302991972278740e-01
% function evaluation | indicator value | target hit
1	4.455229024166903e-01	4.466835921509631e-01
576	4.340498595550416e-01	4.365158322401660e-01
670	4.246771900306354e-01	4.265795188015927e-01
741	4.165897830678618e-01	4.168693834703354e-01
992	4.072249546052478e-01	4.073802778041127e-01
1297	3.978386428043831e-01	3.981071705534972e-01
1472	3.880628671395696e-01	3.890451449942806e-01
1704	3.800318927360452e-01	3.801893963205612e-01
2214	3.714167487990788e-01	3.715352290971726e-01
2714	3.628800478310797e-01	3.630780547701014e-01
3165	3.547654689247398e-01	3.548133892335755e-01
4025	3.467250928723544e-01	3.467368504525316e-01
4171	2.936450623923399e-01	2.951209226666385e-01
4369	2.077796834702420e-01	2.089296130854039e-01
4370	1.871167573229890e-01	1.905460717963247e-01
4421	1.792606331860606e-01	1.819700858609984e-01
4479	1.566739981215772e-01	1.584893192461113e-01
4489	1.459721095546751e-01	1.479108388168208e-01
4490	1.063370422464285e-01	1.071519305237607e-01
4523	9.455229669651555e-02	9.549925860214359e-02
4525	9.123906829380068e-02	9.332543007969910e-02
4526	8.554407909468509e-02	8.709635899560805e-02
4542	8.220248005668818e-02	8.317637711026708e-02
4550	8.124259491022001e-02	8.128305161640990e-02
4567	7.872573308281805e-02	7.943282347242814e-02
4573	7.657188741946575e-02	7.762471166286916e-02
4602	7.544228346037107e-02	7.585775750291836e-02
4609	7.303066108601142e-02	7.413102413009177e-02
4613	7.234432127747503e-02	7.244359600749903e-02
4623	7.079375174122093e-02	7.079457843841380e-02
4656	6.903003681812692e-02	6.918309709189366e-02
4683	6.723490824358702e-02	6.760829753919818e-02
4697	6.557901500849772e-02	6.606934480075961e-02
4724	6.447580294271194e-02	6.456542290346556e-02
4747	6.284814941803518e-02	6.309573444801933e-02
4768	6.083410783813692e-02	6.165950018614822e-02
4787	5.981712041930864e-02	6.025595860743578e-02
4791	5.887265408785891e-02	5.888436553555890e-02
4822	5.747176815283750e-02	5.754399373371569e-02
4845	5.601433566540481e-02	5.623413251903491e-02
4899	5.495192637570867e-02	5.495408738576246e-02
4950	5.127906740753474e-02	5.128613839913648e-02
4996	5.011768595158161e-02	5.011872336272722e-02
5101	4.896158606519385e-02	4.897788193684462e-02
5155	4.767447772439293e-02	4.786300923226382e-02
5207	4.588549499443306e-02	4.677351412871981e-02
5223	4.569597198585518e-02	4.570881896148749e-02
5364	4.460413634248350e-02	4.466835921509630e-02
5366	4.319999587977186e-02	4.365158322401658e-02
5474	3.968918136474453e-02	3.981071705534973e-02
5515	3.706340797866114e-02	3.715352290971726e-02
5589	3.624796706882694e-02	3.630780547701014e-02
5593	2.741417524327183e-02	2.754228703338166e-02
5615	2.083700257359278e-02	2.089296130854040e-02
5616	1.943704590628148e-02	1.949844599758046e-02
5636	1.900717942153185e-02	1.905460717963247e-02
5679	1.861914418689259e-02	1.862087136662868e-02
5696	1.811706764927812e-02	1.819700858609984e-02
5714	1.770030148499224e-02	1.778279410038923e-02
5903	1.737698695806222e-02	1.737800828749375e-02
6093	1.694849878549298e-02	1.698243652461744e-02
6306	1.653754044040401e-02	1.659586907437561e-02
6499	1.378543789330444e-02	1.380384264602885e-02
6614	1.228804203996137e-02	1.230268770812382e-02
6681	1.188598805004493e-02	1.202264434617413e-02
6792	1.167605518171533e-02	1.174897554939530e-02
6842	1.100942070900202e-02	1.122018454301964e-02
6871	1.095578499226657e-02	1.096478196143185e-02
7066	9.304723283413030e-03	9.332543007969915e-03
7500	9.109016398813452e-03	9.120108393559097e-03
7581	7.522430210757824e-03	7.585775750291836e-03
7936	7.412405296092328e-03	7.413102413009177e-03
7971	7.193756163866194e-03	7.244359600749898e-03
8002	7.168315382495183e-03	7.244359600749898e-03
%
% index = 26, name = bbob_f001_i15_d02__bbob_f006_i16_d02
% instance = 7, reference value = 8.680881623742950e-01
% function evaluation | indicator value | target hit
1	2.910716626518693e-01	2.951209226666385e-01
234	2.865611837607592e-01	2.884031503126606e-01
253	2.510556429121764e-01	2.511886431509580e-01
265	1.987499124093719e-01	1.995262314968880e-01
274	1.748876118614026e-01	1.778279410038923e-01
275	1.720979525485670e-01	1.737800828749375e-01
285	1.392867016223883e-01	1.412537544622754e-01
304	1.285049901989926e-01	1.288249551693134e-01
324	1.114985604024713e-01	1.122018454301964e-01
361	1.005175072088281e-01	1.023292992280754e-01
372	8.792474540453554e-02	8.912509381337455e-02
383	8.167767532493198e-02	8.317637711026708e-02
395	7.567656573431025e-02	7.585775750291836e-02
400	6.649196828172632e-02	6.760829753919818e-02
401	6.539118657648701e-02	6.606934480075961e-02
405	6.423407996077746e-02	6.456542290346556e-02
407	5.422675986437353e-02	5.495408738576246e-02
415	4.780162179019254e-02	4.786300923226382e-02
417	4.636345242163731e-02	4.677351412871981e-02
434	4.125409172588557e-02	4.168693834703355e-02
435	4.070850231513579e-02	4.073802778041128e-02
439	3.874397721292766e-02	3.890451449942807e-02
460	3.515122749004485e-02	3.548133892335755e-02
462	3.421051158743504e-02	3.467368504525317e-02
468	3.376715400387353e-02	3.388441561392026e-02
473	3.118539579700041e-02	3.162277660168379e-02
475	3.072101678395645e-02	3.090295432513590e-02
480	2.984935374593012e-02	3.019951720402016e-02
481	2.839736830370554e-02	2.884031503126606e-02
488	2.717728054552804e-02	2.754228703338166e-02
491	2.601239991923376e-02	2.630267991895381e-02
497	2.306062330546710e-02	2.344228815319923e-02
498	2.287351849687691e-02	2.290867652767773e-02
500	2.116052527543266e-02	2.137962089502233e-02
501	2.036234980687057e-02	2.041737944669529e-02
506	1.958405617078052e-02	1.995262314968880e-02
507	1.878219746826171e-02	1.905460717963247e-02
516	1.786237056546691e-02	1.819700858609984e-02
518	1.747946357965457e-02	1.778279410038923e-02
523	1.729264082534421e-02	1.737800828749375e-02
529	1.681109809341164e-02	1.698243652461744e-02
537	1.580927449932812e-02	1.584893192461113e-02
539	1.520446669763631e-02	1.548816618912481e-02
541	1.498394051844043e-02	1.513561248436208e-02
546	1.477964969271917e-02	1.479108388168207e-02
551	1.440249898703316e-02	1.445439770745927e-02
553	1.389301412883270e-02	1.412537544622754e-02
554	1.378128434589310e-02	1.380384264602885e-02
569	1.346973501664273e-02	1.348962882591653e-02
571	1.279856078213271e-02	1.288249551693134e-02
573	1.243103150173053e-02	1.258925411794167e-02
575	1.228819747673260e-02	1.230268770812382e-02
577	1.200627338760385e-02	1.202264434617413e-02
580	1.154813754777118e-02	1.174897554939530e-02
581	1.141646415998376e-02	1.148153621496883e-02
597	1.120020633901186e-02	1.122018454301964e-02
605	1.095942879259337e-02	1.096478196143185e-02
608	1.068802751059095e-02	1.071519305237606e-02
620	1.029694365326639e-02	1.047128548050900e-02
622	1.006093157261911e-02	1.023292992280754e-02
625	9.957297771720164e-03	1.000000000000000e-02
632	9.740329320042651e-03	9.772372209558112e-03
643	9.517535743837735e-03	9.549925860214359e-03
648	9.317303636433238e-03	9.332543007969915e-03
656	9.073603776656225e-03	9.120108393559097e-03
657	8.817471506229690e-03	8.912509381337459e-03
658	8.653381993975140e-03	8.709635899560805e-03
664	8.428233302384180e-03	8.511380382023767e-03
678	8.314078985856455e-03	8.317637711026709e-03
691	8.070026157120269e-03	8.128305161640995e-03
694	7.737642712806858e-03	7.762471166286920e-03
695	7.331868056517532e-03	7.413102413009177e-03
703	7.224286647144473e-03	7.244359600749898e-03
708	6.830459629053931e-03	6.918309709189363e-03
713	6.712045202112105e-03	6.760829753919818e-03
718	6.541829668191168e-03	6.606934480075957e-03
733	6.364925926903520e-03	6.456542290346556e-03
737	6.298881187133398e-03	6.309573444801930e-03
745	6.051993958929636e-03	6.165950018614822e-03
746	6.005128034683338e-03	6.025595860743574e-03
761	5.886947040324331e-03	5.888436553555890e-03
767	5.697366645328605e-03	5.754399373371567e-03
771	5.349699614678460e-03	5.370317963702527e-03
780	5.242140374434601e-03	5.248074602497728e-03
802	5.110845637464445e-03	5.128613839913648e-03
819	4.923777573548005e-03	5.011872336272725e-03
828	4.874432689597308e-03	4.897788193684461e-03
847	4.785215336616910e-03	4.786300923226385e-03
858	4.645099327846625e-03	4.677351412871981e-03
859	4.407730206121618e-03	4.466835921509630e-03
865	4.114226478836636e-03	4.168693834703355e-03
874	4.057455593450610e-03	4.073802778041126e-03
884	3.970992387267169e-03	3.981071705534973e-03
890	3.883752744604063e-03	3.890451449942805e-03
896	3.795989924350485e-03	3.801893963205613e-03
901	3.711411443221513e-03	3.715352290971724e-03
911	3.511308537851754e-03	3.548133892335753e-03
923	3.459274217224695e-03	3.467368504525317e-03
936	3.387964849758451e-03	3.388441561392024e-03
960	3.310592414875968e-03	3.311311214825911e-03
982	3.223435246347384e-03	3.235936569296281e-03
989	3.153611535345102e-03	3.162277660168379e-03
1008	3.010511137838789e-03	3.019951720402016e-03
1019	2.942490852866131e-03	2.951209226666387e-03
1036	2.859880314249552e-03	2.884031503126605e-03
1053	2.816531811106859e-03	2.818382931264455e-03
1082	2.745383816314728e-03	2.754228703338166e-03
1114	2.691186716306637e-03	2.691534803926917e-03
1135	2.602410222351748e-03	2.630267991895381e-03
1170	2.569792695896744e-03	2.570395782768865e-03
1202	2.505401524140249e-03	2.511886431509579e-03
1232	2.449637578447628e-03	2.454708915685031e-03
1261	2.388737987626399e-03	2.398832919019490e-03
1297	2.319421035946290e-03	2.344228815319923e-03
1303	2.288351342669914e-03	2.290867652767772e-03
1331	2.238706191400430e-03	2.238721138568340e-03
1402	2.187756714289057e-03	2.187761623949552e-03
1453	2.135571304056394e-03	2.137962089502233e-03
1509	2.087713136319946e-03	2.089296130854039e-03
1606	2.037706110980309e-03	2.041737944669530e-03
1671	1.976123290241327e-03	1.995262314968879e-03
1717	1.949755779859896e-03	1.949844599758046e-03
1733	1.901224036226501e-03	1.905460717963246e-03
1789	1.861927592551771e-03	1.862087136662868e-03
1847	1.819419115987375e-03	1.819700858609983e-03
1998	1.778054020096342e-03	1.778279410038923e-03
2115	1.736753782524914e-03	1.737800828749376e-03
2197	1.676486715577852e-03	1.698243652461744e-03
2217	1.658430989005644e-03	1.659586907437561e-03
2381	1.618920911774957e-03	1.621810097358930e-03
2511	1.579104760899064e-03	1.584893192461114e-03
2701	1.548553888527038e-03	1.548816618912481e-03
2996	1.511813466575251e-03	1.513561248436209e-03
3213	1.473232460212359e-03	1.479108388168207e-03
3362	1.442528366803919e-03	1.445439770745928e-03
3738	1.411991003768431e-03	1.412537544622754e-03
4012	1.379959851255275e-03	1.380384264602885e-03
4918	1.035040413669197e-03	1.047128548050900e-03
4954	1.013314318010106e-03	1.023292992280754e-03
5125	9.967653872735571e-04	1.000000000000000e-03
5727	9.771761230109588e-04	9.772372209558111e-04
5829	9.541633726456444e-04	9.549925860214359e-04
6908	9.332466307051535e-04	9.332543007969915e-04
8002	9.144279129319477e-04	9.332543007969915e-04
%
% index = 27, name = bbob_f001_i17_d02__bbob_f006_i18_d02
% instance = 8, reference value = 9.909064225550660e-01
% function evaluation | indicator value | target hit
1	4.441426464919128e-01	4.466835921509631e-01
200	3.243680221073519e-01	3.311311214825911e-01
248	1.723911647033631e-01	1.737800828749375e-01
260	1.527109655263920e-01	1.548816618912481e-01
285	7.571709865976317e-02	7.585775750291836e-02
414	7.281984018824872e-02	7.413102413009177e-02
437	6.688440938295270e-02	6.760829753919818e-02
445	3.948823355189812e-02	3.981071705534973e-02
660	3.405324200809490e-02	3.467368504525317e-02
702	3.375464192622291e-02	3.388441561392026e-02
730	3.288912165786295e-02	3.311311214825911e-02
981	3.204360001737783e-02	3.235936569296283e-02
1068	2.996340501047245e-02	3.019951720402016e-02
1221	2.899006020685102e-02	2.951209226666385e-02
1625	2.880726554079982e-02	2.884031503126606e-02
1670	2.805581592160122e-02	2.818382931264454e-02
1731	2.742852252603167e-02	2.754228703338166e-02
1891	2.639005149167950e-02	2.691534803926915e-02
1926	2.620744977045930e-02	2.630267991895381e-02
2036	2.419867180285495e-02	2.454708915685030e-02
2074	2.250540597935813e-02	2.290867652767773e-02
2288	2.238641239203332e-02	2.238721138568340e-02
2361	2.183240473341008e-02	2.187761623949553e-02
2435	2.122744118333519e-02	2.137962089502233e-02
2564	1.943276044630138e-02	1.949844599758046e-02
2811	1.853744816746428e-02	1.862087136662868e-02
2954	1.810950053232951e-02	1.819700858609984e-02
2973	1.746812768464068e-02	1.778279410038923e-02
3002	1.680904060868216e-02	1.698243652461744e-02
3077	1.619255628723815e-02	1.621810097358930e-02
3174	1.511212036259635e-02	1.513561248436208e-02
3334	1.332714884191410e-02	1.348962882591653e-02
3499	1.228684753225240e-02	1.230268770812382e-02
3563	1.078063397882290e-02	1.096478196143185e-02
3618	1.064477327818991e-02	1.071519305237606e-02
3815	9.162188394922000e-03	9.332543007969915e-03
3872	8.972965279624767e-03	9.120108393559097e-03
3945	8.172291881215266e-03	8.317637711026709e-03
3960	7.576730764235928e-03	7.585775750291836e-03
4829	4.894697664372782e-03	4.897788193684461e-03
4968	3.672488781354843e-03	3.715352290971724e-03
4972	3.606260405646822e-03	3.630780547701014e-03
4983	3.365482093984240e-03	3.388441561392024e-03
4996	3.298140131136384e-03	3.311311214825911e-03
5030	3.207623081206479e-03	3.235936569296281e-03
5056	3.147977082513798e-03	3.162277660168379e-03
5133	3.083985700698122e-03	3.090295432513592e-03
5171	3.011463183115071e-03	3.019951720402016e-03
5274	2.949589758574400e-03	2.951209226666387e-03
5382	1.999449454310520e-03	2.041737944669530e-03
5397	1.992889654665153e-03	1.995262314968879e-03
5411	1.923354902462537e-03	1.949844599758046e-03
5447	1.544485289793784e-03	1.548816618912481e-03
5532	1.480889160048404e-03	1.513561248436209e-03
5549	1.478889495469704e-03	1.479108388168207e-03
5567	1.410160116082637e-03	1.412537544622754e-03
5594	1.372910476754252e-03	1.380384264602885e-03
5617	9.251773192663348e-04	9.332543007969915e-04
5683	9.119252554803392e-04	9.120108393559096e-04
5702	6.927639524811902e-04	7.079457843841380e-04
5728	6.917098538880007e-04	6.918309709189362e-04
5767	5.922609687349922e-04	6.025595860743575e-04
5768	5.545788506929883e-04	5.623413251903491e-04
5777	5.461418364973714e-04	5.495408738576248e-04
5781	5.313091978471629e-04	5.370317963702527e-04
5817	5.233861625122405e-04	5.248074602497728e-04
5899	5.123952655232689e-04	5.128613839913648e-04
5956	4.990452073085905e-04	5.011872336272725e-04
6008	2.899686859115791e-04	2.951209226666387e-04
6021	2.881797876000958e-04	2.884031503126605e-04
6028	2.813963837224875e-04	2.818382931264455e-04
6093	2.753994212888466e-04	2.754228703338166e-04
6184	1.920718269806665e-04	1.949844599758046e-04
6192	1.905422830058567e-04	1.905460717963246e-04
6235	1.856069580912223e-04	1.862087136662868e-04
6265	1.819673667959876e-04	1.819700858609983e-04
6283	1.480457119517053e-04	1.513561248436209e-04
6289	1.479066570477805e-04	1.479108388168207e-04
6445	1.389957966545508e-04	1.412537544622754e-04
6509	1.380238057019367e-04	1.380384264602885e-04
6590	1.345740865429379e-04	1.348962882591653e-04
6661	1.315908409892375e-04	1.318256738556407e-04
6784	1.203001040482876e-04	1.230268770812381e-04
6789	1.202194797866873e-04	1.202264434617413e-04
6961	1.174641581364044e-04	1.174897554939529e-04
6995	1.110668856738606e-04	1.122018454301963e-04
7073	1.096334922041642e-04	1.096478196143185e-04
7078	1.064081633626035e-04	1.071519305237606e-04
7163	1.047077039200150e-04	1.047128548050900e-04
7377	1.022036984162922e-04	1.023292992280754e-04
7495	9.949080941096256e-05	1.000000000000000e-04
7670	9.771766557276074e-05	9.772372209558111e-05
7861	9.549753594506605e-05	9.549925860214369e-05
8002	9.452349236871438e-05	9.549925860214369e-05
%
% index = 28, name = bbob_f001_i19_d02__bbob_f006_i21_d02
% instance = 9, reference value = 8.130187864547350e-01
% function evaluation | indicator value | target hit
1	3.583995337756321e-01	3.630780547701014e-01
8	2.928798956667845e-01	2.951209226666385e-01
228	2.693096534853173e-01	2.754228703338166e-01
314	2.374921095952737e-01	2.398832919019490e-01
364	2.297159107222311e-01	2.344228815319922e-01
455	2.227241756434755e-01	2.238721138568339e-01
460	2.120229916356356e-01	2.137962089502232e-01
490	2.086228123678475e-01	2.089296130854039e-01
518	2.028161598512059e-01	2.041737944669530e-01
532	1.972261430750343e-01	1.995262314968880e-01
534	1.924619233428296e-01	1.949844599758045e-01
535	1.889867046552575e-01	1.905460717963247e-01
537	1.859105790885951e-01	1.862087136662867e-01
548	1.786550800756721e-01	1.819700858609984e-01
549	1.744458056119779e-01	1.778279410038923e-01
558	1.350241028111202e-01	1.380384264602885e-01
559	1.347674826243661e-01	1.348962882591654e-01
568	1.237704092616497e-01	1.258925411794167e-01
569	1.221425473685647e-01	1.230268770812381e-01
593	1.194607178619742e-01	1.202264434617413e-01
596	1.135278143486799e-01	1.148153621496883e-01
604	1.060053238246405e-01	1.071519305237607e-01
605	7.751270586987447e-02	7.762471166286916e-02
611	6.796747047003737e-02	6.918309709189366e-02
612	6.043910798305807e-02	6.165950018614822e-02
615	5.972689098879402e-02	6.025595860743578e-02
619	5.792507703196936e-02	5.888436553555890e-02
622	5.676016364217706e-02	5.754399373371569e-02
629	4.793049806495608e-02	4.897788193684462e-02
635	4.579933568876171e-02	4.677351412871981e-02
642	4.532164197694244e-02	4.570881896148749e-02
645	4.403551007891626e-02	4.466835921509630e-02
647	4.229026154857951e-02	4.265795188015926e-02
649	4.123557979046089e-02	4.168693834703355e-02
656	4.060857351748581e-02	4.073802778041128e-02
660	3.844045550490383e-02	3.890451449942807e-02
674	3.657805655328128e-02	3.715352290971726e-02
679	3.628512320456811e-02	3.630780547701014e-02
686	3.539434112827611e-02	3.548133892335755e-02
693	3.424570261822302e-02	3.467368504525317e-02
694	3.326453480621416e-02	3.388441561392026e-02
696	3.241939346795597e-02	3.311311214825911e-02
704	3.228964858289762e-02	3.235936569296283e-02
713	2.938849673032140e-02	2.951209226666385e-02
722	2.792598577781125e-02	2.818382931264454e-02
724	2.722503224635520e-02	2.754228703338166e-02
725	2.582584191794834e-02	2.630267991895381e-02
726	2.538872268756698e-02	2.570395782768863e-02
730	2.388886990107564e-02	2.398832919019490e-02
739	2.322137201208696e-02	2.344228815319923e-02
741	2.276119056561443e-02	2.290867652767773e-02
754	2.217374723341614e-02	2.238721138568340e-02
757	2.016389453175360e-02	2.041737944669529e-02
762	1.991403361181254e-02	1.995262314968880e-02
766	1.939097493360109e-02	1.949844599758046e-02
774	1.794714983605383e-02	1.819700858609984e-02
777	1.758196215579733e-02	1.778279410038923e-02
780	1.665761115809550e-02	1.698243652461744e-02
782	1.654963019133238e-02	1.659586907437561e-02
788	1.615591382921933e-02	1.621810097358930e-02
789	1.547546977130465e-02	1.548816618912481e-02
790	1.513149375954703e-02	1.513561248436208e-02
802	1.478217996807096e-02	1.479108388168207e-02
815	1.430467473997543e-02	1.445439770745927e-02
825	1.366992650373811e-02	1.380384264602885e-02
835	1.346675172830414e-02	1.348962882591653e-02
838	1.304905443445603e-02	1.318256738556407e-02
839	1.277013008554506e-02	1.288249551693134e-02
842	1.239510127203935e-02	1.258925411794167e-02
845	1.226106718966335e-02	1.230268770812382e-02
847	1.196074741088171e-02	1.202264434617413e-02
856	1.171007435412041e-02	1.174897554939530e-02
862	1.060059189504081e-02	1.071519305237606e-02
863	1.011205900254863e-02	1.023292992280754e-02
865	9.894684674360610e-03	1.000000000000000e-02
874	9.769989443916383e-03	9.772372209558112e-03
893	9.465701370013124e-03	9.549925860214359e-03
895	9.281181571413111e-03	9.332543007969915e-03
901	8.898767130705476e-03	8.912509381337459e-03
906	8.582543743076987e-03	8.709635899560805e-03
908	8.443584495007150e-03	8.511380382023767e-03
918	8.311499487264618e-03	8.317637711026709e-03
921	7.977041955682718e-03	8.128305161640995e-03
924	7.899178412731911e-03	7.943282347242814e-03
931	7.758403180386675e-03	7.762471166286920e-03
935	7.168345263959708e-03	7.244359600749898e-03
937	7.059844257977343e-03	7.079457843841380e-03
943	6.910244004696753e-03	6.918309709189363e-03
948	6.687673382789527e-03	6.760829753919818e-03
955	6.501687602144202e-03	6.606934480075957e-03
959	6.428159208711204e-03	6.456542290346556e-03
970	6.296034313571175e-03	6.309573444801930e-03
982	6.155123990921996e-03	6.165950018614822e-03
987	5.966786051519790e-03	6.025595860743574e-03
995	5.887463317697628e-03	5.888436553555890e-03
997	5.746891786055586e-03	5.754399373371567e-03
1009	5.619953493382623e-03	5.623413251903491e-03
1029	5.491299490318458e-03	5.495408738576248e-03
1032	5.283770662868559e-03	5.370317963702527e-03
1033	5.120748626423643e-03	5.128613839913648e-03
1052	4.995004031559280e-03	5.011872336272725e-03
1056	4.821781579929185e-03	4.897788193684461e-03
1066	4.786069840234553e-03	4.786300923226385e-03
1067	4.549278622109187e-03	4.570881896148752e-03
1078	4.462293304963727e-03	4.466835921509630e-03
1089	4.361281682881968e-03	4.365158322401661e-03
1093	4.239328748315674e-03	4.265795188015926e-03
1102	4.153899741937472e-03	4.168693834703355e-03
1113	3.899708937779800e-03	3.981071705534973e-03
1116	3.889886239731521e-03	3.890451449942805e-03
1122	3.797628569913947e-03	3.801893963205613e-03
1129	3.680489392982489e-03	3.715352290971724e-03
1138	3.629615760667892e-03	3.630780547701014e-03
1151	3.547115467296358e-03	3.548133892335753e-03
1179	3.464156793868356e-03	3.467368504525317e-03
1186	3.385657988591140e-03	3.388441561392024e-03
1193	3.194673272775117e-03	3.235936569296281e-03
1197	3.160506745224834e-03	3.162277660168379e-03
1210	3.049819936721487e-03	3.090295432513592e-03
1221	3.005399362274619e-03	3.019951720402016e-03
1228	2.929198327402682e-03	2.951209226666387e-03
1236	2.804191098607633e-03	2.818382931264455e-03
1245	2.753034978260960e-03	2.754228703338166e-03
1258	2.689490093409685e-03	2.691534803926917e-03
1269	2.600723944449101e-03	2.630267991895381e-03
1284	2.557721065016061e-03	2.570395782768865e-03
1295	2.510099617095696e-03	2.511886431509579e-03
1306	2.407575653911920e-03	2.454708915685031e-03
1308	2.387380247866444e-03	2.398832919019490e-03
1314	2.323817900381830e-03	2.344228815319923e-03
1324	2.290175361976843e-03	2.290867652767772e-03
1339	2.229927725715508e-03	2.238721138568340e-03
1342	2.171072597874080e-03	2.187761623949552e-03
1347	2.128775957596751e-03	2.137962089502233e-03
1361	2.067620197673037e-03	2.089296130854039e-03
1374	2.037169146519302e-03	2.041737944669530e-03
1389	1.994297958084812e-03	1.995262314968879e-03
1403	1.949477005522282e-03	1.949844599758046e-03
1413	1.887283224725644e-03	1.905460717963246e-03
1421	1.794595068579152e-03	1.819700858609983e-03
1427	1.765023348381245e-03	1.778279410038923e-03
1441	1.727621734098905e-03	1.737800828749376e-03
1454	1.698083521071592e-03	1.698243652461744e-03
1471	1.657736896471862e-03	1.659586907437561e-03
1494	1.620423977524044e-03	1.621810097358930e-03
1497	1.536380047832298e-03	1.548816618912481e-03
1506	1.508094043138564e-03	1.513561248436209e-03
1520	1.473870929916576e-03	1.479108388168207e-03
1539	1.445025668358246e-03	1.445439770745928e-03
1542	1.400795214080541e-03	1.412537544622754e-03
1560	1.362662227559541e-03	1.380384264602885e-03
1573	1.348874107160225e-03	1.348962882591653e-03
1582	1.316785704936430e-03	1.318256738556408e-03
1594	1.285869522553051e-03	1.288249551693134e-03
1615	1.254911009436976e-03	1.258925411794167e-03
1618	1.225814195050745e-03	1.230268770812381e-03
1640	1.200603862229865e-03	1.202264434617413e-03
1665	1.174391852781009e-03	1.174897554939529e-03
1678	1.145778847353118e-03	1.148153621496883e-03
1681	1.121811562238562e-03	1.122018454301963e-03
1701	1.087653635867492e-03	1.096478196143185e-03
1712	1.062108207551593e-03	1.071519305237606e-03
1724	1.042338436731183e-03	1.047128548050900e-03
1756	1.022786195803094e-03	1.023292992280754e-03
1789	9.959574253255443e-04	1.000000000000000e-03
1815	9.768302085138014e-04	9.772372209558111e-04
1843	9.345046331015183e-04	9.549925860214359e-04
1846	9.319644457225218e-04	9.332543007969915e-04
1862	9.092444469891436e-04	9.120108393559096e-04
1881	8.901330276316344e-04	8.912509381337459e-04
1912	8.708704663521472e-04	8.709635899560805e-04
1955	8.509999384955780e-04	8.511380382023768e-04
1958	8.311537021653548e-04	8.317637711026709e-04
1996	8.123117637901522e-04	8.128305161640995e-04
2029	7.880617490840791e-04	7.943282347242813e-04
2052	7.755249830930788e-04	7.762471166286919e-04
2080	7.510291252678103e-04	7.585775750291835e-04
2110	7.157091078637823e-04	7.244359600749898e-04
2119	7.037833327505627e-04	7.079457843841380e-04
2131	6.910221676722506e-04	6.918309709189362e-04
2156	6.695859835146312e-04	6.760829753919819e-04
2186	6.562723780447755e-04	6.606934480075957e-04
2213	6.430659826320850e-04	6.456542290346556e-04
2262	6.240486735121786e-04	6.309573444801930e-04
2282	6.165840425460534e-04	6.165950018614823e-04
2317	6.023857955034240e-04	6.025595860743575e-04
2349	5.887597314412352e-04	5.888436553555889e-04
2364	5.738704377601378e-04	5.754399373371566e-04
2418	5.621134106267300e-04	5.623413251903491e-04
2470	5.495306085133711e-04	5.495408738576248e-04
2503	5.367548216274054e-04	5.370317963702527e-04
2544	5.203586634402457e-04	5.248074602497728e-04
2569	5.126405326779659e-04	5.128613839913648e-04
2617	5.002618262682779e-04	5.011872336272725e-04
2646	4.878314323834010e-04	4.897788193684461e-04
2664	4.657061714479216e-04	4.677351412871981e-04
2695	4.567367664795041e-04	4.570881896148752e-04
2720	4.463443129322231e-04	4.466835921509630e-04
2791	4.364282932581842e-04	4.365158322401661e-04
2833	4.265160876893992e-04	4.265795188015926e-04
2871	4.130689335553051e-04	4.168693834703355e-04
2920	4.073782186040376e-04	4.073802778041126e-04
2989	3.978518999805392e-04	3.981071705534974e-04
3023	3.871877270896773e-04	3.890451449942805e-04
3057	3.801008008306184e-04	3.801893963205612e-04
3111	3.713560663075599e-04	3.715352290971724e-04
3134	3.614663179003497e-04	3.630780547701014e-04
3191	3.547179444128856e-04	3.548133892335753e-04
3237	3.466156648828100e-04	3.467368504525317e-04
3306	3.388427269984673e-04	3.388441561392024e-04
3361	3.297403484696648e-04	3.311311214825911e-04
3401	3.235035122064467e-04	3.235936569296281e-04
3416	3.161520536983931e-04	3.162277660168379e-04
3480	3.090049728529110e-04	3.090295432513592e-04
3533	3.018646741772546e-04	3.019951720402016e-04
3608	2.947169706293273e-04	2.951209226666387e-04
3688	2.883934494272156e-04	2.884031503126605e-04
3774	2.817384139891521e-04	2.818382931264455e-04
3849	2.753983343841693e-04	2.754228703338166e-04
3910	2.672377628922806e-04	2.691534803926917e-04
3970	2.629964097846660e-04	2.630267991895381e-04
4038	2.570235198448012e-04	2.570395782768865e-04
4073	2.502379754323325e-04	2.511886431509580e-04
5488	2.454158795720529e-04	2.454708915685031e-04
5794	2.398185922365403e-04	2.398832919019490e-04
6189	2.344204011073270e-04	2.344228815319923e-04
6505	2.289434947373437e-04	2.290867652767772e-04
6783	2.238718501280657e-04	2.238721138568340e-04
6851	2.154802205227568e-04	2.187761623949552e-04
6924	2.137849252545898e-04	2.137962089502232e-04
7255	2.089256427609820e-04	2.089296130854039e-04
7390	2.023652700290368e-04	2.041737944669530e-04
7441	1.995111357170343e-04	1.995262314968879e-04
7587	1.949494327436740e-04	1.949844599758046e-04
7791	1.894119255242410e-04	1.905460717963246e-04
7859	1.861614169408332e-04	1.862087136662868e-04
8002	1.820356355588526e-04	1.862087136662868e-04
%
% index = 29, name = bbob_f001_i21_d02__bbob_f006_i22_d02
% instance = 10, reference value = 8.067756411411769e-01
% function evaluation | indicator value | target hit
1	2.598675954867177e+00	2.630267991895382e+00
137	1.738919401380677e+00	1.778279410038923e+00
236	1.163804676553830e+00	1.174897554939530e+00
412	7.119736662512612e-01	7.244359600749900e-01
418	4.052973892110835e-01	4.073802778041127e-01
439	3.049183328805983e-01	3.090295432513591e-01
449	2.745982771541186e-01	2.754228703338166e-01
466	2.002008976852397e-01	2.041737944669530e-01
500	1.674596494082313e-01	1.698243652461744e-01
501	1.566860605059326e-01	1.584893192461113e-01
524	1.308898959306773e-01	1.318256738556407e-01
525	1.192606519430784e-01	1.202264434617413e-01
526	1.074643228792459e-01	1.096478196143185e-01
532	9.467698164742944e-02	9.549925860214359e-02
547	9.000003914987664e-02	9.120108393559097e-02
548	8.516050961321575e-02	8.709635899560805e-02
554	8.467657102906700e-02	8.511380382023763e-02
565	8.312304543986893e-02	8.317637711026708e-02
583	7.892844128684084e-02	7.943282347242814e-02
596	6.599442371965025e-02	6.606934480075961e-02
601	6.423037946019239e-02	6.456542290346556e-02
616	6.236171188788442e-02	6.309573444801933e-02
618	6.108331341767526e-02	6.165950018614822e-02
619	5.845671592549118e-02	5.888436553555890e-02
635	5.734232691443475e-02	5.754399373371569e-02
644	5.590966937138064e-02	5.623413251903491e-02
647	5.466349155373018e-02	5.495408738576246e-02
651	5.324706006450874e-02	5.370317963702527e-02
655	5.239325429700303e-02	5.248074602497726e-02
656	4.983642234475238e-02	5.011872336272722e-02
659	4.794869071871344e-02	4.897788193684462e-02
663	4.575145035797146e-02	4.677351412871981e-02
667	4.525503646133300e-02	4.570881896148749e-02
679	4.455195744236040e-02	4.466835921509630e-02
692	4.198652665757507e-02	4.265795188015926e-02
693	4.118261986309024e-02	4.168693834703355e-02
714	4.066643332371378e-02	4.073802778041128e-02
726	3.979540086626399e-02	3.981071705534973e-02
728	2.436393309603113e-02	2.454708915685030e-02
730	2.357105263288950e-02	2.398832919019490e-02
732	2.307097458395224e-02	2.344228815319923e-02
738	2.283019959391586e-02	2.290867652767773e-02
741	2.201838928921329e-02	2.238721138568340e-02
750	2.178708501685089e-02	2.187761623949553e-02
764	2.130506430643375e-02	2.137962089502233e-02
766	2.086718917280228e-02	2.089296130854040e-02
776	1.999872986766926e-02	2.041737944669529e-02
782	1.913374764420928e-02	1.949844599758046e-02
784	1.900248241923430e-02	1.905460717963247e-02
787	1.861176291975386e-02	1.862087136662868e-02
807	1.816162907740515e-02	1.819700858609984e-02
811	1.514381890113237e-02	1.548816618912481e-02
812	1.509206140113839e-02	1.513561248436208e-02
817	1.453564082155245e-02	1.479108388168207e-02
821	1.443460144017128e-02	1.445439770745927e-02
826	1.404060965675891e-02	1.412537544622754e-02
839	1.379677612229468e-02	1.380384264602885e-02
842	1.333561445118248e-02	1.348962882591653e-02
854	1.317995286819429e-02	1.318256738556407e-02
862	1.287370784434094e-02	1.288249551693134e-02
874	1.017245086074703e-02	1.023292992280754e-02
889	9.997479730572856e-03	1.000000000000000e-02
899	9.771754883160733e-03	9.772372209558112e-03
911	9.477049826136286e-03	9.549925860214359e-03
915	9.116566850085661e-03	9.120108393559097e-03
929	8.541012291981009e-03	8.709635899560805e-03
935	8.493493566813393e-03	8.511380382023767e-03
946	7.965347955480762e-03	8.128305161640995e-03
949	7.903890092054611e-03	7.943282347242814e-03
952	7.755032597462574e-03	7.762471166286920e-03
968	7.582714233660304e-03	7.585775750291836e-03
974	7.409769996991167e-03	7.413102413009177e-03
982	7.143117187127457e-03	7.244359600749898e-03
987	7.054521066262365e-03	7.079457843841380e-03
1000	6.842470607469453e-03	6.918309709189363e-03
1007	6.734131055200598e-03	6.760829753919818e-03
1024	6.599567574324117e-03	6.606934480075957e-03
1052	6.400468879355969e-03	6.456542290346556e-03
1059	6.232266279945886e-03	6.309573444801930e-03
1075	6.156774772265616e-03	6.165950018614822e-03
1101	5.989852878031665e-03	6.025595860743574e-03
1116	5.884046460671866e-03	5.888436553555890e-03
1138	5.705137853384890e-03	5.754399373371567e-03
1162	5.618031957010605e-03	5.623413251903491e-03
1185	3.868645882230570e-03	3.890451449942805e-03
1190	3.738241873137649e-03	3.801893963205613e-03
1199	3.711657554572478e-03	3.715352290971724e-03
1233	3.603357375108085e-03	3.630780547701014e-03
1252	3.472193803142343e-03	3.548133892335753e-03
1253	3.461840730676347e-03	3.467368504525317e-03
1266	3.359213209064738e-03	3.388441561392024e-03
1279	3.310331742842343e-03	3.311311214825911e-03
1325	3.233553660871968e-03	3.235936569296281e-03
1354	3.155488438658316e-03	3.162277660168379e-03
1369	3.049812436537125e-03	3.090295432513592e-03
1384	3.018433640598728e-03	3.019951720402016e-03
1418	2.949682388213359e-03	2.951209226666387e-03
1431	2.078751253841049e-03	2.089296130854039e-03
1456	1.684958292156868e-03	1.698243652461744e-03
1458	1.515803549959172e-03	1.548816618912481e-03
1459	1.512190966883264e-03	1.513561248436209e-03
1483	1.465752656938046e-03	1.479108388168207e-03
1499	1.427206697971140e-03	1.445439770745928e-03
1518	1.410050375045713e-03	1.412537544622754e-03
1536	1.380146750021627e-03	1.380384264602885e-03
1542	1.304383497795492e-03	1.318256738556408e-03
1558	1.285659252721838e-03	1.288249551693134e-03
1585	1.257349932462959e-03	1.258925411794167e-03
1619	1.229000350719711e-03	1.230268770812381e-03
1643	1.201943310754294e-03	1.202264434617413e-03
1672	1.135971691416882e-03	1.148153621496883e-03
1695	1.115290770183686e-03	1.122018454301963e-03
1720	1.095891051423603e-03	1.096478196143185e-03
1764	1.071239487093645e-03	1.071519305237606e-03
1774	1.029478248636861e-03	1.047128548050900e-03
1779	1.008568131758647e-03	1.023292992280754e-03
1783	9.950094079971272e-04	1.000000000000000e-03
1828	9.758651829595566e-04	9.772372209558111e-04
1878	9.340307863374697e-04	9.549925860214359e-04
1880	9.330717667697108e-04	9.332543007969915e-04
1893	9.062581200280917e-04	9.120108393559096e-04
1938	8.911096728001500e-04	8.912509381337459e-04
2002	8.705894848933804e-04	8.709635899560805e-04
2073	8.499213038805076e-04	8.511380382023768e-04
2140	8.316169529624107e-04	8.317637711026709e-04
2174	7.995172874332157e-04	8.128305161640995e-04
2191	7.942309420159166e-04	7.943282347242813e-04
2212	7.669539181152096e-04	7.762471166286919e-04
2232	7.571457362547385e-04	7.585775750291835e-04
2264	7.410822311282317e-04	7.413102413009177e-04
2296	7.225111400106510e-04	7.244359600749898e-04
2320	7.026938631776725e-04	7.079457843841380e-04
2363	6.858139477126102e-04	6.918309709189362e-04
2385	6.752156281581989e-04	6.760829753919819e-04
2410	6.595185763017541e-04	6.606934480075957e-04
2451	6.370138551295979e-04	6.456542290346556e-04
2477	6.309424521667717e-04	6.309573444801930e-04
2505	6.080637980907522e-04	6.165950018614823e-04
2513	5.996531581281550e-04	6.025595860743575e-04
2547	5.818433560248470e-04	5.888436553555889e-04
2568	5.749476621329519e-04	5.754399373371566e-04
2603	5.606937223998631e-04	5.623413251903491e-04
2647	5.449953196007273e-04	5.495408738576248e-04
2680	5.362456186972508e-04	5.370317963702527e-04
2705	5.236772674023227e-04	5.248074602497728e-04
2737	5.127384662746426e-04	5.128613839913648e-04
2778	5.011683440141468e-04	5.011872336272725e-04
2817	4.883719309564105e-04	4.897788193684461e-04
2892	4.786161127161570e-04	4.786300923226385e-04
2930	4.674369249328958e-04	4.677351412871981e-04
2975	4.569443966822018e-04	4.570881896148752e-04
3057	4.464473529851576e-04	4.466835921509630e-04
3127	4.361558372588670e-04	4.365158322401661e-04
3202	4.264091596688502e-04	4.265795188015926e-04
3277	4.163487698275459e-04	4.168693834703355e-04
3353	4.073483777841114e-04	4.073802778041126e-04
3448	3.980151195034365e-04	3.981071705534974e-04
3517	3.883877904743427e-04	3.890451449942805e-04
3543	3.799212057767898e-04	3.801893963205612e-04
3568	3.704156070900577e-04	3.715352290971724e-04
3581	3.628518501077593e-04	3.630780547701014e-04
3602	3.547360973551461e-04	3.548133892335753e-04
3648	3.386442059553074e-04	3.388441561392024e-04
3711	3.309082594352697e-04	3.311311214825911e-04
3742	3.231274801346329e-04	3.235936569296281e-04
3780	3.154895548058700e-04	3.162277660168379e-04
3867	3.088270581562691e-04	3.090295432513592e-04
3937	3.016765434328272e-04	3.019951720402016e-04
4008	2.951193710895028e-04	2.951209226666387e-04
4047	2.880024869392761e-04	2.884031503126605e-04
4076	2.807919452594287e-04	2.818382931264455e-04
8002	2.804186852690682e-04	2.818382931264455e-04
