%
% index = 110, name = bbob_f002_i02_d02__bbob_f006_i04_d02
% instance = 1, reference value = 9.810189239520810e-01
% function evaluation | indicator value | target hit
1	1.518355439012008e+01	1.548816618912481e+01
135	1.496123001931701e+01	1.513561248436208e+01
163	7.642477373242087e+00	7.762471166286917e+00
273	1.453137290813081e+00	1.479108388168207e+00
376	3.929680466990594e-01	3.981071705534972e-01
522	2.854834733330949e-01	2.884031503126606e-01
566	2.688518406035098e-01	2.691534803926916e-01
630	1.102243868333344e-01	1.122018454301964e-01
638	1.077841800129211e-01	1.096478196143185e-01
654	8.584690703443465e-02	8.709635899560805e-02
655	8.023534897506202e-02	8.128305161640990e-02
661	7.248077021297172e-02	7.413102413009177e-02
674	7.193617919232087e-02	7.244359600749903e-02
675	6.607793648930871e-02	6.760829753919818e-02
706	6.545519236204667e-02	6.606934480075961e-02
712	6.309973116201262e-02	6.456542290346556e-02
713	5.997359754947507e-02	6.025595860743578e-02
724	5.085803518764798e-02	5.128613839913648e-02
726	4.880753008450434e-02	4.897788193684462e-02
727	4.727783851719602e-02	4.786300923226382e-02
732	4.523285878130778e-02	4.570881896148749e-02
733	4.386464687848113e-02	4.466835921509630e-02
742	4.365116812267722e-02	4.365158322401658e-02
747	3.610994528939993e-02	3.630780547701014e-02
748	3.486242519221716e-02	3.548133892335755e-02
749	3.063476367056650e-02	3.090295432513590e-02
764	2.983712833740682e-02	3.019951720402016e-02
782	2.879711896923887e-02	2.884031503126606e-02
793	2.814310770777417e-02	2.818382931264454e-02
801	2.203881980768285e-02	2.238721138568340e-02
805	2.091904497522157e-02	2.137962089502233e-02
814	1.857730669603574e-02	1.862087136662868e-02
819	1.781098823053873e-02	1.819700858609984e-02
832	1.761055936579192e-02	1.778279410038923e-02
834	1.626375450264561e-02	1.659586907437561e-02
836	1.207152212024876e-02	1.230268770812382e-02
839	1.157135893831562e-02	1.174897554939530e-02
842	1.043298493794709e-02	1.047128548050900e-02
844	9.860950035729399e-03	1.000000000000000e-02
849	9.731559569380877e-03	9.772372209558112e-03
856	8.493442411449670e-03	8.511380382023767e-03
858	7.503032779140772e-03	7.585775750291836e-03
859	7.298288618953208e-03	7.413102413009177e-03
866	7.096722770243535e-03	7.244359600749898e-03
867	7.047939470324005e-03	7.079457843841380e-03
875	6.881709758843835e-03	6.918309709189363e-03
876	6.697528913015005e-03	6.760829753919818e-03
881	5.354289023922321e-03	5.370317963702527e-03
882	5.235577267526104e-03	5.248074602497728e-03
888	4.777750425731808e-03	4.786300923226385e-03
893	4.555003884903486e-03	4.570881896148752e-03
897	4.464866001065659e-03	4.466835921509630e-03
906	4.311224422673177e-03	4.365158322401661e-03
910	4.080145827824122e-03	4.168693834703355e-03
913	4.028537795794707e-03	4.073802778041126e-03
924	3.954857587247118e-03	3.981071705534973e-03
926	3.824071028760700e-03	3.890451449942805e-03
928	3.798931738192013e-03	3.801893963205613e-03
931	2.508608099694554e-03	2.511886431509579e-03
941	2.166933592479880e-03	2.187761623949552e-03
942	2.134934014430434e-03	2.137962089502233e-03
952	2.054343110085677e-03	2.089296130854039e-03
956	1.930831421077528e-03	1.949844599758046e-03
960	1.895368659168617e-03	1.905460717963246e-03
963	1.764823976239782e-03	1.778279410038923e-03
966	1.697803860507885e-03	1.698243652461744e-03
967	1.557288775883459e-03	1.584893192461114e-03
969	1.520891539383507e-03	1.548816618912481e-03
970	1.480634976342210e-03	1.513561248436209e-03
974	1.441039260904553e-03	1.445439770745928e-03
976	1.409258664033852e-03	1.412537544622754e-03
983	1.343212864572396e-03	1.348962882591653e-03
987	1.317418345952670e-03	1.318256738556408e-03
988	1.280792457569513e-03	1.288249551693134e-03
992	1.245013131109141e-03	1.258925411794167e-03
999	1.223686518138201e-03	1.230268770812381e-03
1003	1.179257650350540e-03	1.202264434617413e-03
1004	1.172110537083548e-03	1.174897554939529e-03
1009	1.147153467823459e-03	1.148153621496883e-03
1012	1.121039053066486e-03	1.122018454301963e-03
1017	1.092942846902756e-03	1.096478196143185e-03
1024	1.019961057574292e-03	1.023292992280754e-03
1029	9.885853421350843e-04	1.000000000000000e-03
1030	9.686854101491615e-04	9.772372209558111e-04
1031	9.436115855419036e-04	9.549925860214359e-04
1033	9.224486868906201e-04	9.332543007969915e-04
1034	9.027718354438496e-04	9.120108393559096e-04
1038	8.840210709106788e-04	8.912509381337459e-04
1040	8.631498009571414e-04	8.709635899560805e-04
1044	8.422852883136489e-04	8.511380382023768e-04
1047	8.257589820606093e-04	8.317637711026709e-04
1055	8.108612944941473e-04	8.128305161640995e-04
1061	7.930922712837685e-04	7.943282347242813e-04
1070	7.715647456669750e-04	7.762471166286919e-04
1074	7.515932484779553e-04	7.585775750291835e-04
1076	7.280401043864293e-04	7.413102413009177e-04
1077	7.223114068797276e-04	7.244359600749898e-04
1082	7.051106267897955e-04	7.079457843841380e-04
1086	6.789115285944503e-04	6.918309709189362e-04
1087	6.717087122787291e-04	6.760829753919819e-04
1088	6.588402995628684e-04	6.606934480075957e-04
1091	6.376811289938722e-04	6.456542290346556e-04
1094	6.238040197967809e-04	6.309573444801930e-04
1096	6.071570531297477e-04	6.165950018614823e-04
1099	6.018325137225888e-04	6.025595860743575e-04
1113	5.854292047302589e-04	5.888436553555889e-04
1122	5.710655055058966e-04	5.754399373371566e-04
1124	5.616996018028564e-04	5.623413251903491e-04
1129	5.493957012915329e-04	5.495408738576248e-04
1138	5.291221563508142e-04	5.370317963702527e-04
1144	5.241167064191643e-04	5.248074602497728e-04
1155	5.108351746313522e-04	5.128613839913648e-04
1164	4.978883734289008e-04	5.011872336272725e-04
1168	4.878156676344503e-04	4.897788193684461e-04
1174	4.762914164332388e-04	4.786300923226385e-04
1182	4.667858490996490e-04	4.677351412871981e-04
1196	4.556512531097567e-04	4.570881896148752e-04
1205	4.446305726771849e-04	4.466835921509630e-04
1214	4.359314506190426e-04	4.365158322401661e-04
1226	4.256071825954333e-04	4.265795188015926e-04
1230	4.147657951055761e-04	4.168693834703355e-04
1234	4.065234877006496e-04	4.073802778041126e-04
1248	3.944619071600819e-04	3.981071705534974e-04
1262	3.886972603240890e-04	3.890451449942805e-04
1274	3.798469660327708e-04	3.801893963205612e-04
1283	3.695457844337113e-04	3.715352290971724e-04
1298	3.620745073834586e-04	3.630780547701014e-04
1307	3.434277891402049e-04	3.467368504525317e-04
1310	3.384301750405383e-04	3.388441561392024e-04
1320	3.310964832612395e-04	3.311311214825911e-04
1333	3.231119757638456e-04	3.235936569296281e-04
1355	3.159547808851970e-04	3.162277660168379e-04
1378	3.085517194225673e-04	3.090295432513592e-04
1402	3.012156262909294e-04	3.019951720402016e-04
1434	2.950546108569929e-04	2.951209226666387e-04
1471	2.880600951230550e-04	2.884031503126605e-04
1501	2.814086603032395e-04	2.818382931264455e-04
1520	2.663167706534741e-04	2.691534803926917e-04
1551	2.624147540734034e-04	2.630267991895381e-04
1561	2.518874803864035e-04	2.570395782768865e-04
1563	2.511469697421553e-04	2.511886431509580e-04
1581	2.454504864229934e-04	2.454708915685031e-04
1589	2.392689672744419e-04	2.398832919019490e-04
1603	2.334405697441699e-04	2.344228815319923e-04
1628	2.289980053394869e-04	2.290867652767772e-04
1654	2.225000043361014e-04	2.238721138568340e-04
1674	2.052185224287184e-04	2.089296130854039e-04
1679	2.041244186975488e-04	2.041737944669530e-04
1693	1.994589168810013e-04	1.995262314968879e-04
1719	1.946695050678571e-04	1.949844599758046e-04
1755	1.904997514963203e-04	1.905460717963246e-04
1805	1.860300723532937e-04	1.862087136662868e-04
1835	1.819031651709713e-04	1.819700858609983e-04
1863	1.776309895207273e-04	1.778279410038923e-04
1898	1.733188077853720e-04	1.737800828749376e-04
1902	1.690533755795975e-04	1.698243652461744e-04
1917	1.659370368094493e-04	1.659586907437562e-04
1963	1.620592146007738e-04	1.621810097358930e-04
1974	1.571887879603384e-04	1.584893192461114e-04
2006	1.548412812762967e-04	1.548816618912481e-04
2033	1.505941620569828e-04	1.513561248436209e-04
2079	1.478842213137321e-04	1.479108388168207e-04
2126	1.434563280416912e-04	1.445439770745928e-04
2153	1.407791488233778e-04	1.412537544622754e-04
2209	1.380189116684249e-04	1.380384264602885e-04
2268	1.341441299383961e-04	1.348962882591653e-04
2290	1.317069091612000e-04	1.318256738556407e-04
2333	1.288039686452302e-04	1.288249551693134e-04
2387	1.251606687663331e-04	1.258925411794167e-04
2435	1.229428720226355e-04	1.230268770812381e-04
2521	1.201880244664499e-04	1.202264434617413e-04
2610	1.171925364445991e-04	1.174897554939529e-04
2669	1.147357645202574e-04	1.148153621496883e-04
2731	1.121165011499503e-04	1.122018454301963e-04
2814	1.096094596357844e-04	1.096478196143185e-04
2891	1.071339660499993e-04	1.071519305237606e-04
3014	1.045817325749931e-04	1.047128548050900e-04
3139	1.023257833114855e-04	1.023292992280754e-04
3209	9.998716507386707e-05	1.000000000000000e-04
3375	9.770498633243641e-05	9.772372209558111e-05
3513	9.549800480390669e-05	9.549925860214369e-05
3617	9.319384453743140e-05	9.332543007969905e-05
3865	9.104716539520830e-05	9.120108393559096e-05
4006	8.910226339398086e-05	8.912509381337459e-05
4887	7.451464139240915e-05	7.585775750291836e-05
5605	7.412564451214632e-05	7.413102413009176e-05
6061	7.244241157655651e-05	7.244359600749906e-05
6497	7.079457112957321e-05	7.079457843841373e-05
6728	6.908705025820971e-05	6.918309709189363e-05
7041	6.758136225681888e-05	6.760829753919819e-05
7360	6.605363323075597e-05	6.606934480075965e-05
7546	6.447393531583412e-05	6.456542290346549e-05
7805	6.309485816224925e-05	6.309573444801929e-05
8002	6.263054844968252e-05	6.309573444801929e-05
%
% index = 111, name = bbob_f002_i03_d02__bbob_f006_i05_d02
% instance = 2, reference value = 9.999113931925800e-01
% function evaluation | indicator value | target hit
1	3.886052139082463e-01	3.890451449942806e-01
21	1.011420166032053e-01	1.023292992280754e-01
28	7.390104812740828e-02	7.413102413009177e-02
31	4.408054980422038e-02	4.466835921509630e-02
100	3.821748005856596e-02	3.890451449942807e-02
122	8.287747532378709e-03	8.317637711026709e-03
129	6.351374573008939e-03	6.456542290346556e-03
139	6.307979535087882e-03	6.309573444801930e-03
165	5.963470980765995e-03	6.025595860743574e-03
171	5.862996576427859e-03	5.888436553555890e-03
213	3.836632480035962e-03	3.890451449942805e-03
224	2.270645758383871e-03	2.290867652767772e-03
225	2.153895196301048e-03	2.187761623949552e-03
262	1.979753854534416e-03	1.995262314968879e-03
285	1.782291516973955e-03	1.819700858609983e-03
300	1.492201143838523e-03	1.513561248436209e-03
301	1.474658794274109e-03	1.479108388168207e-03
316	1.439788185120916e-03	1.445439770745928e-03
322	1.289904103904171e-03	1.318256738556408e-03
323	1.258327484755517e-03	1.258925411794167e-03
349	1.147294094951068e-03	1.148153621496883e-03
359	1.105625652761955e-03	1.122018454301963e-03
360	1.053647770028254e-03	1.071519305237606e-03
361	9.200273394992520e-04	9.332543007969915e-04
368	8.964988376236604e-04	9.120108393559096e-04
373	8.725363168150535e-04	8.912509381337459e-04
392	8.416019801652519e-04	8.511380382023768e-04
393	7.061815035536156e-04	7.079457843841380e-04
417	6.850322630463923e-04	6.918309709189362e-04
437	6.740445222552793e-04	6.760829753919819e-04
472	6.593290166634347e-04	6.606934480075957e-04
483	6.455619931587941e-04	6.456542290346556e-04
500	6.032426117541512e-04	6.165950018614823e-04
511	6.023821424548936e-04	6.025595860743575e-04
545	5.866520931332442e-04	5.888436553555889e-04
554	5.753633253114954e-04	5.754399373371566e-04
566	5.622063212388229e-04	5.623413251903491e-04
618	5.442056859523703e-04	5.495408738576248e-04
649	5.231131034170167e-04	5.248074602497728e-04
663	5.101227266708364e-04	5.128613839913648e-04
673	4.974251811615815e-04	5.011872336272725e-04
714	4.846221996481770e-04	4.897788193684461e-04
732	4.783149881822935e-04	4.786300923226385e-04
779	4.676313650920916e-04	4.677351412871981e-04
794	3.922193050248657e-04	3.981071705534974e-04
817	3.889954786545635e-04	3.890451449942805e-04
866	3.753846333041100e-04	3.801893963205612e-04
874	3.656133718021870e-04	3.715352290971724e-04
900	3.629493845721532e-04	3.630780547701014e-04
936	3.541135593331246e-04	3.548133892335753e-04
965	3.349665239122945e-04	3.388441561392024e-04
991	3.311169534899738e-04	3.311311214825911e-04
1045	3.235550582263436e-04	3.235936569296281e-04
1063	3.157079856469514e-04	3.162277660168379e-04
1148	3.087282691220938e-04	3.090295432513592e-04
1184	3.007128620701183e-04	3.019951720402016e-04
1224	2.950026457895216e-04	2.951209226666387e-04
1314	2.881112792618712e-04	2.884031503126605e-04
1450	2.815759321866951e-04	2.818382931264455e-04
1565	2.754076781773529e-04	2.754228703338166e-04
1664	2.688303054915187e-04	2.691534803926917e-04
1737	2.629270101179859e-04	2.630267991895381e-04
1822	2.569961577940649e-04	2.570395782768865e-04
1942	2.510333338655579e-04	2.511886431509580e-04
2016	2.454704554241127e-04	2.454708915685031e-04
2104	2.396549292393857e-04	2.398832919019490e-04
2210	2.343181078402479e-04	2.344228815319923e-04
2227	2.283976543792088e-04	2.290867652767772e-04
2328	2.238652045212230e-04	2.238721138568340e-04
2511	2.187504494778336e-04	2.187761623949552e-04
2707	2.136590989811893e-04	2.137962089502232e-04
2850	2.089023110428689e-04	2.089296130854039e-04
2981	2.038936921412438e-04	2.041737944669530e-04
3128	1.995163015344747e-04	1.995262314968879e-04
3307	1.949582963449714e-04	1.949844599758046e-04
3436	1.903431776009157e-04	1.905460717963246e-04
3511	1.861826794180566e-04	1.862087136662868e-04
3690	1.819667129041580e-04	1.819700858609983e-04
4002	1.776974275279342e-04	1.778279410038923e-04
4361	1.527109924817083e-04	1.548816618912481e-04
4433	1.462398558986777e-04	1.479108388168207e-04
4453	1.394758049658718e-04	1.412537544622754e-04
4503	1.220509982776674e-04	1.230268770812381e-04
4572	1.173957182551977e-04	1.174897554939529e-04
4647	1.141025532916951e-04	1.148153621496883e-04
4687	1.018152755676294e-04	1.023292992280754e-04
4689	9.987445396841821e-05	1.000000000000000e-04
4698	7.406923583008762e-05	7.413102413009176e-05
4701	7.005968837447973e-05	7.079457843841373e-05
4707	6.679785214624978e-05	6.760829753919819e-05
4739	6.526341333090713e-05	6.606934480075965e-05
4740	6.238302525585215e-05	6.309573444801929e-05
4757	5.957344277263132e-05	6.025595860743581e-05
4797	5.872164461095952e-05	5.888436553555884e-05
4832	5.699994016084009e-05	5.754399373371566e-05
4847	5.557631716313072e-05	5.623413251903491e-05
4850	5.447406942316046e-05	5.495408738576248e-05
4902	5.273357705859461e-05	5.370317963702532e-05
4923	5.245444237556018e-05	5.248074602497723e-05
4976	4.995503030447157e-05	5.011872336272725e-05
5011	4.893120650639737e-05	4.897788193684466e-05
5027	4.708841861167379e-05	4.786300923226380e-05
5028	4.676944141634998e-05	4.677351412871981e-05
5037	4.234533875846491e-05	4.265795188015926e-05
5089	4.162684084529911e-05	4.168693834703355e-05
5134	4.072274202870929e-05	4.073802778041130e-05
5216	3.950331056068457e-05	3.981071705534969e-05
5275	3.886708775191483e-05	3.890451449942805e-05
5336	3.792859172946361e-05	3.801893963205612e-05
5417	3.710622911989869e-05	3.715352290971728e-05
5455	3.628686269563364e-05	3.630780547701010e-05
5539	3.546905093587682e-05	3.548133892335753e-05
5665	3.466171092636472e-05	3.467368504525317e-05
5741	3.380855048384923e-05	3.388441561392028e-05
5809	3.304622309807659e-05	3.311311214825908e-05
5883	3.235035581261592e-05	3.235936569296281e-05
5999	3.161304486098970e-05	3.162277660168380e-05
6103	3.090014592443957e-05	3.090295432513592e-05
6249	3.019167694628955e-05	3.019951720402019e-05
6448	2.951205471879437e-05	2.951209226666384e-05
6535	2.825294039454640e-05	2.884031503126606e-05
6550	2.818340921284523e-05	2.818382931264455e-05
6612	2.736818475312930e-05	2.754228703338169e-05
6683	2.677781092863540e-05	2.691534803926914e-05
6792	2.580453335043753e-05	2.630267991895381e-05
6823	2.569017668585527e-05	2.570395782768864e-05
6828	2.505841642097550e-05	2.511886431509582e-05
6836	2.407342896837417e-05	2.454708915685029e-05
6853	2.397398722231436e-05	2.398832919019490e-05
6966	2.225064266891952e-05	2.238721138568338e-05
7011	2.150368706610450e-05	2.187761623949552e-05
7039	2.135938131209159e-05	2.137962089502232e-05
7125	2.077668120981091e-05	2.089296130854041e-05
7176	2.041559838050766e-05	2.041737944669527e-05
7202	1.416321892167005e-05	1.445439770745928e-05
7216	1.411975059451009e-05	1.412537544622755e-05
7227	1.168288790842631e-05	1.174897554939530e-05
7277	1.122861667357533e-05	1.148153621496882e-05
7280	7.917520932432254e-06	7.943282347242822e-06
7289	5.898879539945057e-06	6.025595860743581e-06
7290	5.766478245683437e-06	5.888436553555884e-06
7291	5.607209545233083e-06	5.623413251903491e-06
7298	5.488996869584817e-06	5.495408738576248e-06
7325	5.369562285362228e-06	5.370317963702533e-06
7331	5.174006141306364e-06	5.248074602497723e-06
7378	5.125876944456209e-06	5.128613839913648e-06
7489	5.011724667269846e-06	5.011872336272725e-06
7516	4.896921010688615e-06	4.897788193684467e-06
7687	4.786252601585161e-06	4.786300923226380e-06
7961	4.098806904107022e-06	4.168693834703355e-06
7964	3.241365402195662e-06	3.311311214825908e-06
7980	3.230570379875175e-06	3.235936569296281e-06
7983	3.096198021301788e-06	3.162277660168379e-06
7984	3.073638324635475e-06	3.090295432513592e-06
8002	3.062934926467697e-06	3.090295432513592e-06
%
% index = 112, name = bbob_f002_i07_d02__bbob_f006_i08_d02
% instance = 3, reference value = 9.999157389262350e-01
% function evaluation | indicator value | target hit
1	3.135967378597238e-01	3.162277660168379e-01
61	2.139128228375814e-01	2.187761623949552e-01
97	6.485436861780525e-02	6.606934480075961e-02
137	4.228957503318753e-03	4.265795188015926e-03
201	3.849532490395102e-03	3.890451449942805e-03
326	2.560461169190620e-03	2.570395782768865e-03
332	2.259922784564883e-03	2.290867652767772e-03
333	1.313498154540849e-03	1.318256738556408e-03
371	1.242646601336328e-03	1.258925411794167e-03
378	1.162296537170482e-03	1.174897554939529e-03
454	9.792906811726398e-04	1.000000000000000e-03
459	9.013303729918931e-04	9.120108393559096e-04
466	8.830612436476759e-04	8.912509381337459e-04
467	8.631223333155358e-04	8.709635899560805e-04
501	6.884664493791437e-04	6.918309709189362e-04
521	5.914533722112258e-04	6.025595860743575e-04
530	5.782977604515960e-04	5.888436553555889e-04
558	5.036611603630448e-04	5.128613839913648e-04
585	4.902787864587976e-04	5.011872336272725e-04
594	4.814258470099420e-04	4.897788193684461e-04
598	4.762511648965795e-04	4.786300923226385e-04
599	4.344017753403762e-04	4.365158322401661e-04
616	3.781122604716858e-04	3.801893963205612e-04
636	3.679347390515009e-04	3.715352290971724e-04
637	3.586463831926068e-04	3.630780547701014e-04
643	3.347182581456831e-04	3.388441561392024e-04
666	3.166549369064686e-04	3.235936569296281e-04
671	2.997823723422943e-04	3.019951720402016e-04
673	2.887949815260082e-04	2.951209226666387e-04
681	2.792000457947363e-04	2.818382931264455e-04
691	2.617076924867900e-04	2.630267991895381e-04
705	2.292256631601930e-04	2.344228815319923e-04
711	2.261121770941177e-04	2.290867652767772e-04
716	2.193995934322013e-04	2.238721138568340e-04
718	2.128749744244596e-04	2.137962089502232e-04
719	2.077484959932541e-04	2.089296130854039e-04
724	1.790746980098179e-04	1.819700858609983e-04
730	1.767492081945488e-04	1.778279410038923e-04
734	1.608366190746224e-04	1.621810097358930e-04
735	1.565722740932696e-04	1.584893192461114e-04
737	1.480629358989738e-04	1.513561248436209e-04
740	1.422261634564936e-04	1.445439770745928e-04
741	1.330743872892670e-04	1.348962882591653e-04
754	1.289673734339303e-04	1.318256738556407e-04
762	1.284001710208926e-04	1.288249551693134e-04
774	1.136990144683381e-04	1.148153621496883e-04
778	1.085862087709666e-04	1.096478196143185e-04
787	9.668710006272008e-05	9.772372209558111e-05
805	9.519393151824485e-05	9.549925860214369e-05
826	8.751744024237951e-05	8.912509381337459e-05
843	8.695923479196122e-05	8.709635899560814e-05
870	8.510437205822008e-05	8.511380382023759e-05
886	8.310170814207485e-05	8.317637711026709e-05
896	8.069122416076713e-05	8.128305161640995e-05
917	7.860219060451534e-05	7.943282347242822e-05
928	7.614411968404067e-05	7.762471166286911e-05
930	7.573787487713535e-05	7.585775750291836e-05
948	7.287087798957259e-05	7.413102413009176e-05
952	7.204324765630599e-05	7.244359600749906e-05
972	7.037093289430363e-05	7.079457843841373e-05
996	6.917169838671633e-05	6.918309709189363e-05
1057	6.517884610990343e-05	6.606934480075965e-05
1092	6.448921386859041e-05	6.456542290346549e-05
1100	6.181083707690327e-05	6.309573444801929e-05
1103	6.122341751302329e-05	6.165950018614822e-05
1134	5.936936642458868e-05	6.025595860743581e-05
1156	5.686253260550611e-05	5.754399373371566e-05
1178	5.618967200970992e-05	5.623413251903491e-05
1210	5.456144392690376e-05	5.495408738576248e-05
1225	5.370095084833437e-05	5.370317963702532e-05
1300	5.247812787922967e-05	5.248074602497723e-05
1372	5.119373878725852e-05	5.128613839913648e-05
1490	5.010448781428423e-05	5.011872336272725e-05
1575	4.857879262321063e-05	4.897788193684466e-05
1637	4.134722417370451e-05	4.168693834703355e-05
1750	4.073166275453399e-05	4.073802778041130e-05
1923	3.979514942031859e-05	3.981071705534969e-05
2088	3.889950051583213e-05	3.890451449942805e-05
2250	3.800235714213063e-05	3.801893963205612e-05
2336	3.715241918411660e-05	3.715352290971728e-05
2432	3.630229341367031e-05	3.630780547701010e-05
2527	3.545177972674729e-05	3.548133892335753e-05
2640	3.467114926980486e-05	3.467368504525317e-05
2712	3.388058351083689e-05	3.388441561392028e-05
2744	3.310744380591313e-05	3.311311214825908e-05
2801	3.234300715648786e-05	3.235936569296281e-05
2874	3.161505208693072e-05	3.162277660168380e-05
2929	2.990557292559259e-05	3.019951720402019e-05
2972	2.951113912097458e-05	2.951209226666384e-05
3044	2.883447835233532e-05	2.884031503126606e-05
3124	2.815479741735682e-05	2.818382931264455e-05
3174	2.753737318950122e-05	2.754228703338169e-05
3262	2.689940110556233e-05	2.691534803926914e-05
3333	2.629944034693299e-05	2.630267991895381e-05
3363	2.557271853953491e-05	2.570395782768864e-05
3499	2.509376563086807e-05	2.511886431509582e-05
3542	2.446734248462423e-05	2.454708915685029e-05
3570	2.391959674641342e-05	2.398832919019490e-05
3621	2.344005658705406e-05	2.344228815319923e-05
3685	2.274177572314517e-05	2.290867652767775e-05
3728	2.235801369876445e-05	2.238721138568338e-05
3784	2.186864606190664e-05	2.187761623949552e-05
3803	2.005884136702107e-05	2.041737944669527e-05
3823	1.990584886091273e-05	1.995262314968879e-05
3855	1.949808615575588e-05	1.949844599758046e-05
3921	1.904113604545010e-05	1.905460717963248e-05
3970	1.861556856430635e-05	1.862087136662866e-05
4013	1.816147625588460e-05	1.819700858609983e-05
4045	1.776631704819565e-05	1.778279410038923e-05
4480	1.721310425184530e-05	1.737800828749376e-05
4645	1.487798977473087e-05	1.513561248436207e-05
4884	1.465853731452693e-05	1.479108388168207e-05
5011	1.436749831984496e-05	1.445439770745928e-05
5097	1.411180669652623e-05	1.412537544622755e-05
5488	1.380272782947056e-05	1.380384264602884e-05
7408	1.347685547248290e-05	1.348962882591653e-05
7920	1.317875626716258e-05	1.318256738556407e-05
8002	1.308245025166688e-05	1.318256738556407e-05
%
% index = 113, name = bbob_f002_i09_d02__bbob_f006_i10_d02
% instance = 4, reference value = 9.722960523395160e-01
% function evaluation | indicator value | target hit
1	9.717494781536741e-01	9.772372209558107e-01
128	8.651897009959576e-01	8.709635899560807e-01
152	8.318083399739704e-01	8.511380382023764e-01
155	5.124158474833779e-01	5.128613839913648e-01
207	4.697459772456491e-01	4.786300923226383e-01
218	3.194740239304361e-01	3.235936569296283e-01
219	3.113375646106525e-01	3.162277660168379e-01
230	2.551518108905416e-01	2.570395782768864e-01
231	1.230568736188923e-01	1.258925411794167e-01
235	1.206920104631281e-01	1.230268770812381e-01
257	8.836226958509596e-02	8.912509381337455e-02
268	8.371597116036955e-02	8.511380382023763e-02
271	7.713880513696347e-02	7.762471166286916e-02
278	7.555515029572990e-02	7.585775750291836e-02
290	7.256851170068812e-02	7.413102413009177e-02
291	7.137656445359042e-02	7.244359600749903e-02
301	6.558084043434265e-02	6.606934480075961e-02
302	6.449544044205791e-02	6.456542290346556e-02
304	5.572231599786448e-02	5.623413251903491e-02
311	5.352971121533590e-02	5.370317963702527e-02
315	4.993666314007139e-02	5.011872336272722e-02
325	2.805862997873299e-02	2.818382931264454e-02
328	2.657817750524449e-02	2.691534803926915e-02
329	2.549623729669592e-02	2.570395782768863e-02
330	2.492971728678484e-02	2.511886431509579e-02
337	2.413751359097305e-02	2.454708915685030e-02
342	2.355987011562233e-02	2.398832919019490e-02
346	2.015749521637855e-02	2.041737944669529e-02
366	1.993991697348141e-02	1.995262314968880e-02
370	1.928807950808875e-02	1.949844599758046e-02
386	1.879587463748567e-02	1.905460717963247e-02
387	1.861579649610290e-02	1.862087136662868e-02
416	1.792677978887802e-02	1.819700858609984e-02
418	1.761312673622173e-02	1.778279410038923e-02
423	1.717756810284632e-02	1.737800828749375e-02
430	1.684988548319455e-02	1.698243652461744e-02
437	1.649208379078149e-02	1.659586907437561e-02
444	1.610537571498616e-02	1.621810097358930e-02
447	1.443582383927022e-02	1.445439770745927e-02
463	1.401066007796581e-02	1.412537544622754e-02
465	1.162668713163029e-02	1.174897554939530e-02
470	1.147929681926096e-02	1.148153621496883e-02
471	7.319553921475430e-03	7.413102413009177e-03
485	7.195810978998574e-03	7.244359600749898e-03
495	7.066560382649745e-03	7.079457843841380e-03
508	6.906935581287521e-03	6.918309709189363e-03
509	6.589275066496647e-03	6.606934480075957e-03
516	5.504086373854356e-03	5.623413251903491e-03
517	5.293242044232094e-03	5.370317963702527e-03
518	5.234212037794395e-03	5.248074602497728e-03
533	5.111415593985091e-03	5.128613839913648e-03
543	5.009570766731808e-03	5.011872336272725e-03
544	4.871032352948057e-03	4.897788193684461e-03
547	4.750494286346774e-03	4.786300923226385e-03
555	4.556126616676481e-03	4.570881896148752e-03
568	4.460426911242155e-03	4.466835921509630e-03
578	4.283278055029260e-03	4.365158322401661e-03
579	4.110152851410809e-03	4.168693834703355e-03
580	3.990567250473642e-03	4.073802778041126e-03
583	3.871141502670317e-03	3.890451449942805e-03
589	3.801812697882156e-03	3.801893963205613e-03
607	3.714388192055829e-03	3.715352290971724e-03
609	3.558001729956795e-03	3.630780547701014e-03
615	3.546376274872864e-03	3.548133892335753e-03
640	3.466969629036476e-03	3.467368504525317e-03
654	3.382596962892226e-03	3.388441561392024e-03
679	3.301054703105821e-03	3.311311214825911e-03
708	3.231770111785104e-03	3.235936569296281e-03
729	3.143731031508779e-03	3.162277660168379e-03
739	3.086412080730350e-03	3.090295432513592e-03
772	3.019523246166500e-03	3.019951720402016e-03
824	2.941686213870365e-03	2.951209226666387e-03
838	2.875590169252207e-03	2.884031503126605e-03
865	2.818345982660730e-03	2.818382931264455e-03
894	2.750086283401010e-03	2.754228703338166e-03
918	2.691532818285713e-03	2.691534803926917e-03
1046	2.620659692161964e-03	2.630267991895381e-03
1074	2.570354088285320e-03	2.570395782768865e-03
1164	2.473866804457048e-03	2.511886431509579e-03
1236	2.453949605343064e-03	2.454708915685031e-03
1265	2.021492164342220e-03	2.041737944669530e-03
1387	1.993418683293946e-03	1.995262314968879e-03
1427	1.651355905253449e-03	1.659586907437561e-03
1481	1.312905950817900e-03	1.318256738556408e-03
1505	1.285105717061530e-03	1.288249551693134e-03
1561	1.253462832048968e-03	1.258925411794167e-03
1655	7.139770955406632e-04	7.244359600749898e-04
1656	7.042945188031613e-04	7.079457843841380e-04
1710	6.901968952405246e-04	6.918309709189362e-04
1763	6.710502371246596e-04	6.760829753919819e-04
1880	6.602086913760630e-04	6.606934480075957e-04
1960	6.454727698792517e-04	6.456542290346556e-04
1967	5.995960068502226e-04	6.025595860743575e-04
2022	5.870876558804472e-04	5.888436553555889e-04
2030	5.754100305698229e-04	5.754399373371566e-04
2191	5.603112642329489e-04	5.623413251903491e-04
2196	5.459993499834503e-04	5.495408738576248e-04
2206	5.317255617828254e-04	5.370317963702527e-04
2271	5.243625962642051e-04	5.248074602497728e-04
2513	5.128278984987134e-04	5.128613839913648e-04
2660	5.011646489793131e-04	5.011872336272725e-04
2788	4.896982346414003e-04	4.897788193684461e-04
2901	4.777228440766557e-04	4.786300923226385e-04
3052	4.653330927242294e-04	4.677351412871981e-04
3175	4.411489971113403e-04	4.466835921509630e-04
3303	4.361320618169184e-04	4.365158322401661e-04
3562	4.261085562682343e-04	4.265795188015926e-04
3965	4.168677137976751e-04	4.168693834703355e-04
4491	2.974526918252396e-04	3.019951720402016e-04
4497	1.859187856430022e-04	1.862087136662868e-04
4557	1.613061238432412e-04	1.621810097358930e-04
5832	1.365653460421168e-04	1.380384264602885e-04
6063	1.212942299714248e-04	1.230268770812381e-04
6258	1.180137124964231e-04	1.202264434617413e-04
8002	1.175951584645452e-04	1.202264434617413e-04
%
% index = 114, name = bbob_f002_i11_d02__bbob_f006_i12_d02
% instance = 5, reference value = 9.087598290606930e-01
% function evaluation | indicator value | target hit
1	7.817533301426263e-01	7.943282347242815e-01
201	6.191882539375144e-01	6.309573444801932e-01
367	3.082004354683998e-01	3.090295432513591e-01
548	2.907076780330011e-01	2.951209226666385e-01
816	2.883489863181369e-01	2.884031503126606e-01
830	2.761583420852495e-01	2.818382931264454e-01
850	2.688771694598195e-01	2.691534803926916e-01
933	2.607015367589506e-01	2.630267991895382e-01
964	2.312614235589358e-01	2.344228815319922e-01
1103	2.125847506686199e-01	2.137962089502232e-01
1226	1.967997082953480e-01	1.995262314968880e-01
1323	1.717742915593898e-01	1.737800828749375e-01
1391	1.626874150092608e-01	1.659586907437560e-01
1429	1.521447842427157e-01	1.548816618912481e-01
1447	1.471587222602179e-01	1.479108388168208e-01
1574	1.329103118059868e-01	1.348962882591654e-01
1817	1.315845278989158e-01	1.318256738556407e-01
2713	1.263598727604331e-01	1.288249551693134e-01
3186	1.242868479260564e-01	1.258925411794167e-01
4365	8.695728829356586e-02	8.709635899560805e-02
4657	8.209003079522115e-02	8.317637711026708e-02
4746	6.292091410160827e-02	6.309573444801933e-02
4766	5.356985356106281e-02	5.370317963702527e-02
4805	5.216678835482325e-02	5.248074602497726e-02
4807	5.026325884479121e-02	5.128613839913648e-02
4808	5.004926156923928e-02	5.011872336272722e-02
4841	4.885060743685365e-02	4.897788193684462e-02
4886	4.713324733394353e-02	4.786300923226382e-02
4906	4.650685138748700e-02	4.677351412871981e-02
5028	4.512287617366895e-02	4.570881896148749e-02
5063	4.437390590024748e-02	4.466835921509630e-02
5085	4.355874365599111e-02	4.365158322401658e-02
5111	4.246217666247798e-02	4.265795188015926e-02
5135	4.161318060059815e-02	4.168693834703355e-02
5221	4.057597902853827e-02	4.073802778041128e-02
5389	3.975076516766263e-02	3.981071705534973e-02
5514	3.886048706229484e-02	3.890451449942807e-02
5632	3.801425349331178e-02	3.801893963205612e-02
5820	3.715135089048771e-02	3.715352290971726e-02
5932	3.628137455924696e-02	3.630780547701014e-02
6106	3.548119606454225e-02	3.548133892335755e-02
6211	3.465258105267066e-02	3.467368504525317e-02
6281	3.381154209895987e-02	3.388441561392026e-02
6375	3.306537291299283e-02	3.311311214825911e-02
6446	3.231430167170057e-02	3.235936569296283e-02
6539	3.161099036828074e-02	3.162277660168379e-02
6621	3.086566013439518e-02	3.090295432513590e-02
6699	3.018569317622999e-02	3.019951720402016e-02
6886	2.947545268559593e-02	2.951209226666385e-02
6979	2.883729811074853e-02	2.884031503126606e-02
7054	2.816552917989679e-02	2.818382931264454e-02
7103	2.754043821986552e-02	2.754228703338166e-02
7178	2.689113643696173e-02	2.691534803926915e-02
7251	2.629544574885689e-02	2.630267991895381e-02
7338	2.566505376860151e-02	2.570395782768863e-02
7422	2.510492215018290e-02	2.511886431509579e-02
7488	2.452804500497208e-02	2.454708915685030e-02
7553	2.396816054559969e-02	2.398832919019490e-02
7684	2.343472360292920e-02	2.344228815319923e-02
7817	2.289185227953705e-02	2.290867652767773e-02
7977	2.237060524013879e-02	2.238721138568340e-02
8002	2.225204059767982e-02	2.238721138568340e-02
%
% index = 115, name = bbob_f002_i13_d02__bbob_f006_i14_d02
% instance = 6, reference value = 9.508858114768260e-01
% function evaluation | indicator value | target hit
1	3.922463605058069e-01	3.981071705534972e-01
241	3.654151465645460e-01	3.715352290971726e-01
279	3.152745675542312e-01	3.162277660168379e-01
290	2.422522814916853e-01	2.454708915685030e-01
302	1.434607422383612e-01	1.445439770745928e-01
342	1.351240049363054e-01	1.380384264602885e-01
343	1.003519899851570e-01	1.023292992280754e-01
448	9.609807491772826e-02	9.772372209558107e-02
449	8.688453775786054e-02	8.709635899560805e-02
464	7.788017717196494e-02	7.943282347242814e-02
491	5.225219124949221e-02	5.248074602497726e-02
492	5.012857130618642e-02	5.128613839913648e-02
502	4.205411839215223e-02	4.265795188015926e-02
528	4.036968374693306e-02	4.073802778041128e-02
533	3.889759361926370e-02	3.890451449942807e-02
541	3.738459628914348e-02	3.801893963205612e-02
545	3.689620871085786e-02	3.715352290971726e-02
550	3.200603985656603e-02	3.235936569296283e-02
569	2.933877980866251e-02	2.951209226666385e-02
590	2.883159674150360e-02	2.884031503126606e-02
602	2.788124678660520e-02	2.818382931264454e-02
604	2.686468848558476e-02	2.691534803926915e-02
610	2.628226964282454e-02	2.630267991895381e-02
618	2.474035969894051e-02	2.511886431509579e-02
628	2.350139157783249e-02	2.398832919019490e-02
629	2.326902159468924e-02	2.344228815319923e-02
636	2.228609266815962e-02	2.238721138568340e-02
643	2.141753836256222e-02	2.187761623949553e-02
661	2.113498716943940e-02	2.137962089502233e-02
666	1.973317188093004e-02	1.995262314968880e-02
667	1.947559380432806e-02	1.949844599758046e-02
675	1.899782922433380e-02	1.905460717963247e-02
685	1.757387427010759e-02	1.778279410038923e-02
689	1.681218869387224e-02	1.698243652461744e-02
696	1.650266335060691e-02	1.659586907437561e-02
704	1.527856449301324e-02	1.548816618912481e-02
707	1.507123109379827e-02	1.513561248436208e-02
711	1.448863778020537e-02	1.479108388168207e-02
716	1.442249957912201e-02	1.445439770745927e-02
722	1.405410975098165e-02	1.412537544622754e-02
742	1.370884005752449e-02	1.380384264602885e-02
763	1.333987688422544e-02	1.348962882591653e-02
767	1.312447302488640e-02	1.318256738556407e-02
770	1.287231202794825e-02	1.288249551693134e-02
771	1.239824134132483e-02	1.258925411794167e-02
776	1.200799236129813e-02	1.202264434617413e-02
783	1.125505171599794e-02	1.148153621496883e-02
790	1.117304765241878e-02	1.122018454301964e-02
814	1.084684615988274e-02	1.096478196143185e-02
820	1.071147875317069e-02	1.071519305237606e-02
835	1.046656842074645e-02	1.047128548050900e-02
850	1.015199225229146e-02	1.023292992280754e-02
859	9.998264570857285e-03	1.000000000000000e-02
880	9.762184904972937e-03	9.772372209558112e-03
904	9.546925167916998e-03	9.549925860214359e-03
925	9.322483761506573e-03	9.332543007969915e-03
969	9.084951869847147e-03	9.120108393559097e-03
982	8.911615197048195e-03	8.912509381337459e-03
1014	8.704088532575649e-03	8.709635899560805e-03
1044	8.509506640244413e-03	8.511380382023767e-03
1050	8.044524671978581e-03	8.128305161640995e-03
1062	7.942805349133386e-03	7.943282347242814e-03
1090	7.489146033563654e-03	7.585775750291836e-03
1098	7.051506745482272e-03	7.079457843841380e-03
1130	6.917123000173664e-03	6.918309709189363e-03
1166	6.712930798797978e-03	6.760829753919818e-03
1192	6.605170736235566e-03	6.606934480075957e-03
1194	6.411882552816883e-03	6.456542290346556e-03
1213	6.304849725605743e-03	6.309573444801930e-03
1231	6.049154571088455e-03	6.165950018614822e-03
1239	5.996731210545225e-03	6.025595860743574e-03
1248	5.886960118527074e-03	5.888436553555890e-03
1251	5.703457876366169e-03	5.754399373371567e-03
1262	5.619744584608788e-03	5.623413251903491e-03
1298	5.493360660950297e-03	5.495408738576248e-03
1328	5.366001256536412e-03	5.370317963702527e-03
1376	5.246780459813305e-03	5.248074602497728e-03
1418	5.128271262060946e-03	5.128613839913648e-03
1455	5.005919755437516e-03	5.011872336272725e-03
1494	4.897540264982125e-03	4.897788193684461e-03
1538	4.768463158951519e-03	4.786300923226385e-03
1584	4.661768632253427e-03	4.677351412871981e-03
1614	4.556017968693205e-03	4.570881896148752e-03
1645	4.464794164635633e-03	4.466835921509630e-03
1677	4.362086999908255e-03	4.365158322401661e-03
1714	4.265485391506174e-03	4.265795188015926e-03
1748	4.164314055029816e-03	4.168693834703355e-03
1795	4.071529966613974e-03	4.073802778041126e-03
1812	3.924469855723256e-03	3.981071705534973e-03
1820	3.882614114813276e-03	3.890451449942805e-03
1860	3.801255138602189e-03	3.801893963205613e-03
1900	3.712541635155442e-03	3.715352290971724e-03
1959	3.630104651571653e-03	3.630780547701014e-03
2021	3.546058784956174e-03	3.548133892335753e-03
2062	3.434684885776251e-03	3.467368504525317e-03
2107	3.387567498294830e-03	3.388441561392024e-03
2172	3.308243668395883e-03	3.311311214825911e-03
2274	3.235488793857377e-03	3.235936569296281e-03
2331	3.161962265584517e-03	3.162277660168379e-03
2390	3.089167189027298e-03	3.090295432513592e-03
2455	3.017502801459404e-03	3.019951720402016e-03
2529	2.942283842059856e-03	2.951209226666387e-03
2590	2.881762752788508e-03	2.884031503126605e-03
2656	2.815529670160077e-03	2.818382931264455e-03
2702	2.752056526484359e-03	2.754228703338166e-03
2717	2.688831121032131e-03	2.691534803926917e-03
2780	2.626614399877991e-03	2.630267991895381e-03
2839	2.569567440620646e-03	2.570395782768865e-03
2914	2.508369185187043e-03	2.511886431509579e-03
2962	2.454488201371396e-03	2.454708915685031e-03
3033	2.396940503583855e-03	2.398832919019490e-03
3137	2.341784456320939e-03	2.344228815319923e-03
3250	2.290675016954125e-03	2.290867652767772e-03
3360	2.237980573284726e-03	2.238721138568340e-03
3477	2.186854367121294e-03	2.187761623949552e-03
3630	2.137909270828131e-03	2.137962089502233e-03
3815	2.089286481548380e-03	2.089296130854039e-03
8002	2.044374483635036e-03	2.089296130854039e-03
%
% index = 116, name = bbob_f002_i15_d02__bbob_f006_i16_d02
% instance = 7, reference value = 9.999761801899431e-01
% function evaluation | indicator value | target hit
1	1.111369702099443e+00	1.122018454301963e+00
102	1.060708721021943e+00	1.071519305237606e+00
136	6.387461045169668e-01	6.456542290346555e-01
181	4.121412648321897e-01	4.168693834703354e-01
236	2.223301827867686e-01	2.238721138568339e-01
251	1.253792508850140e-01	1.258925411794167e-01
263	1.229177064809558e-01	1.230268770812381e-01
289	1.193017895988903e-01	1.202264434617413e-01
298	3.702185524587231e-03	3.715352290971724e-03
303	3.484913731046535e-03	3.548133892335753e-03
324	3.005228617172895e-03	3.019951720402016e-03
332	2.099925016761484e-03	2.137962089502233e-03
336	1.992908441479702e-03	1.995262314968879e-03
338	1.924423399728981e-03	1.949844599758046e-03
345	6.038098062044472e-04	6.165950018614823e-04
352	1.791392366771172e-04	1.819700858609983e-04
425	1.773577865270548e-04	1.778279410038923e-04
439	1.572985065984023e-04	1.584893192461114e-04
456	1.535966977903591e-04	1.548816618912481e-04
463	1.487568476828960e-04	1.513561248436209e-04
520	1.104130733488029e-04	1.122018454301963e-04
556	8.271711864282771e-05	8.317637711026709e-05
557	7.406739808113461e-05	7.413102413009176e-05
574	7.227318458191689e-05	7.244359600749906e-05
604	7.031502465959516e-05	7.079457843841373e-05
649	6.824544525674270e-05	6.918309709189363e-05
652	6.754692545241081e-05	6.760829753919819e-05
656	6.558531349198926e-05	6.606934480075965e-05
699	6.432184067206581e-05	6.456542290346549e-05
724	6.143439736661094e-05	6.165950018614822e-05
783	6.021494081265288e-05	6.025595860743581e-05
812	5.400802216626310e-05	5.495408738576248e-05
851	5.365039785243386e-05	5.370317963702532e-05
905	5.238649398731088e-05	5.248074602497723e-05
1008	5.124480313811741e-05	5.128613839913648e-05
1251	5.011215011696546e-05	5.011872336272725e-05
1260	4.878255456686187e-05	4.897788193684466e-05
1675	4.769879938082422e-05	4.786300923226380e-05
2276	4.676681546988970e-05	4.677351412871981e-05
3167	4.570845421736358e-05	4.570881896148752e-05
4514	4.455199299280288e-05	4.466835921509635e-05
4899	4.319401952812552e-05	4.365158322401657e-05
5144	4.265425542693269e-05	4.265795188015926e-05
5174	3.706066748643266e-05	3.715352290971728e-05
6222	3.413224870674192e-05	3.467368504525317e-05
6740	3.388366988765767e-05	3.388441561392028e-05
6822	2.810371650197041e-05	2.818382931264455e-05
6905	2.420138632486246e-05	2.454708915685029e-05
7086	2.272019787741275e-05	2.290867652767775e-05
7439	1.589120630429708e-05	1.621810097358930e-05
7457	1.560077106621538e-05	1.584893192461114e-05
7494	1.161269024330114e-05	1.174897554939530e-05
7530	1.128110688097816e-05	1.148153621496882e-05
7533	1.034821833523214e-05	1.047128548050899e-05
7553	1.019491764819858e-05	1.023292992280754e-05
7621	9.227476189699324e-06	9.332543007969906e-06
7679	9.118497992455232e-06	9.120108393559096e-06
7781	8.790561911609096e-06	8.912509381337459e-06
7811	8.216657583659526e-06	8.317637711026709e-06
7817	8.113175543167372e-06	8.128305161640995e-06
7917	7.912832055922969e-06	7.943282347242822e-06
7933	7.685816682645452e-06	7.762471166286911e-06
7959	7.583004823175088e-06	7.585775750291836e-06
8002	7.434308762266362e-06	7.585775750291836e-06
%
% index = 117, name = bbob_f002_i17_d02__bbob_f006_i18_d02
% instance = 8, reference value = 9.955718690661400e-01
% function evaluation | indicator value | target hit
1	8.923124994980914e-01	9.120108393559098e-01
164	6.420003601092781e-01	6.456542290346555e-01
165	5.229629630627526e-01	5.248074602497725e-01
258	4.402419534289650e-01	4.466835921509631e-01
265	3.000200244120250e-01	3.019951720402016e-01
268	2.298932288969239e-01	2.344228815319922e-01
269	2.197665765884875e-01	2.238721138568339e-01
285	1.793576451510969e-01	1.819700858609984e-01
295	1.770185810338627e-01	1.778279410038923e-01
298	2.808056298186112e-02	2.818382931264454e-02
300	2.657983279153431e-02	2.691534803926915e-02
332	1.740375903135571e-02	1.778279410038923e-02
333	1.131979384287396e-02	1.148153621496883e-02
395	5.105975265499718e-03	5.128613839913648e-03
404	4.934631125871780e-03	5.011872336272725e-03
461	4.872630851234461e-03	4.897788193684461e-03
464	4.709482501689566e-03	4.786300923226385e-03
569	4.295611833327273e-03	4.365158322401661e-03
601	4.249425392305217e-03	4.265795188015926e-03
603	4.052597222309440e-03	4.073802778041126e-03
622	3.443664704974037e-03	3.467368504525317e-03
623	3.082487842996029e-03	3.090295432513592e-03
629	2.878209577875657e-03	2.884031503126605e-03
643	2.811529947365221e-03	2.818382931264455e-03
661	2.694824074447100e-03	2.754228703338166e-03
665	2.513924822040936e-03	2.570395782768865e-03
669	2.511116672673563e-03	2.511886431509579e-03
670	2.415762486681627e-03	2.454708915685031e-03
674	2.392937120260452e-03	2.398832919019490e-03
686	2.103526131068789e-03	2.137962089502233e-03
687	2.011115993036383e-03	2.041737944669530e-03
698	1.983853134131963e-03	1.995262314968879e-03
729	1.947027976462290e-03	1.949844599758046e-03
748	1.856561920147159e-03	1.862087136662868e-03
749	1.757689742990731e-03	1.778279410038923e-03
754	1.707159896148447e-03	1.737800828749376e-03
759	1.675198261635535e-03	1.698243652461744e-03
768	1.608006761829039e-03	1.621810097358930e-03
773	1.557768033763729e-03	1.584893192461114e-03
775	1.498451865024175e-03	1.513561248436209e-03
784	1.472962211863549e-03	1.479108388168207e-03
791	1.440918613934472e-03	1.445439770745928e-03
799	1.399939505093872e-03	1.412537544622754e-03
809	1.373567167502254e-03	1.380384264602885e-03
819	1.335399996240105e-03	1.348962882591653e-03
820	1.302385470442702e-03	1.318256738556408e-03
826	1.279405529751698e-03	1.288249551693134e-03
843	1.258005115989058e-03	1.258925411794167e-03
852	1.229224153146746e-03	1.230268770812381e-03
853	1.144983158555379e-03	1.148153621496883e-03
863	1.113552470863310e-03	1.122018454301963e-03
866	1.092450277075163e-03	1.096478196143185e-03
894	1.035137105327322e-03	1.047128548050900e-03
898	1.011071097246297e-03	1.023292992280754e-03
908	9.929074641149560e-04	1.000000000000000e-03
911	9.690485161863993e-04	9.772372209558111e-04
917	9.499963065291439e-04	9.549925860214359e-04
922	9.265038689734162e-04	9.332543007969915e-04
923	8.997879814498511e-04	9.120108393559096e-04
927	8.897099626401506e-04	8.912509381337459e-04
931	7.685541515147776e-04	7.762471166286919e-04
942	7.561737376716726e-04	7.585775750291835e-04
944	7.243972174204583e-04	7.244359600749898e-04
963	7.054074506890329e-04	7.079457843841380e-04
976	6.902933915164944e-04	6.918309709189362e-04
993	6.758993198198171e-04	6.760829753919819e-04
1005	6.602057380693527e-04	6.606934480075957e-04
1010	6.439131960933597e-04	6.456542290346556e-04
1023	6.292480478103935e-04	6.309573444801930e-04
1036	6.122373988709517e-04	6.165950018614823e-04
1043	5.976198815048628e-04	6.025595860743575e-04
1044	5.820413908557143e-04	5.888436553555889e-04
1046	5.743567951295159e-04	5.754399373371566e-04
1049	5.216432154514505e-04	5.248074602497728e-04
1059	5.065887860782325e-04	5.128613839913648e-04
1062	4.973802616026202e-04	5.011872336272725e-04
1068	4.878138259374332e-04	4.897788193684461e-04
1087	4.743840361809415e-04	4.786300923226385e-04
1089	4.674661136874203e-04	4.677351412871981e-04
1094	4.562077519359997e-04	4.570881896148752e-04
1113	4.415127378377681e-04	4.466835921509630e-04
1119	4.352901276553078e-04	4.365158322401661e-04
1121	4.265256355985292e-04	4.265795188015926e-04
1124	4.112289535009861e-04	4.168693834703355e-04
1130	4.043188064429826e-04	4.073802778041126e-04
1132	3.927288725571465e-04	3.981071705534974e-04
1134	3.874071728936501e-04	3.890451449942805e-04
1147	3.769637045766272e-04	3.801893963205612e-04
1150	3.681359413324481e-04	3.715352290971724e-04
1166	3.596619774023369e-04	3.630780547701014e-04
1167	3.544074699377564e-04	3.548133892335753e-04
1178	3.452410576851861e-04	3.467368504525317e-04
1179	3.386903895618021e-04	3.388441561392024e-04
1194	3.280084281501727e-04	3.311311214825911e-04
1198	3.228407242391595e-04	3.235936569296281e-04
1206	3.104023024669278e-04	3.162277660168379e-04
1207	3.071440492745658e-04	3.090295432513592e-04
1215	3.013096277200145e-04	3.019951720402016e-04
1220	2.940688300161476e-04	2.951209226666387e-04
1224	2.877605835902575e-04	2.884031503126605e-04
1237	2.809178186462535e-04	2.818382931264455e-04
1243	2.753924928713403e-04	2.754228703338166e-04
1249	2.685025885369452e-04	2.691534803926917e-04
1261	2.626090972970285e-04	2.630267991895381e-04
1264	2.566695480317183e-04	2.570395782768865e-04
1266	2.511562819577096e-04	2.511886431509580e-04
1273	2.442256545531762e-04	2.454708915685031e-04
1285	2.393256419548351e-04	2.398832919019490e-04
1296	2.324147705909940e-04	2.344228815319923e-04
1299	2.274945458048405e-04	2.290867652767772e-04
1310	2.238101045969332e-04	2.238721138568340e-04
1341	2.175877667884851e-04	2.187761623949552e-04
1354	2.126903555532689e-04	2.137962089502232e-04
1362	2.076610320798089e-04	2.089296130854039e-04
1368	2.040329361493454e-04	2.041737944669530e-04
1373	1.994768275755954e-04	1.995262314968879e-04
1391	1.934736818746119e-04	1.949844599758046e-04
1404	1.876326517541438e-04	1.905460717963246e-04
1413	1.860817117909086e-04	1.862087136662868e-04
1429	1.805512821105859e-04	1.819700858609983e-04
1443	1.769152445327826e-04	1.778279410038923e-04
1445	1.715744035891698e-04	1.737800828749376e-04
1450	1.698132289794652e-04	1.698243652461744e-04
1452	1.650792482622565e-04	1.659586907437562e-04
1460	1.612048960446533e-04	1.621810097358930e-04
1466	1.584719149212432e-04	1.584893192461114e-04
1479	1.548519646934476e-04	1.548816618912481e-04
1491	1.506738077587944e-04	1.513561248436209e-04
1503	1.471891872869557e-04	1.479108388168207e-04
1513	1.440247313112542e-04	1.445439770745928e-04
1526	1.399327214846036e-04	1.412537544622754e-04
1534	1.377533638472483e-04	1.380384264602885e-04
1546	1.326589735339834e-04	1.348962882591653e-04
1547	1.317409794829860e-04	1.318256738556407e-04
1554	1.286561481944615e-04	1.288249551693134e-04
1566	1.256835903556963e-04	1.258925411794167e-04
1569	1.229973997733946e-04	1.230268770812381e-04
1594	1.200426222819351e-04	1.202264434617413e-04
1608	1.173672566056050e-04	1.174897554939529e-04
1632	1.144161960712209e-04	1.148153621496883e-04
1653	1.119228533109640e-04	1.122018454301963e-04
1668	1.095200452009282e-04	1.096478196143185e-04
1689	1.070733886439079e-04	1.071519305237606e-04
1701	1.043708045865843e-04	1.047128548050900e-04
1705	1.018374286180235e-04	1.023292992280754e-04
1715	9.997384754711902e-05	1.000000000000000e-04
1738	9.770075734649719e-05	9.772372209558111e-05
1750	9.526063205067548e-05	9.549925860214369e-05
1756	9.277878683622287e-05	9.332543007969905e-05
1764	9.062727869357801e-05	9.120108393559096e-05
1770	8.906060493218959e-05	8.912509381337459e-05
1797	8.682144190919061e-05	8.709635899560814e-05
1809	8.479685140072579e-05	8.511380382023759e-05
1822	8.204384245191765e-05	8.317637711026709e-05
1831	8.127518685230317e-05	8.128305161640995e-05
1832	7.886216301988824e-05	7.943282347242822e-05
1843	7.758393715140421e-05	7.762471166286911e-05
1853	7.581378612964151e-05	7.585775750291836e-05
1866	7.367659259605031e-05	7.413102413009176e-05
1880	7.235102621439005e-05	7.244359600749906e-05
1891	7.039815348797163e-05	7.079457843841373e-05
1901	6.886497733815666e-05	6.918309709189363e-05
1926	6.747781142812936e-05	6.760829753919819e-05
1941	6.588957993092226e-05	6.606934480075965e-05
1962	6.407757009652126e-05	6.456542290346549e-05
1978	6.307522386761466e-05	6.309573444801929e-05
1980	6.116974933101371e-05	6.165950018614822e-05
1981	6.017484619558200e-05	6.025595860743581e-05
1987	5.883361047731572e-05	5.888436553555884e-05
2002	5.732992110796253e-05	5.754399373371566e-05
2020	5.600939594840870e-05	5.623413251903491e-05
2028	5.460213882568787e-05	5.495408738576248e-05
2035	5.364671596463921e-05	5.370317963702532e-05
2050	5.239709461479780e-05	5.248074602497723e-05
2062	5.124369838471754e-05	5.128613839913648e-05
2078	5.009799201582954e-05	5.011872336272725e-05
2094	4.890584095784689e-05	4.897788193684466e-05
2114	4.749670632930858e-05	4.786300923226380e-05
2128	4.661110168269200e-05	4.677351412871981e-05
2154	4.570265893844017e-05	4.570881896148752e-05
2180	4.466335787522979e-05	4.466835921509635e-05
2199	4.364785761146184e-05	4.365158322401657e-05
2238	4.263501595647146e-05	4.265795188015926e-05
2260	4.167938029753238e-05	4.168693834703355e-05
2271	4.069517550064905e-05	4.073802778041130e-05
2287	3.980697797745236e-05	3.981071705534969e-05
2298	3.890283548912965e-05	3.890451449942805e-05
2319	3.793226514081649e-05	3.801893963205612e-05
2330	3.707898809823806e-05	3.715352290971728e-05
2356	3.626396839806478e-05	3.630780547701010e-05
2369	3.543833201424818e-05	3.548133892335753e-05
2396	3.460096508600685e-05	3.467368504525317e-05
2426	3.378542954546315e-05	3.388441561392028e-05
2462	3.305100456707510e-05	3.311311214825908e-05
2498	3.230683840360626e-05	3.235936569296281e-05
2516	3.159369612681928e-05	3.162277660168380e-05
2536	3.088832992881319e-05	3.090295432513592e-05
2554	3.013311965871512e-05	3.019951720402019e-05
2568	2.950658389111460e-05	2.951209226666384e-05
2585	2.871330949727469e-05	2.884031503126606e-05
2597	2.803911215731869e-05	2.818382931264455e-05
2620	2.753500236307715e-05	2.754228703338169e-05
2637	2.690237685609720e-05	2.691534803926914e-05
2662	2.623592107320327e-05	2.630267991895381e-05
2698	2.565450972269456e-05	2.570395782768864e-05
2716	2.509591968069547e-05	2.511886431509582e-05
2751	2.448873927463069e-05	2.454708915685029e-05
2783	2.395680067879269e-05	2.398832919019490e-05
2798	2.334670455028665e-05	2.344228815319923e-05
2829	2.289829531687548e-05	2.290867652767775e-05
2841	2.204808458372565e-05	2.238721138568338e-05
2851	2.177869566521995e-05	2.187761623949552e-05
2872	2.126506552946328e-05	2.137962089502232e-05
2889	2.089004252348037e-05	2.089296130854041e-05
2918	2.041137838426632e-05	2.041737944669527e-05
2966	1.992239253056916e-05	1.995262314968879e-05
2989	1.943549489946683e-05	1.949844599758046e-05
3035	1.904440238276184e-05	1.905460717963248e-05
3064	1.861218248111474e-05	1.862087136662866e-05
3103	1.819316752793565e-05	1.819700858609983e-05
3149	1.776387725538342e-05	1.778279410038923e-05
3153	1.734324309088375e-05	1.737800828749376e-05
3210	1.698119444948354e-05	1.698243652461746e-05
3257	1.650277771259034e-05	1.659586907437560e-05
3311	1.621703564014254e-05	1.621810097358930e-05
3349	1.578069701757556e-05	1.584893192461114e-05
3379	1.547094774190239e-05	1.548816618912483e-05
3417	1.512629667743681e-05	1.513561248436207e-05
3443	1.469636372419814e-05	1.479108388168207e-05
3467	1.443505561382619e-05	1.445439770745928e-05
3480	1.412097549646774e-05	1.412537544622755e-05
3513	1.373453661668300e-05	1.380384264602884e-05
3553	1.345985575018638e-05	1.348962882591653e-05
3598	1.317766049568903e-05	1.318256738556407e-05
3660	1.288174761349126e-05	1.288249551693135e-05
3691	1.258409328486199e-05	1.258925411794166e-05
3713	1.229861429519197e-05	1.230268770812381e-05
3725	1.199003481722194e-05	1.202264434617413e-05
3748	1.164220777594149e-05	1.174897554939530e-05
3768	1.147628044217974e-05	1.148153621496882e-05
3846	1.121877301479834e-05	1.122018454301963e-05
3890	1.088415219185901e-05	1.096478196143185e-05
3926	1.065319143167542e-05	1.071519305237607e-05
3929	1.046332011078732e-05	1.047128548050899e-05
3975	1.021280115520717e-05	1.023292992280754e-05
4050	9.997797943195330e-06	1.000000000000000e-05
8002	9.903604072047933e-06	1.000000000000000e-05
%
% index = 118, name = bbob_f002_i19_d02__bbob_f006_i21_d02
% instance = 9, reference value = 9.276057829254670e-01
% function evaluation | indicator value | target hit
1	1.185689604246070e+01	1.202264434617413e+01
39	7.392919149905468e+00	7.413102413009175e+00
235	1.582826393088967e+00	1.584893192461114e+00
349	2.712341474091750e-01	2.754228703338166e-01
382	2.391633749405675e-01	2.398832919019490e-01
416	2.292557806782879e-01	2.344228815319922e-01
443	1.199277001476634e-01	1.202264434617413e-01
452	7.411205708137447e-02	7.413102413009177e-02
464	7.185935182322345e-02	7.244359600749903e-02
465	7.028132663160547e-02	7.079457843841380e-02
483	6.524172178155152e-02	6.606934480075961e-02
496	5.973999989444123e-02	6.025595860743578e-02
500	5.545401598509991e-02	5.623413251903491e-02
519	5.301450553010256e-02	5.370317963702527e-02
522	4.080636247153580e-02	4.168693834703355e-02
524	3.711604782314026e-02	3.715352290971726e-02
537	3.589868071799796e-02	3.630780547701014e-02
543	3.364700412255617e-02	3.388441561392026e-02
562	3.221506552819986e-02	3.235936569296283e-02
575	2.875287456888886e-02	2.884031503126606e-02
576	2.771573283648532e-02	2.818382931264454e-02
583	2.732053042191762e-02	2.754228703338166e-02
587	2.652784619223036e-02	2.691534803926915e-02
601	2.436779094673303e-02	2.454708915685030e-02
614	2.294255248811305e-02	2.344228815319923e-02
620	1.820573414020987e-02	1.862087136662868e-02
621	1.813456219059417e-02	1.819700858609984e-02
625	1.771254529939525e-02	1.778279410038923e-02
637	1.707311723701499e-02	1.737800828749375e-02
642	1.687696238232617e-02	1.698243652461744e-02
643	1.545756433450296e-02	1.548816618912481e-02
652	1.414395385967226e-02	1.445439770745927e-02
653	1.346400054470520e-02	1.348962882591653e-02
656	1.286461567651653e-02	1.288249551693134e-02
661	1.247450273812611e-02	1.258925411794167e-02
663	1.223996639238045e-02	1.230268770812382e-02
665	1.152031784951535e-02	1.174897554939530e-02
666	1.099552769448031e-02	1.122018454301964e-02
670	1.091356372672991e-02	1.096478196143185e-02
677	1.067155570054079e-02	1.071519305237606e-02
684	9.740022100837797e-03	9.772372209558112e-03
685	9.398672638400440e-03	9.549925860214359e-03
688	9.000202709920524e-03	9.120108393559097e-03
689	8.656024883632485e-03	8.709635899560805e-03
690	8.424619169075442e-03	8.511380382023767e-03
700	8.310796079551097e-03	8.317637711026709e-03
704	8.106863518703822e-03	8.128305161640995e-03
705	7.824298114964323e-03	7.943282347242814e-03
707	7.721992991325699e-03	7.762471166286920e-03
709	7.443355835685117e-03	7.585775750291836e-03
710	7.409987057865663e-03	7.413102413009177e-03
714	7.191208754878442e-03	7.244359600749898e-03
721	7.040813238204824e-03	7.079457843841380e-03
722	6.886228452600895e-03	6.918309709189363e-03
724	6.727035472631426e-03	6.760829753919818e-03
728	6.557400220343901e-03	6.606934480075957e-03
732	6.420422177286444e-03	6.456542290346556e-03
736	6.195447866881865e-03	6.309573444801930e-03
742	6.161922667500375e-03	6.165950018614822e-03
748	6.020523080973450e-03	6.025595860743574e-03
753	5.874524857216845e-03	5.888436553555890e-03
762	5.716018292245884e-03	5.754399373371567e-03
766	5.576677934558405e-03	5.623413251903491e-03
770	5.450634306905067e-03	5.495408738576248e-03
777	5.328782191709958e-03	5.370317963702527e-03
786	4.669577592419594e-03	4.677351412871981e-03
801	4.548280525355053e-03	4.570881896148752e-03
803	4.456556956103475e-03	4.466835921509630e-03
808	4.287540341784135e-03	4.365158322401661e-03
809	4.197065214112006e-03	4.265795188015926e-03
815	4.164174521863240e-03	4.168693834703355e-03
819	4.064734987369478e-03	4.073802778041126e-03
824	3.686317788684557e-03	3.715352290971724e-03
827	3.622730372619176e-03	3.630780547701014e-03
833	3.547886716013027e-03	3.548133892335753e-03
844	3.463727109876968e-03	3.467368504525317e-03
850	3.370641035399635e-03	3.388441561392024e-03
856	3.237990906280297e-03	3.311311214825911e-03
857	3.235053810574318e-03	3.235936569296281e-03
863	3.066314157862071e-03	3.090295432513592e-03
867	2.954790081805769e-03	3.019951720402016e-03
868	2.924673430172109e-03	2.951209226666387e-03
872	2.883666721777312e-03	2.884031503126605e-03
880	2.816077831109487e-03	2.818382931264455e-03
887	2.753462336261059e-03	2.754228703338166e-03
898	2.683519129218936e-03	2.691534803926917e-03
902	2.615144532077895e-03	2.630267991895381e-03
908	2.553448431066863e-03	2.570395782768865e-03
912	2.510283161572313e-03	2.511886431509579e-03
920	2.450109029771164e-03	2.454708915685031e-03
923	2.301507523235435e-03	2.344228815319923e-03
928	2.279218846229392e-03	2.290867652767772e-03
932	2.221619830886756e-03	2.238721138568340e-03
946	2.151409097321366e-03	2.187761623949552e-03
948	2.133444329690537e-03	2.137962089502233e-03
951	2.078237728825205e-03	2.089296130854039e-03
958	2.027277154948992e-03	2.041737944669530e-03
970	1.987673426167236e-03	1.995262314968879e-03
984	1.922576586090408e-03	1.949844599758046e-03
990	1.903621506948228e-03	1.905460717963246e-03
1002	1.861832926702833e-03	1.862087136662868e-03
1019	1.816480328216685e-03	1.819700858609983e-03
1025	1.760752013343692e-03	1.778279410038923e-03
1040	1.734760026955828e-03	1.737800828749376e-03
1046	1.665762606702370e-03	1.698243652461744e-03
1051	1.658789115072556e-03	1.659586907437561e-03
1060	1.616478231901697e-03	1.621810097358930e-03
1078	1.583814915187776e-03	1.584893192461114e-03
1090	1.537079898205063e-03	1.548816618912481e-03
1092	1.506125803516611e-03	1.513561248436209e-03
1097	1.470103243979670e-03	1.479108388168207e-03
1110	1.443213433293011e-03	1.445439770745928e-03
1118	1.412198122229702e-03	1.412537544622754e-03
1128	1.380368456841974e-03	1.380384264602885e-03
1135	1.292860233877091e-03	1.318256738556408e-03
1139	1.281128345612559e-03	1.288249551693134e-03
1148	1.247494768255919e-03	1.258925411794167e-03
1161	1.229639825320428e-03	1.230268770812381e-03
1189	1.202060201065946e-03	1.202264434617413e-03
1213	1.173377545024890e-03	1.174897554939529e-03
1228	1.147761858316332e-03	1.148153621496883e-03
1232	1.059417185093947e-03	1.071519305237606e-03
1251	1.042608146832769e-03	1.047128548050900e-03
1276	1.010218787144135e-03	1.023292992280754e-03
1284	9.906406310055127e-04	1.000000000000000e-03
1298	9.766902211588713e-04	9.772372209558111e-04
1306	9.124743426053294e-04	9.332543007969915e-04
1307	9.103828247960521e-04	9.120108393559096e-04
1323	8.882174523817676e-04	8.912509381337459e-04
1346	8.680113463945816e-04	8.709635899560805e-04
1362	8.210795344113508e-04	8.317637711026709e-04
1387	8.123722910072795e-04	8.128305161640995e-04
1415	7.844004445651809e-04	7.943282347242813e-04
1429	7.749977935150865e-04	7.762471166286919e-04
1453	7.584568652437840e-04	7.585775750291835e-04
1461	7.024593833455661e-04	7.079457843841380e-04
1469	6.739261182646672e-04	6.760829753919819e-04
1487	6.598513014107743e-04	6.606934480075957e-04
1494	6.452501205993499e-04	6.456542290346556e-04
1525	6.297830936912163e-04	6.309573444801930e-04
1546	6.143698142938581e-04	6.165950018614823e-04
1575	5.894470660335882e-04	6.025595860743575e-04
1576	5.877298548276899e-04	5.888436553555889e-04
1595	5.745991243536475e-04	5.754399373371566e-04
1608	5.540011556705027e-04	5.623413251903491e-04
1613	5.358917416430353e-04	5.370317963702527e-04
1652	4.981562985256760e-04	5.011872336272725e-04
1678	4.883802530265546e-04	4.897788193684461e-04
1688	4.634131960569166e-04	4.677351412871981e-04
1705	4.557443687989160e-04	4.570881896148752e-04
1711	4.452626645413682e-04	4.466835921509630e-04
1729	4.348556469083720e-04	4.365158322401661e-04
1758	4.252584615896948e-04	4.265795188015926e-04
1765	4.165012719495875e-04	4.168693834703355e-04
1796	4.072720444646682e-04	4.073802778041126e-04
1822	3.979390233498359e-04	3.981071705534974e-04
1846	3.887026995390563e-04	3.890451449942805e-04
1876	3.723484825667311e-04	3.801893963205612e-04
1885	3.712277664685848e-04	3.715352290971724e-04
1950	3.622978789750153e-04	3.630780547701014e-04
1978	3.542869896293599e-04	3.548133892335753e-04
2016	3.467082034568358e-04	3.467368504525317e-04
2053	3.388381876845425e-04	3.388441561392024e-04
2076	3.294943704176267e-04	3.311311214825911e-04
2120	3.235923352954417e-04	3.235936569296281e-04
2139	3.144661298336571e-04	3.162277660168379e-04
2150	3.074798207075569e-04	3.090295432513592e-04
2174	3.019646218994643e-04	3.019951720402016e-04
2231	2.947101393916407e-04	2.951209226666387e-04
2263	2.883180449986256e-04	2.884031503126605e-04
2298	2.817361180749156e-04	2.818382931264455e-04
2327	2.734417751022455e-04	2.754228703338166e-04
2350	2.615920714308384e-04	2.630267991895381e-04
2367	2.569360187022474e-04	2.570395782768865e-04
2397	2.511721951691248e-04	2.511886431509580e-04
2411	2.452196106397242e-04	2.454708915685031e-04
2462	2.395549049685197e-04	2.398832919019490e-04
2528	2.341259192516487e-04	2.344228815319923e-04
2570	2.288646883078505e-04	2.290867652767772e-04
2579	2.227064510571530e-04	2.238721138568340e-04
2600	2.174246400862279e-04	2.187761623949552e-04
2639	2.128611712565176e-04	2.137962089502232e-04
2682	2.079672203855187e-04	2.089296130854039e-04
2727	2.041726992049187e-04	2.041737944669530e-04
2728	1.994540034157000e-04	1.995262314968879e-04
2756	1.918726057699160e-04	1.949844599758046e-04
2766	1.905211419930275e-04	1.905460717963246e-04
2774	1.849236429364298e-04	1.862087136662868e-04
2791	1.818255664107760e-04	1.819700858609983e-04
2865	1.778198731876568e-04	1.778279410038923e-04
2920	1.715485526831984e-04	1.737800828749376e-04
2947	1.687461131326673e-04	1.698243652461744e-04
2980	1.648132108476030e-04	1.659586907437562e-04
3019	1.609561735979037e-04	1.621810097358930e-04
3060	1.584536481945564e-04	1.584893192461114e-04
3113	1.548260879253860e-04	1.548816618912481e-04
3167	1.510234198922600e-04	1.513561248436209e-04
3255	1.478219810702175e-04	1.479108388168207e-04
3282	1.444869478072208e-04	1.445439770745928e-04
3305	1.331638294185256e-04	1.348962882591653e-04
3317	1.314982487174987e-04	1.318256738556407e-04
3373	1.287385626466131e-04	1.288249551693134e-04
3437	1.257795602001011e-04	1.258925411794167e-04
3475	1.212879446703674e-04	1.230268770812381e-04
3496	1.192523312221194e-04	1.202264434617413e-04
3541	1.172640046054330e-04	1.174897554939529e-04
3604	1.142185947244911e-04	1.148153621496883e-04
3650	1.120038904626197e-04	1.122018454301963e-04
3735	1.095191653128769e-04	1.096478196143185e-04
3759	1.069540810867409e-04	1.071519305237606e-04
3841	1.044025746438360e-04	1.047128548050900e-04
3861	1.020476820718930e-04	1.023292992280754e-04
3926	9.999411083128074e-05	1.000000000000000e-04
4006	9.758041730478784e-05	9.772372209558111e-05
4048	9.318351904619160e-05	9.332543007969905e-05
5168	9.118226806392737e-05	9.120108393559096e-05
5354	8.903568627727232e-05	8.912509381337459e-05
5436	8.699488846652947e-05	8.709635899560814e-05
5447	8.492350553168659e-05	8.511380382023759e-05
5451	8.251064275655029e-05	8.317637711026709e-05
5508	8.104836709488250e-05	8.128305161640995e-05
5548	7.937083624431907e-05	7.943282347242822e-05
5647	7.762020994961372e-05	7.762471166286911e-05
5707	7.576041743873052e-05	7.585775750291836e-05
5771	7.410755159542592e-05	7.413102413009176e-05
5830	7.240177362299871e-05	7.244359600749906e-05
5939	7.077249575837552e-05	7.079457843841373e-05
6026	6.917354095337114e-05	6.918309709189363e-05
6096	6.756784773487290e-05	6.760829753919819e-05
6227	6.599564466747143e-05	6.606934480075965e-05
6298	6.453166011433087e-05	6.456542290346549e-05
6353	6.309452941533067e-05	6.309573444801929e-05
6436	6.150222223821888e-05	6.165950018614822e-05
6530	5.978301322839830e-05	6.025595860743581e-05
6603	5.874767052305163e-05	5.888436553555884e-05
6626	5.675601537513675e-05	5.754399373371566e-05
6628	5.581845035351751e-05	5.623413251903491e-05
6653	5.460404957535747e-05	5.495408738576248e-05
6743	5.368780530123907e-05	5.370317963702532e-05
6793	5.247854602086210e-05	5.248074602497723e-05
6863	5.126168878055726e-05	5.128613839913648e-05
6959	4.986277425611529e-05	5.011872336272725e-05
7066	4.864024726825011e-05	4.897788193684466e-05
7145	4.785805206719562e-05	4.786300923226380e-05
7221	4.673806876609454e-05	4.677351412871981e-05
7258	4.504012834116722e-05	4.570881896148752e-05
7279	4.466812280490284e-05	4.466835921509635e-05
7354	4.357553071554499e-05	4.365158322401657e-05
7369	4.184081042823973e-05	4.265795188015926e-05
7383	4.168099540935444e-05	4.168693834703355e-05
7511	4.069748547441687e-05	4.073802778041130e-05
7584	3.978708862295566e-05	3.981071705534969e-05
7640	3.719203431817864e-05	3.801893963205612e-05
7651	3.713515995384942e-05	3.715352290971728e-05
7752	3.630712078672715e-05	3.630780547701010e-05
7840	3.542206318662977e-05	3.548133892335753e-05
7912	3.466125898921035e-05	3.467368504525317e-05
7969	3.372533361889474e-05	3.388441561392028e-05
8002	3.345960037381968e-05	3.388441561392028e-05
%
% index = 119, name = bbob_f002_i21_d02__bbob_f006_i22_d02
% instance = 10, reference value = 8.657376267555130e-01
% function evaluation | indicator value | target hit
1	3.097446973972335e-01	3.162277660168379e-01
219	3.021761334046140e-01	3.090295432513591e-01
266	2.654649524027024e-01	2.691534803926916e-01
267	1.821527275223618e-01	1.862087136662867e-01
291	1.652778795299811e-01	1.659586907437560e-01
301	1.529618298332729e-01	1.548816618912481e-01
312	1.473333026137013e-01	1.479108388168208e-01
337	1.419581098713764e-01	1.445439770745928e-01
340	1.391302627708004e-01	1.412537544622754e-01
355	1.350791461922415e-01	1.380384264602885e-01
364	1.346305247479840e-01	1.348962882591654e-01
368	1.238390791316184e-01	1.258925411794167e-01
369	1.216316217005917e-01	1.230268770812381e-01
379	1.198304476043588e-01	1.202264434617413e-01
406	1.086582809274992e-01	1.096478196143185e-01
442	1.032214904728030e-01	1.047128548050900e-01
444	1.020373791395894e-01	1.023292992280754e-01
445	9.745551978004985e-02	9.772372209558107e-02
472	9.503318449860965e-02	9.549925860214359e-02
476	8.917534062938604e-02	9.120108393559097e-02
477	8.796977016896246e-02	8.912509381337455e-02
488	8.643323270320546e-02	8.709635899560805e-02
493	8.457321472462365e-02	8.511380382023763e-02
505	8.192009705879411e-02	8.317637711026708e-02
516	8.081894188663741e-02	8.128305161640990e-02
517	7.775690239851896e-02	7.943282347242814e-02
522	7.762055147572933e-02	7.762471166286916e-02
554	7.491142672663498e-02	7.585775750291836e-02
558	7.407740993114531e-02	7.413102413009177e-02
573	7.218384539192613e-02	7.244359600749903e-02
574	7.022235415948408e-02	7.079457843841380e-02
575	6.890250330702341e-02	6.918309709189366e-02
610	6.531623193820379e-02	6.606934480075961e-02
617	6.298142978355081e-02	6.309573444801933e-02
648	6.009943974264831e-02	6.025595860743578e-02
649	5.633599741885154e-02	5.754399373371569e-02
658	5.602124944669007e-02	5.623413251903491e-02
678	5.483100498362614e-02	5.495408738576246e-02
716	5.351561651185421e-02	5.370317963702527e-02
719	5.060518117524460e-02	5.128613839913648e-02
723	5.007080392632079e-02	5.011872336272722e-02
736	4.891354931596892e-02	4.897788193684462e-02
754	4.785317093309405e-02	4.786300923226382e-02
761	4.654822502699441e-02	4.677351412871981e-02
775	4.562644592537479e-02	4.570881896148749e-02
778	4.457919268362009e-02	4.466835921509630e-02
785	4.362424921180219e-02	4.365158322401658e-02
799	4.133563504746152e-02	4.168693834703355e-02
805	4.031428197259135e-02	4.073802778041128e-02
824	3.975120435453505e-02	3.981071705534973e-02
834	3.863019254336253e-02	3.890451449942807e-02
848	3.767293220955581e-02	3.801893963205612e-02
857	3.709303385778018e-02	3.715352290971726e-02
876	3.542059166535061e-02	3.548133892335755e-02
879	3.438474533411684e-02	3.467368504525317e-02
897	3.374348317509179e-02	3.388441561392026e-02
914	3.306127274779858e-02	3.311311214825911e-02
929	3.218000529794618e-02	3.235936569296283e-02
956	3.158742957448724e-02	3.162277660168379e-02
976	3.068396127508344e-02	3.090295432513590e-02
991	3.018252740674410e-02	3.019951720402016e-02
1018	2.938294789712692e-02	2.951209226666385e-02
1043	2.866194397841193e-02	2.884031503126606e-02
1072	2.804544198706005e-02	2.818382931264454e-02
1087	2.750235652530664e-02	2.754228703338166e-02
1141	2.686986711316441e-02	2.691534803926915e-02
1170	2.626418579702217e-02	2.630267991895381e-02
1211	2.565551086238960e-02	2.570395782768863e-02
1217	2.473417755502816e-02	2.511886431509579e-02
1229	2.450200501257371e-02	2.454708915685030e-02
1243	2.381311060218660e-02	2.398832919019490e-02
1274	2.327026223321482e-02	2.344228815319923e-02
1284	2.290700856870653e-02	2.290867652767773e-02
1310	2.233468058543397e-02	2.238721138568340e-02
1336	2.187444178954345e-02	2.187761623949553e-02
1364	2.125643885468653e-02	2.137962089502233e-02
1413	2.087962832872670e-02	2.089296130854040e-02
1458	2.041523043004534e-02	2.041737944669529e-02
1494	1.994143463936349e-02	1.995262314968880e-02
1533	1.945612619370685e-02	1.949844599758046e-02
1556	1.899518745065709e-02	1.905460717963247e-02
1592	1.860086069317646e-02	1.862087136662868e-02
1622	1.819432873437454e-02	1.819700858609984e-02
1657	1.771160859234511e-02	1.778279410038923e-02
1709	1.737666754771405e-02	1.737800828749375e-02
1738	1.694135032694755e-02	1.698243652461744e-02
1786	1.650850169340468e-02	1.659586907437561e-02
1820	1.617610769153854e-02	1.621810097358930e-02
1858	1.583393555253543e-02	1.584893192461113e-02
1889	1.546412454275214e-02	1.548816618912481e-02
1944	1.513058029089565e-02	1.513561248436208e-02
2003	1.450676124110306e-02	1.479108388168207e-02
2007	1.444626013910200e-02	1.445439770745927e-02
2036	1.407378944913906e-02	1.412537544622754e-02
2057	1.380337448074986e-02	1.380384264602885e-02
2111	1.348929239623009e-02	1.348962882591653e-02
2147	1.315495225338192e-02	1.318256738556407e-02
2161	1.279581636354488e-02	1.288249551693134e-02
2177	1.258676111609569e-02	1.258925411794167e-02
2200	1.227642288362440e-02	1.230268770812382e-02
2223	1.200216919715724e-02	1.202264434617413e-02
2252	1.171925212520930e-02	1.174897554939530e-02
2274	1.147424482391013e-02	1.148153621496883e-02
2294	1.121702262168212e-02	1.122018454301964e-02
2334	1.095821712652656e-02	1.096478196143185e-02
2348	1.068973053622690e-02	1.071519305237606e-02
2352	1.031776087326319e-02	1.047128548050900e-02
2355	1.022002951836520e-02	1.023292992280754e-02
2373	9.937052125861157e-03	1.000000000000000e-02
2405	9.734254364377470e-03	9.772372209558112e-03
2423	9.512682582083376e-03	9.549925860214359e-03
2442	9.292723256009938e-03	9.332543007969915e-03
2463	9.111794741883283e-03	9.120108393559097e-03
2485	8.893317095778563e-03	8.912509381337459e-03
2514	8.694231997678381e-03	8.709635899560805e-03
2524	8.489621305622030e-03	8.511380382023767e-03
2532	8.282461262229868e-03	8.317637711026709e-03
2549	8.126252739050099e-03	8.128305161640995e-03
2558	7.922275593927108e-03	7.943282347242814e-03
2562	7.744524478302428e-03	7.762471166286920e-03
2570	7.543902542676784e-03	7.585775750291836e-03
2596	7.412778026301581e-03	7.413102413009177e-03
2610	7.231154745472868e-03	7.244359600749898e-03
2624	7.027985077645682e-03	7.079457843841380e-03
2634	6.847509336980528e-03	6.918309709189363e-03
2635	6.759963135505975e-03	6.760829753919818e-03
2658	6.604021749453404e-03	6.606934480075957e-03
2673	6.371523030973436e-03	6.456542290346556e-03
2677	6.270697174389550e-03	6.309573444801930e-03
2678	6.153748242157753e-03	6.165950018614822e-03
2696	6.002571736714257e-03	6.025595860743574e-03
2723	5.868592839985975e-03	5.888436553555890e-03
2739	5.715925939971944e-03	5.754399373371567e-03
2754	5.588772678344567e-03	5.623413251903491e-03
2757	5.488423916336416e-03	5.495408738576248e-03
2787	5.364791519384848e-03	5.370317963702527e-03
2789	5.160937878320615e-03	5.248074602497728e-03
2801	5.108568339866282e-03	5.128613839913648e-03
2837	5.006629652311356e-03	5.011872336272725e-03
2871	4.897408561451266e-03	4.897788193684461e-03
2872	4.732381653498097e-03	4.786300923226385e-03
2884	4.638989642673175e-03	4.677351412871981e-03
2891	4.570779475275732e-03	4.570881896148752e-03
2906	4.466118045521550e-03	4.466835921509630e-03
2919	4.361869586553935e-03	4.365158322401661e-03
2940	4.252367032351656e-03	4.265795188015926e-03
2956	4.166808652251053e-03	4.168693834703355e-03
2967	4.054531207443923e-03	4.073802778041126e-03
2988	3.977616968655284e-03	3.981071705534973e-03
2995	3.872777124602655e-03	3.890451449942805e-03
3003	3.634478548309228e-03	3.715352290971724e-03
3005	3.629755704123161e-03	3.630780547701014e-03
3009	3.530808643730232e-03	3.548133892335753e-03
3014	3.390694337409461e-03	3.467368504525317e-03
3015	3.366373760096741e-03	3.388441561392024e-03
3021	3.309958828842996e-03	3.311311214825911e-03
3031	3.235803463112807e-03	3.235936569296281e-03
3045	3.150255342631136e-03	3.162277660168379e-03
3053	3.085457415400339e-03	3.090295432513592e-03
3066	3.006494508217661e-03	3.019951720402016e-03
3082	2.936821658513722e-03	2.951209226666387e-03
3087	2.871446684198697e-03	2.884031503126605e-03
3101	2.807133987379085e-03	2.818382931264455e-03
3113	2.742034642632896e-03	2.754228703338166e-03
3116	2.687296720961241e-03	2.691534803926917e-03
3122	2.610812417932928e-03	2.630267991895381e-03
3138	2.567670441650183e-03	2.570395782768865e-03
3161	2.511852574859530e-03	2.511886431509579e-03
3179	2.417131143666373e-03	2.454708915685031e-03
3188	2.391037401999641e-03	2.398832919019490e-03
3199	2.300495040273187e-03	2.344228815319923e-03
3214	2.287947389666201e-03	2.290867652767772e-03
3216	2.159223010702149e-03	2.187761623949552e-03
3224	2.128694130755004e-03	2.137962089502233e-03
3233	2.074587275765816e-03	2.089296130854039e-03
3237	2.038902078016824e-03	2.041737944669530e-03
3252	1.973719729393086e-03	1.995262314968879e-03
3259	1.938081974155570e-03	1.949844599758046e-03
3270	1.775511428871890e-03	1.778279410038923e-03
3276	1.719246209806014e-03	1.737800828749376e-03
3289	1.695162683862272e-03	1.698243652461744e-03
3313	1.658304452216708e-03	1.659586907437561e-03
3321	1.611670067602988e-03	1.621810097358930e-03
3330	1.584540457016725e-03	1.584893192461114e-03
3339	1.545997407062960e-03	1.548816618912481e-03
3377	1.508518088742750e-03	1.513561248436209e-03
3420	1.475340361035471e-03	1.479108388168207e-03
3440	1.444605217829409e-03	1.445439770745928e-03
3497	1.411125649777856e-03	1.412537544622754e-03
3529	1.195877318668659e-03	1.202264434617413e-03
3534	1.085989093590367e-03	1.096478196143185e-03
3564	1.071065625940393e-03	1.071519305237606e-03
3592	1.039326452773159e-03	1.047128548050900e-03
3593	9.601744265319567e-04	9.772372209558111e-04
3600	9.539978897625812e-04	9.549925860214359e-04
3620	9.301590158840023e-04	9.332543007969915e-04
3646	8.436638562394627e-04	8.511380382023768e-04
3676	8.218896984184543e-04	8.317637711026709e-04
3691	7.774883896687346e-04	7.943282347242813e-04
3696	7.760638361027361e-04	7.762471166286919e-04
3699	7.550464301127047e-04	7.585775750291835e-04
3714	7.210282175308391e-04	7.244359600749898e-04
3715	7.068628136529531e-04	7.079457843841380e-04
3729	6.915182297628775e-04	6.918309709189362e-04
3765	6.743615582547324e-04	6.760829753919819e-04
3791	6.599156028522790e-04	6.606934480075957e-04
3814	6.377086859388204e-04	6.456542290346556e-04
3824	6.300303274257013e-04	6.309573444801930e-04
3844	6.132119098222200e-04	6.165950018614823e-04
3876	6.018960625552294e-04	6.025595860743575e-04
3891	5.798135820925809e-04	5.888436553555889e-04
3899	5.708461013842481e-04	5.754399373371566e-04
3909	5.540001906468861e-04	5.623413251903491e-04
3928	5.472039858301914e-04	5.495408738576248e-04
3968	5.362344013370990e-04	5.370317963702527e-04
3999	5.242464141818060e-04	5.248074602497728e-04
4054	5.122733312351579e-04	5.128613839913648e-04
4639	5.007163087580313e-04	5.011872336272725e-04
4989	4.866863816526124e-04	4.897788193684461e-04
5279	4.776510278430290e-04	4.786300923226385e-04
5705	4.659649200507987e-04	4.677351412871981e-04
5800	4.550983617831461e-04	4.570881896148752e-04
5811	4.430476264536409e-04	4.466835921509630e-04
5894	4.364020952125625e-04	4.365158322401661e-04
5940	4.217718397113712e-04	4.265795188015926e-04
5994	4.166196772182884e-04	4.168693834703355e-04
6036	4.073480332287271e-04	4.073802778041126e-04
6077	3.979231822945906e-04	3.981071705534974e-04
6159	3.888598447816527e-04	3.890451449942805e-04
6231	3.801108853888069e-04	3.801893963205612e-04
6356	3.715253501764826e-04	3.715352290971724e-04
6429	3.610488068566120e-04	3.630780547701014e-04
6509	3.536815360796197e-04	3.548133892335753e-04
6635	3.465157239470606e-04	3.467368504525317e-04
6745	3.386009923720401e-04	3.388441561392024e-04
6822	3.306122720966309e-04	3.311311214825911e-04
6857	3.227222877020264e-04	3.235936569296281e-04
6895	3.157115337424354e-04	3.162277660168379e-04
6961	3.086824933237198e-04	3.090295432513592e-04
7051	3.011734537464728e-04	3.019951720402016e-04
7083	2.950580467279140e-04	2.951209226666387e-04
7164	2.864456711338947e-04	2.884031503126605e-04
7222	2.812357819966804e-04	2.818382931264455e-04
7258	2.753864401127126e-04	2.754228703338166e-04
7311	2.663979269881267e-04	2.691534803926917e-04
7326	2.629418706723285e-04	2.630267991895381e-04
7383	2.496942186780426e-04	2.511886431509580e-04
7440	2.453663938004613e-04	2.454708915685031e-04
7546	2.398575490025756e-04	2.398832919019490e-04
7615	2.343275874607809e-04	2.344228815319923e-04
7680	2.288984582126119e-04	2.290867652767772e-04
7719	2.238326934825841e-04	2.238721138568340e-04
7797	2.187002130469295e-04	2.187761623949552e-04
7891	2.131440829393760e-04	2.137962089502232e-04
7908	2.084534686500605e-04	2.089296130854039e-04
7952	2.030631009993789e-04	2.041737944669530e-04
8001	1.995244520632822e-04	1.995262314968879e-04
8002	1.995167887407501e-04	1.995262314968879e-04
