%
% index = 90, name = bbob_f001_i02_d02__bbob_f021_i04_d02
% instance = 1, reference value = 9.229875497276370e-01
% function evaluation | indicator value | target hit
1	8.912125982252062e-01	8.912509381337456e-01
262	5.320878067862236e-01	5.370317963702527e-01
306	3.427171907242632e-01	3.467368504525316e-01
310	3.229548587124975e-01	3.235936569296283e-01
427	2.436330522359467e-01	2.454708915685030e-01
537	2.390144527913239e-01	2.398832919019490e-01
578	2.273338096305159e-01	2.290867652767773e-01
738	2.231564630422969e-01	2.238721138568339e-01
944	2.169418913973463e-01	2.187761623949552e-01
1041	2.155307607467876e-01	2.187761623949552e-01
%
% index = 91, name = bbob_f001_i03_d02__bbob_f021_i05_d02
% instance = 2, reference value = 8.892443117314900e-01
% function evaluation | indicator value | target hit
1	1.473665851761449e+01	1.479108388168207e+01
131	1.281547904943967e+01	1.288249551693134e+01
205	4.213260247691990e+00	4.265795188015927e+00
220	7.299234971238338e-01	7.413102413009175e-01
262	3.039699407543642e-01	3.090295432513591e-01
341	2.836722617527938e-01	2.884031503126606e-01
355	2.801628247225820e-01	2.818382931264454e-01
375	2.713776591165603e-01	2.754228703338166e-01
388	2.522508183744281e-01	2.570395782768864e-01
562	2.486468830413551e-01	2.511886431509580e-01
568	2.433562486003357e-01	2.454708915685030e-01
585	2.204465431713147e-01	2.238721138568339e-01
586	2.096046883179532e-01	2.137962089502232e-01
608	1.973820232750328e-01	1.995262314968880e-01
627	1.855483362659206e-01	1.862087136662867e-01
630	1.122948061624599e-01	1.148153621496883e-01
639	1.112352880343265e-01	1.122018454301964e-01
698	1.084171746825503e-01	1.096478196143185e-01
806	1.071512604063456e-01	1.071519305237607e-01
851	1.045134083440095e-01	1.047128548050900e-01
938	1.017595913534631e-01	1.023292992280754e-01
976	7.598659467701874e-02	7.762471166286916e-02
978	7.527341961784018e-02	7.585775750291836e-02
1041	7.420034659426911e-02	7.585775750291836e-02
%
% index = 92, name = bbob_f001_i07_d02__bbob_f021_i08_d02
% instance = 3, reference value = 9.214179273838680e-01
% function evaluation | indicator value | target hit
1	1.187411476885868e+00	1.202264434617413e+00
139	8.749693886656890e-01	8.912509381337456e-01
275	8.693207281663160e-01	8.709635899560807e-01
336	5.915928200408100e-01	6.025595860743578e-01
352	3.503531755144828e-01	3.548133892335755e-01
400	3.296116833634468e-01	3.311311214825911e-01
522	3.057262030725422e-01	3.090295432513591e-01
539	2.558399990466244e-01	2.570395782768864e-01
580	2.244142129491998e-01	2.290867652767773e-01
616	2.237065359291613e-01	2.238721138568339e-01
663	2.176188815360847e-01	2.187761623949552e-01
780	1.363326832945243e-01	1.380384264602885e-01
813	1.345941376061697e-01	1.348962882591654e-01
843	1.207049675483192e-01	1.230268770812381e-01
845	1.201326376654431e-01	1.202264434617413e-01
920	1.170177444871144e-01	1.174897554939529e-01
933	1.133531625937974e-01	1.148153621496883e-01
965	1.076178803014128e-01	1.096478196143185e-01
979	8.660970548747216e-02	8.709635899560805e-02
987	7.796183677991986e-02	7.943282347242814e-02
988	4.888889927754103e-02	4.897788193684462e-02
1026	4.162586204319874e-02	4.168693834703355e-02
1041	4.156892900062725e-02	4.168693834703355e-02
%
% index = 93, name = bbob_f001_i09_d02__bbob_f021_i10_d02
% instance = 4, reference value = 9.420892794098400e-01
% function evaluation | indicator value | target hit
1	1.069699957226340e+00	1.071519305237606e+00
98	9.077991933175634e-01	9.120108393559098e-01
161	7.177972719967121e-01	7.244359600749900e-01
169	5.728916044095680e-01	5.754399373371569e-01
176	5.350848244484536e-01	5.370317963702527e-01
206	4.689482664230534e-01	4.786300923226383e-01
207	4.589183215802008e-01	4.677351412871982e-01
252	3.971329999583842e-01	3.981071705534972e-01
325	3.798376319501920e-01	3.801893963205612e-01
373	3.494938826585506e-01	3.548133892335755e-01
384	2.596548338930871e-01	2.630267991895382e-01
395	2.526394324711033e-01	2.570395782768864e-01
494	1.433224352424687e-01	1.445439770745928e-01
579	9.189421019920074e-02	9.332543007969910e-02
604	8.329275396759528e-02	8.511380382023763e-02
606	8.306295951440235e-02	8.317637711026708e-02
615	7.425168737604304e-02	7.585775750291836e-02
696	7.397038944976642e-02	7.413102413009177e-02
735	7.210721775033591e-02	7.244359600749903e-02
925	6.646308737024831e-02	6.760829753919818e-02
926	6.372739057704901e-02	6.456542290346556e-02
941	6.305539457352183e-02	6.309573444801933e-02
955	6.127481974186200e-02	6.165950018614822e-02
1014	5.801627333475279e-02	5.888436553555890e-02
1017	5.266050535372924e-02	5.370317963702527e-02
1041	5.266050535372924e-02	5.370317963702527e-02
%
% index = 94, name = bbob_f001_i11_d02__bbob_f021_i12_d02
% instance = 5, reference value = 9.400034702492270e-01
% function evaluation | indicator value | target hit
1	4.490841849055727e+00	4.570881896148751e+00
89	3.391123772144260e+00	3.467368504525317e+00
340	3.262235760085919e+00	3.311311214825911e+00
399	3.225497914911821e+00	3.235936569296283e+00
612	3.107022297936131e+00	3.162277660168380e+00
732	3.072365940933027e+00	3.090295432513591e+00
1041	3.049824492963858e+00	3.090295432513591e+00
%
% index = 95, name = bbob_f001_i13_d02__bbob_f021_i14_d02
% instance = 6, reference value = 8.844695001153690e-01
% function evaluation | indicator value | target hit
1	3.800824334851696e+00	3.801893963205611e+00
138	1.500146106603392e+00	1.513561248436208e+00
157	8.895911160133690e-01	8.912509381337456e-01
341	6.127056306317602e-01	6.165950018614822e-01
375	6.014111358767644e-01	6.025595860743578e-01
568	5.731465027814382e-01	5.754399373371569e-01
612	5.427538300634184e-01	5.495408738576245e-01
666	4.284626357149365e-01	4.365158322401660e-01
712	4.233067499880657e-01	4.265795188015927e-01
815	4.163395485270969e-01	4.168693834703354e-01
816	3.934929686612366e-01	3.981071705534972e-01
826	3.833274126016877e-01	3.890451449942806e-01
864	3.777778263799146e-01	3.801893963205612e-01
872	3.540274024352821e-01	3.548133892335755e-01
925	3.388613584178157e-01	3.467368504525316e-01
927	3.387271412697979e-01	3.388441561392025e-01
1012	3.306492900197782e-01	3.311311214825911e-01
1024	3.184381444070084e-01	3.235936569296283e-01
1041	3.184381444070084e-01	3.235936569296283e-01
%
% index = 96, name = bbob_f001_i15_d02__bbob_f021_i16_d02
% instance = 7, reference value = 9.729068039282320e-01
% function evaluation | indicator value | target hit
1	4.531238008340608e-01	4.570881896148750e-01
125	4.229228895484575e-01	4.265795188015927e-01
156	2.472431380377655e-01	2.511886431509580e-01
310	2.439111542621666e-01	2.454708915685030e-01
322	1.920530709164030e-01	1.949844599758045e-01
342	1.817530510252465e-01	1.819700858609984e-01
357	1.715248711644244e-01	1.737800828749375e-01
361	1.616058008862271e-01	1.621810097358930e-01
420	1.584694651030870e-01	1.584893192461113e-01
651	1.547831061569234e-01	1.548816618912481e-01
921	1.512308723804962e-01	1.513561248436208e-01
1041	1.497892093733982e-01	1.513561248436208e-01
%
% index = 97, name = bbob_f001_i17_d02__bbob_f021_i18_d02
% instance = 8, reference value = 9.264999225357280e-01
% function evaluation | indicator value | target hit
1	1.955416516546228e+00	1.995262314968880e+00
102	1.645057340313228e+00	1.659586907437561e+00
104	6.210651684584320e-01	6.309573444801932e-01
237	5.588465665190903e-01	5.623413251903491e-01
250	5.331029130267878e-01	5.370317963702527e-01
258	5.136672850403777e-01	5.248074602497725e-01
307	4.805752816683312e-01	4.897788193684462e-01
327	4.635748476459789e-01	4.677351412871982e-01
439	4.324935916033185e-01	4.365158322401660e-01
467	4.188494790306317e-01	4.265795188015927e-01
468	4.153936762424129e-01	4.168693834703354e-01
666	3.248975528716842e-01	3.311311214825911e-01
798	3.228661019731571e-01	3.235936569296283e-01
911	3.158922390021967e-01	3.162277660168379e-01
1041	3.154200072719630e-01	3.162277660168379e-01
%
% index = 98, name = bbob_f001_i19_d02__bbob_f021_i21_d02
% instance = 9, reference value = 6.636759983476940e-01
% function evaluation | indicator value | target hit
1	3.169391523990694e+00	3.235936569296283e+00
127	2.963509078729694e+00	3.019951720402016e+00
214	2.851520376483694e+00	2.884031503126606e+00
231	2.049149026266694e+00	2.089296130854040e+00
362	7.294949145051940e-01	7.413102413009175e-01
426	7.057745005356940e-01	7.079457843841379e-01
518	6.524397250773654e-01	6.606934480075960e-01
703	4.427138004556471e-01	4.466835921509631e-01
1015	3.961970579396956e-01	3.981071705534972e-01
1041	3.961970579396956e-01	3.981071705534972e-01
%
% index = 99, name = bbob_f001_i21_d02__bbob_f021_i22_d02
% instance = 10, reference value = 9.095825100688850e-01
% function evaluation | indicator value | target hit
1	8.194771053818811e-01	8.317637711026710e-01
110	5.932044638012469e-01	6.025595860743578e-01
250	5.876438964429542e-01	5.888436553555889e-01
332	4.940966472119218e-01	5.011872336272722e-01
365	4.785854509649806e-01	4.786300923226383e-01
403	4.650221391159250e-01	4.677351412871982e-01
449	2.671890116595739e-01	2.691534803926916e-01
454	2.629074617555294e-01	2.630267991895382e-01
585	2.562435774411759e-01	2.570395782768864e-01
651	1.943936790865239e-01	1.949844599758045e-01
657	1.551428446151022e-01	1.584893192461113e-01
672	1.522414243621705e-01	1.548816618912481e-01
701	1.513344145261782e-01	1.513561248436208e-01
705	1.447732729666800e-01	1.479108388168208e-01
748	1.445137697069191e-01	1.445439770745928e-01
824	1.396052654165919e-01	1.412537544622754e-01
845	1.363692137723899e-01	1.380384264602885e-01
876	7.001551142346951e-02	7.079457843841380e-02
902	6.880472729654841e-02	6.918309709189366e-02
906	5.021695813779492e-02	5.128613839913648e-02
923	5.011821054169285e-02	5.011872336272722e-02
970	4.482158392765834e-02	4.570881896148749e-02
1005	4.465684703608386e-02	4.466835921509630e-02
1041	4.463159368398217e-02	4.466835921509630e-02
