%
% index = 100, name = bbob_f002_i02_d02__bbob_f002_i04_d02
% instance = 1, reference value = 8.239728020332290e-001
% function evaluation | indicator value | target hit
1	2.825238727578716e-001	2.884031503126606e-001
24	2.497061563019655e-001	2.511886431509580e-001
26	1.890891838180837e-001	1.905460717963247e-001
35	1.707131132498467e-001	1.737800828749375e-001
41	1.453371874149708e-001	1.479108388168208e-001
42	1.388363419646003e-001	1.412537544622755e-001
46	1.286935348196032e-001	1.288249551693134e-001
49	1.044933651808117e-001	1.047128548050900e-001
52	9.354519902521297e-002	9.549925860214359e-002
56	5.703758845590656e-002	5.754399373371569e-002
58	5.552014192901977e-002	5.623413251903491e-002
61	5.455384642814964e-002	5.495408738576246e-002
72	5.349650611983314e-002	5.370317963702527e-002
73	4.856485606526773e-002	4.897788193684461e-002
76	4.498210468589459e-002	4.570881896148749e-002
77	3.648700444001551e-002	3.715352290971726e-002
79	2.996116184415920e-002	3.019951720402016e-002
80	2.933862464145720e-002	2.951209226666385e-002
83	2.831735529157164e-002	2.884031503126606e-002
85	2.561831259221559e-002	2.570395782768863e-002
89	2.225829139333124e-002	2.238721138568340e-002
90	2.151421160326483e-002	2.187761623949553e-002
92	2.098546966803472e-002	2.137962089502233e-002
95	2.088262230053406e-002	2.089296130854040e-002
102	1.955570262264850e-002	1.995262314968880e-002
106	1.917613670817475e-002	1.949844599758046e-002
112	1.904078887642957e-002	1.905460717963247e-002
116	1.680350537718356e-002	1.698243652461744e-002
121	1.653739642306895e-002	1.659586907437561e-002
127	1.618900538582990e-002	1.621810097358930e-002
139	1.496207530390603e-002	1.513561248436208e-002
143	1.402399866699633e-002	1.412537544622754e-002
144	1.240144416342082e-002	1.258925411794168e-002
146	1.201872226406386e-002	1.202264434617413e-002
154	1.158391262219705e-002	1.174897554939530e-002
157	1.144995735827059e-002	1.148153621496883e-002
161	1.116984646814367e-002	1.122018454301964e-002
167	1.094742080365319e-002	1.096478196143185e-002
183	1.070452021369439e-002	1.071519305237607e-002
187	1.034678007947509e-002	1.047128548050900e-002
189	9.699646822370234e-003	9.772372209558112e-003
191	8.897829328382123e-003	8.912509381337459e-003
206	8.708375846186223e-003	8.709635899560805e-003
216	8.496935635898262e-003	8.511380382023768e-003
217	8.283793998365208e-003	8.317637711026709e-003
245	8.111811947989822e-003	8.128305161640995e-003
256	7.779574003946799e-003	7.943282347242814e-003
257	7.757656059154794e-003	7.762471166286920e-003
259	7.507627948835749e-003	7.585775750291836e-003
262	6.961388455918649e-003	7.079457843841380e-003
270	6.917599134413588e-003	6.918309709189363e-003
282	6.743326362040447e-003	6.760829753919818e-003
299	5.435780894433973e-003	5.495408738576248e-003
304	5.035388906680649e-003	5.128613839913648e-003
307	4.998263416432169e-003	5.011872336272725e-003
316	4.851086600831556e-003	4.897788193684461e-003
333	4.760551158155324e-003	4.786300923226385e-003
340	4.500990072295097e-003	4.570881896148752e-003
349	4.461929150042066e-003	4.466835921509631e-003
382	4.357962992973641e-003	4.365158322401661e-003
400	4.092135144691644e-003	4.168693834703355e-003
406	4.054509138524676e-003	4.073802778041126e-003
412	3.948940218604258e-003	3.981071705534973e-003
433	3.889946935138777e-003	3.890451449942805e-003
471	3.781331768587748e-003	3.801893963205613e-003
518	3.705984277491803e-003	3.715352290971724e-003
545	3.605655232805871e-003	3.630780547701014e-003
567	3.531109531203280e-003	3.548133892335753e-003
605	3.378193849313815e-003	3.388441561392024e-003
640	3.098352862719533e-003	3.162277660168379e-003
647	3.078019717847824e-003	3.090295432513592e-003
660	3.013870636787819e-003	3.019951720402016e-003
778	2.950921126922190e-003	2.951209226666387e-003
891	2.882800897731297e-003	2.884031503126606e-003
1002	2.818276244397011e-003	2.818382931264455e-003
1162	2.753771831385921e-003	2.754228703338166e-003
1355	2.691213418904326e-003	2.691534803926917e-003
1731	2.627131265663829e-003	2.630267991895381e-003
1825	2.554108285176993e-003	2.570395782768865e-003
2002	2.511839659605331e-003	2.511886431509579e-003
2694	2.454650872044994e-003	2.454708915685031e-003
3408	2.398749171100612e-003	2.398832919019490e-003
4090	2.321819473909637e-003	2.344228815319923e-003
4282	2.288584374399161e-003	2.290867652767772e-003
5011	2.257725559552948e-003	2.290867652767772e-003
%
% index = 101, name = bbob_f002_i03_d02__bbob_f002_i05_d02
% instance = 2, reference value = 8.344746308792330e-001
% function evaluation | indicator value | target hit
1	2.748056851859835e-001	2.754228703338166e-001
3	2.519121386362236e-001	2.570395782768864e-001
50	2.342756598364914e-001	2.344228815319922e-001
52	1.888216627879895e-001	1.905460717963247e-001
54	1.854933563245138e-001	1.862087136662868e-001
55	1.679878211813227e-001	1.698243652461744e-001
59	1.102571802030875e-001	1.122018454301964e-001
63	1.044120898633943e-001	1.047128548050900e-001
67	7.477497144769540e-002	7.585775750291836e-002
68	5.912293909689137e-002	6.025595860743578e-002
70	5.800611012711232e-002	5.888436553555890e-002
72	5.497892774208790e-002	5.623413251903491e-002
74	5.470909070763919e-002	5.495408738576246e-002
78	5.141995290452428e-002	5.248074602497726e-002
81	5.083186560331898e-002	5.128613839913648e-002
83	4.827754601402601e-002	4.897788193684461e-002
86	4.668181477002253e-002	4.677351412871982e-002
89	4.224758341106005e-002	4.265795188015926e-002
95	4.093151067660339e-002	4.168693834703355e-002
97	4.057490593012469e-002	4.073802778041128e-002
100	3.926343781949127e-002	3.981071705534973e-002
101	3.887991521498169e-002	3.890451449942807e-002
102	2.420235113039693e-002	2.454708915685030e-002
103	2.104411376539961e-002	2.137962089502233e-002
106	1.736538286064582e-002	1.737800828749376e-002
107	1.654728628077340e-002	1.659586907437561e-002
108	1.607538099047756e-002	1.621810097358930e-002
113	1.578555890487665e-002	1.584893192461113e-002
116	1.531703591426326e-002	1.548816618912481e-002
119	1.505062172659100e-002	1.513561248436208e-002
123	1.288347210303076e-002	1.318256738556408e-002
124	1.260588045582112e-002	1.288249551693134e-002
128	1.258345260070126e-002	1.258925411794168e-002
129	1.228777806758274e-002	1.230268770812382e-002
131	1.183538380127425e-002	1.202264434617413e-002
133	1.164956850674881e-002	1.174897554939530e-002
134	1.123829170666335e-002	1.148153621496883e-002
137	1.121914323181483e-002	1.122018454301964e-002
146	1.096203532324591e-002	1.096478196143185e-002
147	1.065887911904928e-002	1.071519305237607e-002
150	1.043533397490826e-002	1.047128548050900e-002
157	9.862280352855302e-003	1.000000000000000e-002
164	9.750693565710789e-003	9.772372209558112e-003
175	9.510959677251241e-003	9.549925860214359e-003
180	9.291650032414722e-003	9.332543007969915e-003
186	8.904293827604159e-003	8.912509381337459e-003
188	8.532641218126580e-003	8.709635899560805e-003
190	8.392678370523266e-003	8.511380382023768e-003
195	8.284134352085637e-003	8.317637711026709e-003
204	7.973978835666196e-003	8.128305161640995e-003
211	7.937034676974930e-003	7.943282347242814e-003
213	6.388398049669064e-003	6.456542290346556e-003
217	6.299901832001909e-003	6.309573444801930e-003
226	6.125006366588415e-003	6.165950018614822e-003
228	5.888900004217823e-003	6.025595860743574e-003
229	5.818795756105999e-003	5.888436553555890e-003
230	5.523741385160874e-003	5.623413251903491e-003
233	5.493578577704938e-003	5.495408738576248e-003
245	5.316854137000338e-003	5.370317963702527e-003
248	5.223211811164918e-003	5.248074602497728e-003
253	5.123406986988877e-003	5.128613839913648e-003
262	4.974500943886961e-003	5.011872336272725e-003
271	4.877597187808447e-003	4.897788193684461e-003
284	4.784213115463398e-003	4.786300923226385e-003
295	4.658352163304458e-003	4.677351412871981e-003
305	4.566685798098935e-003	4.570881896148752e-003
325	4.460824148323050e-003	4.466835921509631e-003
352	4.355299824683412e-003	4.365158322401661e-003
364	4.185436343176252e-003	4.265795188015926e-003
372	4.166971415343168e-003	4.168693834703355e-003
398	4.072550356935212e-003	4.073802778041126e-003
450	3.975287981078157e-003	3.981071705534973e-003
498	3.884619739132345e-003	3.890451449942805e-003
593	3.801264367068735e-003	3.801893963205613e-003
730	3.714974624811074e-003	3.715352290971724e-003
854	3.630314512075961e-003	3.630780547701014e-003
885	2.975455180351361e-003	3.019951720402016e-003
906	2.950475209760661e-003	2.951209226666387e-003
1082	2.883872442501101e-003	2.884031503126606e-003
1380	2.814956940642710e-003	2.818382931264455e-003
1831	2.749740395651013e-003	2.754228703338166e-003
1877	2.661037418012158e-003	2.691534803926917e-003
2141	2.630255187523356e-003	2.630267991895381e-003
2480	2.570283538354423e-003	2.570395782768865e-003
2512	2.507654051214781e-003	2.511886431509579e-003
2672	2.450655806837565e-003	2.454708915685031e-003
2814	2.397725559289410e-003	2.398832919019490e-003
2875	1.994384686408002e-003	1.995262314968879e-003
2908	1.927095123726352e-003	1.949844599758046e-003
2921	1.859443928067694e-003	1.862087136662868e-003
2923	1.703154451940248e-003	1.737800828749376e-003
2924	1.688801730622802e-003	1.698243652461744e-003
2953	1.644517131867529e-003	1.659586907437561e-003
2970	1.609986534887975e-003	1.621810097358930e-003
3578	1.584817824824558e-003	1.584893192461114e-003
3748	1.528331465569077e-003	1.548816618912481e-003
3758	1.383459540441279e-003	1.412537544622754e-003
3780	1.379897934145724e-003	1.380384264602885e-003
3782	1.345420493783500e-003	1.348962882591653e-003
3793	1.196108512188543e-003	1.202264434617413e-003
3817	1.166671267706088e-003	1.174897554939529e-003
4286	1.148059343080599e-003	1.148153621496883e-003
5011	1.132539444000602e-003	1.148153621496883e-003
%
% index = 102, name = bbob_f002_i07_d02__bbob_f002_i08_d02
% instance = 3, reference value = 8.174368569491720e-001
% function evaluation | indicator value | target hit
1	3.593609479316561e-001	3.630780547701014e-001
23	2.005114987485605e-001	2.041737944669530e-001
42	1.450768720772038e-001	1.479108388168208e-001
55	1.266742885226758e-001	1.288249551693134e-001
62	7.520952223356303e-002	7.585775750291836e-002
63	7.160590057040961e-002	7.244359600749903e-002
64	6.369585583653581e-002	6.456542290346556e-002
65	5.844097650167057e-002	5.888436553555890e-002
72	5.561201548129913e-002	5.623413251903491e-002
76	5.014692797291720e-002	5.128613839913648e-002
78	4.767162184514040e-002	4.786300923226383e-002
79	4.553522727192483e-002	4.570881896148749e-002
82	4.132095598890195e-002	4.168693834703355e-002
83	4.058234301720365e-002	4.073802778041128e-002
85	3.976780463225604e-002	3.981071705534973e-002
88	3.887430267100644e-002	3.890451449942807e-002
93	3.117887365426608e-002	3.162277660168379e-002
97	2.313324496585600e-002	2.344228815319923e-002
99	2.287228708840716e-002	2.290867652767774e-002
105	2.235356832124202e-002	2.238721138568340e-002
110	1.984279425648905e-002	1.995262314968880e-002
114	1.947796953213010e-002	1.949844599758046e-002
115	1.773532850453874e-002	1.778279410038923e-002
119	1.617570296121718e-002	1.621810097358930e-002
121	1.550070061767050e-002	1.584893192461113e-002
122	1.529410597351200e-002	1.548816618912481e-002
127	1.494861029994044e-002	1.513561248436208e-002
128	1.435227575721820e-002	1.445439770745927e-002
130	1.405526878564212e-002	1.412537544622754e-002
132	1.281556356041702e-002	1.288249551693134e-002
134	1.256825872282552e-002	1.258925411794168e-002
139	1.096261807093468e-002	1.096478196143185e-002
142	1.070146769742597e-002	1.071519305237607e-002
143	1.036290045139388e-002	1.047128548050900e-002
147	1.022958678348129e-002	1.023292992280754e-002
149	9.980728392508520e-003	1.000000000000000e-002
155	9.685767049991467e-003	9.772372209558112e-003
159	9.353461964469623e-003	9.549925860214359e-003
162	9.279878224312865e-003	9.332543007969915e-003
163	8.872610239006318e-003	8.912509381337459e-003
165	8.070626979552520e-003	8.128305161640995e-003
174	7.907663904752948e-003	7.943282347242814e-003
176	7.442165061061989e-003	7.585775750291836e-003
180	7.411593956501705e-003	7.413102413009177e-003
189	7.221579195076266e-003	7.244359600749898e-003
191	7.052769992230923e-003	7.079457843841380e-003
198	6.855553708821183e-003	6.918309709189363e-003
201	6.711086131956590e-003	6.760829753919818e-003
209	6.590893327381830e-003	6.606934480075957e-003
214	6.263959820266285e-003	6.309573444801930e-003
216	5.341021738417329e-003	5.370317963702527e-003
225	5.109735083028366e-003	5.128613839913648e-003
234	4.968515170199583e-003	5.011872336272725e-003
239	4.846265069502032e-003	4.897788193684461e-003
241	4.783910235323985e-003	4.786300923226385e-003
245	4.606588618646823e-003	4.677351412871981e-003
254	4.389494720506537e-003	4.466835921509631e-003
261	4.340437879829406e-003	4.365158322401661e-003
270	4.212323293288578e-003	4.265795188015926e-003
278	4.145803519293723e-003	4.168693834703355e-003
288	4.073312633301685e-003	4.073802778041126e-003
300	3.937399765554295e-003	3.981071705534973e-003
307	3.879700813903875e-003	3.890451449942805e-003
323	3.801131050912510e-003	3.801893963205613e-003
346	3.697096736333561e-003	3.715352290971724e-003
353	3.472446023906395e-003	3.548133892335753e-003
355	3.466344674725064e-003	3.467368504525317e-003
374	3.388385490893819e-003	3.388441561392024e-003
378	3.019591887806539e-003	3.019951720402016e-003
385	2.934853067345755e-003	2.951209226666387e-003
394	2.861788201038440e-003	2.884031503126606e-003
400	2.792891164906997e-003	2.818382931264455e-003
419	2.747196329121016e-003	2.754228703338166e-003
448	2.686155186270134e-003	2.691534803926917e-003
468	2.630118881460697e-003	2.630267991895381e-003
483	2.570175337632041e-003	2.570395782768865e-003
496	2.511174625854706e-003	2.511886431509579e-003
532	2.454198792383067e-003	2.454708915685031e-003
551	2.398282710056710e-003	2.398832919019490e-003
600	2.343662347143560e-003	2.344228815319923e-003
644	2.290169909910600e-003	2.290867652767772e-003
679	2.238273159690829e-003	2.238721138568340e-003
743	2.184985578082666e-003	2.187761623949552e-003
820	2.137953025307393e-003	2.137962089502233e-003
873	2.084164879231465e-003	2.089296130854039e-003
1013	2.039943438989389e-003	2.041737944669530e-003
1108	1.992174599220409e-003	1.995262314968879e-003
1214	1.948209066297668e-003	1.949844599758046e-003
1299	1.905200247012351e-003	1.905460717963246e-003
1371	1.820752290352612e-003	1.862087136662868e-003
1375	1.745770465072516e-003	1.778279410038923e-003
1383	1.731919955119898e-003	1.737800828749376e-003
1401	1.672305462169232e-003	1.698243652461744e-003
1407	1.642938099318925e-003	1.659586907437561e-003
1454	1.583479881833161e-003	1.584893192461114e-003
1469	1.547418661610456e-003	1.548816618912481e-003
1548	1.512877796079115e-003	1.513561248436209e-003
1685	1.477659213958926e-003	1.479108388168207e-003
2024	1.445423894561482e-003	1.445439770745928e-003
2516	1.412461962709055e-003	1.412537544622754e-003
3242	1.379994429113740e-003	1.380384264602885e-003
3555	1.348961700800233e-003	1.348962882591653e-003
4196	1.301826767721059e-003	1.318256738556408e-003
4202	1.286592460792879e-003	1.288249551693134e-003
4204	1.222131352433542e-003	1.230268770812381e-003
4249	1.175126624518241e-003	1.202264434617413e-003
4260	1.174243613156323e-003	1.174897554939529e-003
4274	1.125462552184486e-003	1.148153621496883e-003
4280	1.071762497965700e-003	1.096478196143185e-003
4282	1.070039117408217e-003	1.071519305237606e-003
5011	1.047796804447776e-003	1.071519305237606e-003
%
% index = 103, name = bbob_f002_i09_d02__bbob_f002_i10_d02
% instance = 4, reference value = 8.830875183294010e-001
% function evaluation | indicator value | target hit
1	1.057739694736401e+000	1.071519305237606e+000
34	8.113796810684917e-001	8.128305161640993e-001
45	4.251376840484776e-001	4.265795188015927e-001
52	1.584714734145705e-001	1.584893192461113e-001
62	1.532592132946730e-001	1.548816618912481e-001
74	1.139866553298137e-001	1.148153621496883e-001
76	1.112031432428832e-001	1.122018454301964e-001
77	9.722258616805657e-002	9.772372209558107e-002
83	8.107959522181130e-002	8.128305161640990e-002
92	6.078899893462342e-002	6.165950018614822e-002
93	5.790157455648515e-002	5.888436553555890e-002
97	3.461263834597306e-002	3.467368504525317e-002
98	3.012110685715153e-002	3.019951720402016e-002
99	2.865056462159754e-002	2.884031503126606e-002
100	2.599957312452084e-002	2.630267991895382e-002
102	2.481942777086610e-002	2.511886431509579e-002
103	2.374662968347718e-002	2.398832919019490e-002
105	2.201986587068028e-002	2.238721138568340e-002
108	2.164869860544283e-002	2.187761623949553e-002
109	2.109738603973510e-002	2.137962089502233e-002
111	2.041683482728107e-002	2.041737944669530e-002
113	1.976148329437255e-002	1.995262314968880e-002
117	1.944148684019698e-002	1.949844599758046e-002
118	1.710309649628550e-002	1.737800828749376e-002
120	1.680874447902980e-002	1.698243652461744e-002
121	1.643446407248239e-002	1.659586907437561e-002
126	1.581145619324553e-002	1.584893192461113e-002
128	1.519070203322603e-002	1.548816618912481e-002
129	1.296396384264187e-002	1.318256738556408e-002
130	1.285918661373542e-002	1.288249551693134e-002
131	1.253154476199725e-002	1.258925411794168e-002
132	1.182598079224573e-002	1.202264434617413e-002
134	1.161431962226267e-002	1.174897554939530e-002
137	1.132301538224356e-002	1.148153621496883e-002
142	1.100643402953383e-002	1.122018454301964e-002
143	1.073180157634446e-002	1.096478196143185e-002
144	1.069696195790826e-002	1.071519305237607e-002
147	1.047099861939793e-002	1.047128548050900e-002
156	1.015937733040095e-002	1.023292992280754e-002
159	9.918282363635234e-003	1.000000000000000e-002
163	9.582357203666181e-003	9.772372209558112e-003
167	9.526918181374522e-003	9.549925860214359e-003
178	9.293272401867725e-003	9.332543007969915e-003
179	9.013459515113009e-003	9.120108393559097e-003
182	8.871363817646194e-003	8.912509381337459e-003
186	8.673241060870196e-003	8.709635899560805e-003
188	8.387920794621917e-003	8.511380382023768e-003
196	8.249226647929597e-003	8.317637711026709e-003
203	8.002768558092344e-003	8.128305161640995e-003
207	7.938432384556826e-003	7.943282347242814e-003
216	7.634476802443557e-003	7.762471166286920e-003
222	7.565403109764168e-003	7.585775750291836e-003
230	7.403665462871745e-003	7.413102413009177e-003
250	7.239199405556507e-003	7.244359600749898e-003
266	7.047462835878315e-003	7.079457843841380e-003
285	6.916139023318002e-003	6.918309709189363e-003
306	6.751463898919785e-003	6.760829753919818e-003
357	6.594157851090077e-003	6.606934480075957e-003
397	6.448877779183015e-003	6.456542290346556e-003
430	6.306712050751950e-003	6.309573444801930e-003
489	6.161711017090399e-003	6.165950018614822e-003
557	6.013293467064917e-003	6.025595860743574e-003
630	5.886104283865490e-003	5.888436553555890e-003
787	5.752557872901520e-003	5.754399373371567e-003
1012	5.590868517624248e-003	5.623413251903491e-003
1067	5.493950810130821e-003	5.495408738576248e-003
1256	5.368814569664426e-003	5.370317963702527e-003
1458	5.246152207751709e-003	5.248074602497728e-003
1471	5.085872542491710e-003	5.128613839913648e-003
1683	5.002234073116174e-003	5.011872336272725e-003
1790	4.896054427378171e-003	4.897788193684461e-003
1793	4.760269571727926e-003	4.786300923226385e-003
1974	4.676883254565611e-003	4.677351412871981e-003
2308	4.566194882849151e-003	4.570881896148752e-003
2345	4.466798009124084e-003	4.466835921509631e-003
2877	4.358399207817332e-003	4.365158322401661e-003
3076	4.264877851829607e-003	4.265795188015926e-003
3186	4.168689541412918e-003	4.168693834703355e-003
3379	4.052858881952948e-003	4.073802778041126e-003
3835	3.981058874947707e-003	3.981071705534973e-003
5011	3.897400992825095e-003	3.981071705534973e-003
%
% index = 104, name = bbob_f002_i11_d02__bbob_f002_i12_d02
% instance = 5, reference value = 8.493435635647650e-001
% function evaluation | indicator value | target hit
1	7.694606345087506e+003	7.762471166286920e+003
35	5.460487746954281e+003	5.495408738576249e+003
38	1.528284739577452e+003	1.548816618912481e+003
52	2.668541026861265e+000	2.691534803926916e+000
123	1.745881538716265e+000	1.778279410038923e+000
138	1.476456709988265e+000	1.479108388168207e+000
141	7.874842786055938e-001	7.943282347242815e-001
148	7.180461127405570e-001	7.244359600749900e-001
149	3.400316589305781e-001	3.467368504525316e-001
152	2.332388056223770e-001	2.344228815319922e-001
155	2.042337890618799e-001	2.089296130854039e-001
161	1.863854472102378e-001	1.905460717963247e-001
162	1.809507418763361e-001	1.819700858609984e-001
166	1.765578059249333e-001	1.778279410038923e-001
169	1.501392818731675e-001	1.513561248436208e-001
170	1.455829552704430e-001	1.479108388168208e-001
172	1.344141258125321e-001	1.348962882591654e-001
174	1.303934427481728e-001	1.318256738556407e-001
176	1.195671880363844e-001	1.202264434617413e-001
178	1.173082031617045e-001	1.174897554939529e-001
182	1.096326772283282e-001	1.096478196143185e-001
185	9.919512900193428e-002	1.000000000000000e-001
187	9.771322425051976e-002	9.772372209558107e-002
195	9.516756016942829e-002	9.549925860214359e-002
206	8.955956289626832e-002	9.120108393559097e-002
207	8.873317745532339e-002	8.912509381337455e-002
210	8.529471925377685e-002	8.709635899560805e-002
212	8.336175324755379e-002	8.511380382023763e-002
213	8.256373984273502e-002	8.317637711026708e-002
223	8.101347554394756e-002	8.128305161640990e-002
228	7.935004303784865e-002	7.943282347242814e-002
235	7.704121197718750e-002	7.762471166286916e-002
244	7.529625861742118e-002	7.585775750291836e-002
246	7.391401646410745e-002	7.413102413009177e-002
256	7.182434247794045e-002	7.244359600749903e-002
259	7.014153126331668e-002	7.079457843841380e-002
260	6.868347738679015e-002	6.918309709189366e-002
263	6.693118945854015e-002	6.760829753919818e-002
265	6.507006563926643e-002	6.606934480075961e-002
266	6.378031996995959e-002	6.456542290346556e-002
268	6.276693820660051e-002	6.309573444801933e-002
272	6.133897363194407e-002	6.165950018614822e-002
276	5.951183570690544e-002	6.025595860743578e-002
278	5.882209571396269e-002	5.888436553555890e-002
282	5.708026324320048e-002	5.754399373371569e-002
286	5.606961819363909e-002	5.623413251903491e-002
293	5.490960907739051e-002	5.495408738576246e-002
304	5.346569340959539e-002	5.370317963702527e-002
309	5.061521071128028e-002	5.128613839913648e-002
314	4.989543955841991e-002	5.011872336272722e-002
320	4.891019979867439e-002	4.897788193684461e-002
332	4.784277746576282e-002	4.786300923226383e-002
340	4.654750635019589e-002	4.677351412871982e-002
352	4.425582619893942e-002	4.466835921509630e-002
356	4.327374447807397e-002	4.365158322401658e-002
358	4.262064379847408e-002	4.265795188015926e-002
365	4.034761489835481e-002	4.073802778041128e-002
369	3.815058796561799e-002	3.890451449942807e-002
370	3.760195503421371e-002	3.801893963205612e-002
371	3.686158903066006e-002	3.715352290971726e-002
375	3.607355522189193e-002	3.630780547701014e-002
383	3.546255055808212e-002	3.548133892335755e-002
390	3.445256383289963e-002	3.467368504525317e-002
394	3.379030578142273e-002	3.388441561392026e-002
405	3.228590028238132e-002	3.235936569296283e-002
415	3.152211275129258e-002	3.162277660168379e-002
424	3.082536619800336e-002	3.090295432513590e-002
432	3.005978678417298e-002	3.019951720402016e-002
458	2.949710897882163e-002	2.951209226666385e-002
476	2.870186425537635e-002	2.884031503126606e-002
485	2.789727353880023e-002	2.818382931264454e-002
498	2.752120675736691e-002	2.754228703338166e-002
517	2.675360645661284e-002	2.691534803926915e-002
520	2.627319696291464e-002	2.630267991895382e-002
529	2.569440280219060e-002	2.570395782768863e-002
542	2.511039017958905e-002	2.511886431509579e-002
545	2.396826069800140e-002	2.398832919019490e-002
569	2.224421954520028e-002	2.238721138568340e-002
598	2.187011863807997e-002	2.187761623949553e-002
605	2.129700299811155e-002	2.137962089502233e-002
608	1.994740233522918e-002	1.995262314968880e-002
614	1.897142311768985e-002	1.905460717963247e-002
620	1.825852299335340e-002	1.862087136662868e-002
622	1.811833114909989e-002	1.819700858609984e-002
638	1.758448309900917e-002	1.778279410038923e-002
645	1.735909115953860e-002	1.737800828749376e-002
662	1.696140054009254e-002	1.698243652461744e-002
700	1.657870476597034e-002	1.659586907437561e-002
731	1.619803217933002e-002	1.621810097358930e-002
736	1.582487298117385e-002	1.584893192461113e-002
758	1.547907559099881e-002	1.548816618912481e-002
795	1.510146284452762e-002	1.513561248436208e-002
853	1.478935881927568e-002	1.479108388168207e-002
928	1.442632867381588e-002	1.445439770745927e-002
1098	1.412519923297972e-002	1.412537544622754e-002
1184	1.379231627115718e-002	1.380384264602885e-002
1354	1.348549310276070e-002	1.348962882591653e-002
1711	1.318253588575324e-002	1.318256738556408e-002
3098	1.287600703027914e-002	1.288249551693134e-002
5011	1.270786601732121e-002	1.288249551693134e-002
%
% index = 105, name = bbob_f002_i13_d02__bbob_f002_i14_d02
% instance = 6, reference value = 8.269201121678690e-001
% function evaluation | indicator value | target hit
1	2.559012454981410e-001	2.570395782768864e-001
18	2.244180266691863e-001	2.290867652767773e-001
34	1.529099356499274e-001	1.548816618912481e-001
53	1.498668978459136e-001	1.513561248436208e-001
54	1.314054667591139e-001	1.318256738556407e-001
56	9.858765433374017e-002	1.000000000000000e-001
62	9.303089797438602e-002	9.332543007969910e-002
64	7.026682817030261e-002	7.079457843841380e-002
65	6.364279722394051e-002	6.456542290346556e-002
67	6.086928152593885e-002	6.165950018614822e-002
68	5.546111188988945e-002	5.623413251903491e-002
72	5.454712759161862e-002	5.495408738576246e-002
78	5.258476681922875e-002	5.370317963702527e-002
80	5.175834121271283e-002	5.248074602497726e-002
88	4.931222918662348e-002	5.011872336272722e-002
90	3.752494282521113e-002	3.801893963205612e-002
92	3.713047724843133e-002	3.715352290971726e-002
96	3.494781918739276e-002	3.548133892335755e-002
97	3.393180584037847e-002	3.467368504525317e-002
98	3.181759743046120e-002	3.235936569296283e-002
103	3.062687998091029e-002	3.090295432513590e-002
104	3.014072514035804e-002	3.019951720402016e-002
112	2.144962103122750e-002	2.187761623949553e-002
113	2.112856827882303e-002	2.137962089502233e-002
115	2.081928713990933e-002	2.089296130854040e-002
119	2.017490767715913e-002	2.041737944669530e-002
124	1.631864369362879e-002	1.659586907437561e-002
128	1.621084159613029e-002	1.621810097358930e-002
132	1.581813081914418e-002	1.584893192461113e-002
140	1.523300950333972e-002	1.548816618912481e-002
141	1.502470834107306e-002	1.513561248436208e-002
142	1.369507038207907e-002	1.380384264602885e-002
144	1.241814360108118e-002	1.258925411794168e-002
145	1.229401205740355e-002	1.230268770812382e-002
148	1.195060438041995e-002	1.202264434617413e-002
149	1.144803611301348e-002	1.148153621496883e-002
157	1.119863189470916e-002	1.122018454301964e-002
162	1.091679857756023e-002	1.096478196143185e-002
172	1.045915312329959e-002	1.047128548050900e-002
177	1.021506354527135e-002	1.023292992280754e-002
182	9.992535132616220e-003	1.000000000000000e-002
185	9.368569850120800e-003	9.549925860214359e-003
187	9.301749222216160e-003	9.332543007969915e-003
189	9.092398688355541e-003	9.120108393559097e-003
198	8.890292886332474e-003	8.912509381337459e-003
204	8.704352285395123e-003	8.709635899560805e-003
209	8.471456882313544e-003	8.511380382023768e-003
226	8.310708932012911e-003	8.317637711026709e-003
245	8.033217531578485e-003	8.128305161640995e-003
256	7.939711950692319e-003	7.943282347242814e-003
284	7.760642660296968e-003	7.762471166286920e-003
297	7.539999647321993e-003	7.585775750291836e-003
306	7.379912922545140e-003	7.413102413009177e-003
325	7.225562992288936e-003	7.244359600749898e-003
360	7.078375392920666e-003	7.079457843841380e-003
404	6.916395050832080e-003	6.918309709189363e-003
489	6.759991259094655e-003	6.760829753919818e-003
594	6.605069004989250e-003	6.606934480075957e-003
801	6.455305130331213e-003	6.456542290346556e-003
1322	6.308133047660647e-003	6.309573444801930e-003
2156	6.162660787222385e-003	6.165950018614822e-003
3017	5.969415446278714e-003	6.025595860743574e-003
3038	5.879843440372068e-003	5.888436553555890e-003
3067	3.904692915711827e-003	3.981071705534973e-003
3073	3.875117789650884e-003	3.890451449942805e-003
3092	2.285299315323730e-003	2.290867652767772e-003
3139	2.210556143453557e-003	2.238721138568340e-003
3153	2.176267541999732e-003	2.187761623949552e-003
3158	2.035244816676052e-003	2.041737944669530e-003
3191	1.988474831342790e-003	1.995262314968879e-003
3254	1.941561147275173e-003	1.949844599758046e-003
3291	1.903350002785298e-003	1.905460717963246e-003
3352	1.802895658923331e-003	1.819700858609983e-003
3363	1.721819373625255e-003	1.737800828749376e-003
3375	1.696717498297140e-003	1.698243652461744e-003
3447	1.574330026338555e-003	1.584893192461114e-003
3496	1.532415135890419e-003	1.548816618912481e-003
3517	1.504423249982456e-003	1.513561248436209e-003
3535	1.149304104375859e-003	1.174897554939529e-003
3546	1.135360886612480e-003	1.148153621496883e-003
3568	1.119971673950837e-003	1.122018454301963e-003
3576	1.093671171747301e-003	1.096478196143185e-003
3656	1.071082754829256e-003	1.071519305237606e-003
3698	8.043797547804266e-004	8.128305161640995e-004
3755	7.940619826963813e-004	7.943282347242813e-004
3822	7.761152652749903e-004	7.762471166286919e-004
3881	7.572761686867047e-004	7.585775750291835e-004
3929	7.412890507564329e-004	7.413102413009177e-004
3993	6.524378708482326e-004	6.606934480075958e-004
4060	6.455680844544842e-004	6.456542290346556e-004
4075	6.228720354835016e-004	6.309573444801930e-004
4108	6.142043357594273e-004	6.165950018614822e-004
4201	6.022556589003747e-004	6.025595860743575e-004
4280	5.888318194435804e-004	5.888436553555889e-004
4335	5.753290180833259e-004	5.754399373371566e-004
4408	5.623210020007097e-004	5.623413251903491e-004
4672	5.492771727827472e-004	5.495408738576249e-004
4833	5.368361716275860e-004	5.370317963702527e-004
4860	4.345853629047491e-004	4.365158322401661e-004
4912	4.259434172386722e-004	4.265795188015926e-004
4930	4.164909344422929e-004	4.168693834703355e-004
5011	4.091738375021636e-004	4.168693834703355e-004
%
% index = 106, name = bbob_f002_i15_d02__bbob_f002_i16_d02
% instance = 7, reference value = 8.271161498133260e-001
% function evaluation | indicator value | target hit
1	1.084508068218326e+000	1.096478196143185e+000
16	2.380959665070761e-001	2.398832919019490e-001
55	2.187826441641059e-001	2.238721138568340e-001
56	1.952429506450925e-001	1.995262314968880e-001
65	1.633439419508157e-001	1.659586907437561e-001
69	1.621470674966256e-001	1.621810097358930e-001
73	7.211128771127251e-002	7.244359600749903e-002
78	6.897920698883420e-002	6.918309709189366e-002
80	6.407407477494254e-002	6.456542290346556e-002
86	5.960497996905501e-002	6.025595860743578e-002
91	4.620344142314004e-002	4.677351412871982e-002
92	4.412888223368061e-002	4.466835921509630e-002
94	4.338194080703661e-002	4.365158322401658e-002
97	4.256384771589250e-002	4.265795188015926e-002
100	3.885932234947798e-002	3.890451449942807e-002
103	2.917121884160512e-002	2.951209226666385e-002
104	2.710687537433565e-002	2.754228703338166e-002
106	2.673436350156921e-002	2.691534803926915e-002
107	2.584904587785153e-002	2.630267991895382e-002
110	2.502526773553893e-002	2.511886431509579e-002
115	2.437454754861546e-002	2.454708915685030e-002
117	2.269044932713948e-002	2.290867652767774e-002
120	2.137596744347370e-002	2.137962089502233e-002
124	2.085685099495560e-002	2.089296130854040e-002
126	2.035002010775999e-002	2.041737944669530e-002
135	1.990956155020862e-002	1.995262314968880e-002
142	1.824727548007987e-002	1.862087136662868e-002
145	1.595204906191550e-002	1.621810097358930e-002
150	1.584306078719000e-002	1.584893192461113e-002
154	1.544863029410215e-002	1.548816618912481e-002
157	1.439029179393880e-002	1.445439770745927e-002
162	1.373001442688948e-002	1.380384264602885e-002
168	1.280797142618739e-002	1.288249551693134e-002
171	1.255136545738833e-002	1.258925411794168e-002
173	1.134743221932066e-002	1.148153621496883e-002
174	1.118332968566704e-002	1.122018454301964e-002
178	1.095001616757563e-002	1.096478196143185e-002
183	1.065532523111068e-002	1.071519305237607e-002
186	1.029937355810751e-002	1.047128548050900e-002
189	1.008467529862855e-002	1.023292992280754e-002
193	9.725711891198974e-003	9.772372209558112e-003
196	9.504491135657323e-003	9.549925860214359e-003
207	9.321658493774421e-003	9.332543007969915e-003
213	8.414846334468096e-003	8.511380382023768e-003
216	5.968799783639400e-003	6.025595860743574e-003
218	5.847705595187325e-003	5.888436553555890e-003
221	5.708225084277152e-003	5.754399373371567e-003
227	5.613402195302042e-003	5.623413251903491e-003
239	5.479574645835816e-003	5.495408738576248e-003
240	5.360706609937260e-003	5.370317963702527e-003
252	5.244426760448451e-003	5.248074602497728e-003
274	5.089418594299677e-003	5.128613839913648e-003
277	5.011038183518224e-003	5.011872336272725e-003
290	4.894279862414752e-003	4.897788193684461e-003
312	4.785192363512159e-003	4.786300923226385e-003
346	4.672519090240579e-003	4.677351412871981e-003
376	4.564550074943607e-003	4.570881896148752e-003
398	4.465430267823423e-003	4.466835921509631e-003
436	4.358026438346596e-003	4.365158322401661e-003
453	4.260881532705763e-003	4.265795188015926e-003
499	4.168574961746829e-003	4.168693834703355e-003
553	4.072020474324534e-003	4.073802778041126e-003
583	3.961732722296718e-003	3.981071705534973e-003
647	3.889690493658060e-003	3.890451449942805e-003
738	3.372145910844449e-003	3.388441561392024e-003
746	3.191057689373666e-003	3.235936569296281e-003
753	3.162242711860941e-003	3.162277660168379e-003
789	3.083609988423053e-003	3.090295432513592e-003
830	3.019947727229466e-003	3.019951720402016e-003
937	2.951095820968197e-003	2.951209226666387e-003
1135	2.878470220099016e-003	2.884031503126606e-003
1248	2.815767959707172e-003	2.818382931264455e-003
1363	2.754181606603123e-003	2.754228703338166e-003
1757	2.690384575806726e-003	2.691534803926917e-003
2326	2.630253908773694e-003	2.630267991895381e-003
3363	2.570215812615961e-003	2.570395782768865e-003
3920	2.511509137594570e-003	2.511886431509579e-003
4827	2.122801542196906e-003	2.137962089502233e-003
4832	1.865361388273090e-003	1.905460717963246e-003
4862	1.430775765306591e-003	1.445439770745928e-003
4869	1.371414237163138e-003	1.380384264602885e-003
4878	1.232103942700458e-003	1.258925411794168e-003
4882	1.228550847655940e-003	1.230268770812381e-003
4893	1.011760323361588e-003	1.023292992280754e-003
4915	9.807742351187754e-004	1.000000000000000e-003
4918	9.615999639978057e-004	9.772372209558111e-004
5011	9.600974737227208e-004	9.772372209558111e-004
%
% index = 107, name = bbob_f002_i17_d02__bbob_f002_i18_d02
% instance = 8, reference value = 8.167758180753090e-001
% function evaluation | indicator value | target hit
1	7.771330850873836e-001	7.943282347242815e-001
62	2.558072335258274e-001	2.570395782768864e-001
75	2.100317830314294e-001	2.137962089502232e-001
79	1.776884094526762e-001	1.778279410038923e-001
80	1.196424592085583e-001	1.202264434617413e-001
82	1.081901333085378e-001	1.096478196143185e-001
87	8.409911835469530e-002	8.511380382023763e-002
92	8.265747607849894e-002	8.317637711026708e-002
94	8.103231520714782e-002	8.128305161640990e-002
98	7.925089694628718e-002	7.943282347242814e-002
100	5.136383961014734e-002	5.248074602497726e-002
102	4.848476458581430e-002	4.897788193684461e-002
105	4.700905542703637e-002	4.786300923226383e-002
107	3.063134485513863e-002	3.090295432513590e-002
108	2.991556239386051e-002	3.019951720402016e-002
109	2.750110609547662e-002	2.754228703338166e-002
114	2.410064377549548e-002	2.454708915685030e-002
115	2.272122359793527e-002	2.290867652767774e-002
120	2.204708754791585e-002	2.238721138568340e-002
121	2.106033887887493e-002	2.137962089502233e-002
124	2.081213848263253e-002	2.089296130854040e-002
126	1.917337133415031e-002	1.949844599758046e-002
129	1.897871680149754e-002	1.905460717963247e-002
133	1.790971961418120e-002	1.819700858609984e-002
134	1.689413748460866e-002	1.698243652461744e-002
137	1.643729277148842e-002	1.659586907437561e-002
140	1.621742350312105e-002	1.621810097358930e-002
145	1.550085042521820e-002	1.584893192461113e-002
146	1.546270449271103e-002	1.548816618912481e-002
149	1.500681103348200e-002	1.513561248436208e-002
155	1.475358178489095e-002	1.479108388168207e-002
158	1.440091623569029e-002	1.445439770745927e-002
160	1.322722476139138e-002	1.348962882591653e-002
161	1.317689018499524e-002	1.318256738556408e-002
165	1.034510255468757e-002	1.047128548050900e-002
166	9.993130074887668e-003	1.000000000000000e-002
169	9.760385367560520e-003	9.772372209558112e-003
171	9.191393160910999e-003	9.332543007969915e-003
173	9.061619683695121e-003	9.120108393559097e-003
175	8.895954152559171e-003	8.912509381337459e-003
180	8.188818167620626e-003	8.317637711026709e-003
181	8.041970848486235e-003	8.128305161640995e-003
182	7.888476929727939e-003	7.943282347242814e-003
185	7.754305841440323e-003	7.762471166286920e-003
187	7.584637958693019e-003	7.585775750291836e-003
188	7.337468857503304e-003	7.413102413009177e-003
191	6.721547163244357e-003	6.760829753919818e-003
195	6.580413040120137e-003	6.606934480075957e-003
201	6.336139722367795e-003	6.456542290346556e-003
204	6.199889973124262e-003	6.309573444801930e-003
205	5.992730781416156e-003	6.025595860743574e-003
209	5.746122316679259e-003	5.754399373371567e-003
214	5.617196446431994e-003	5.623413251903491e-003
218	5.330370504760817e-003	5.370317963702527e-003
223	5.233246430241367e-003	5.248074602497728e-003
228	5.079516174854137e-003	5.128613839913648e-003
230	4.919184056735415e-003	5.011872336272725e-003
238	4.897249280841454e-003	4.897788193684461e-003
261	4.771206361584679e-003	4.786300923226385e-003
267	4.640368882701473e-003	4.677351412871981e-003
269	4.568225793724401e-003	4.570881896148752e-003
275	4.465970603753755e-003	4.466835921509631e-003
292	4.321612558674248e-003	4.365158322401661e-003
293	4.264894256181928e-003	4.265795188015926e-003
305	4.076334008022653e-003	4.168693834703355e-003
307	4.071939946852399e-003	4.073802778041126e-003
331	3.980230457407807e-003	3.981071705534973e-003
340	3.888322102543196e-003	3.890451449942805e-003
349	3.801766002691442e-003	3.801893963205613e-003
360	3.695280982833116e-003	3.715352290971724e-003
372	3.619694526322381e-003	3.630780547701014e-003
379	3.546300979655692e-003	3.548133892335753e-003
384	3.428924709910963e-003	3.467368504525317e-003
393	3.387413731330891e-003	3.388441561392024e-003
418	3.307670828787690e-003	3.311311214825911e-003
430	3.221778735042036e-003	3.235936569296281e-003
450	3.157059674134377e-003	3.162277660168379e-003
486	3.068698043719786e-003	3.090295432513592e-003
499	3.001525166941965e-003	3.019951720402016e-003
516	2.950335221234446e-003	2.951209226666387e-003
532	2.871384270529465e-003	2.884031503126606e-003
560	2.811570486425552e-003	2.818382931264455e-003
562	2.704695130375967e-003	2.754228703338166e-003
567	2.689868710329502e-003	2.691534803926917e-003
605	2.612144669684624e-003	2.630267991895381e-003
620	2.556616588734073e-003	2.570395782768865e-003
655	2.476475311632864e-003	2.511886431509579e-003
679	2.454697936756789e-003	2.454708915685031e-003
707	2.352150120001784e-003	2.398832919019490e-003
710	2.343610662315143e-003	2.344228815319923e-003
723	2.274220987739661e-003	2.290867652767772e-003
728	2.236236982905537e-003	2.238721138568340e-003
736	2.140743371420006e-003	2.187761623949552e-003
738	2.136468995495244e-003	2.137962089502233e-003
780	1.897003050723045e-003	1.905460717963246e-003
784	1.853239795019612e-003	1.862087136662868e-003
820	1.819621901803292e-003	1.819700858609983e-003
839	1.765930246570013e-003	1.778279410038923e-003
850	1.730331460704448e-003	1.737800828749376e-003
892	1.698236048248147e-003	1.698243652461744e-003
995	1.648076602734139e-003	1.659586907437561e-003
1062	1.621683219243719e-003	1.621810097358930e-003
1116	1.582420162729803e-003	1.584893192461114e-003
1169	1.548568067466505e-003	1.548816618912481e-003
1227	1.510767518594580e-003	1.513561248436209e-003
1307	1.478993105836213e-003	1.479108388168207e-003
1329	1.441514526587806e-003	1.445439770745928e-003
1330	1.353079012796576e-003	1.380384264602885e-003
1346	1.348445296774248e-003	1.348962882591653e-003
1356	1.313749820065602e-003	1.318256738556408e-003
1444	1.286572296076205e-003	1.288249551693134e-003
1555	1.258917398583748e-003	1.258925411794168e-003
1634	1.213573882160035e-003	1.230268770812381e-003
1651	1.190576235920782e-003	1.202264434617413e-003
1702	1.168332558595053e-003	1.174897554939529e-003
1770	1.147561904422778e-003	1.148153621496883e-003
1956	1.121951984670577e-003	1.122018454301963e-003
2208	1.096471403242427e-003	1.096478196143185e-003
2477	1.070606220298531e-003	1.071519305237606e-003
2481	1.038660288417481e-003	1.047128548050900e-003
2705	1.023255911452581e-003	1.023292992280754e-003
2966	9.999701368931246e-004	1.000000000000000e-003
3538	9.772343726168753e-004	9.772372209558111e-004
3602	9.546581891060058e-004	9.549925860214359e-004
3653	9.318604385558649e-004	9.332543007969915e-004
4027	9.099233791916017e-004	9.120108393559096e-004
4680	8.671472677855840e-004	8.709635899560805e-004
5011	8.603883975210058e-004	8.709635899560805e-004
%
% index = 108, name = bbob_f002_i19_d02__bbob_f002_i21_d02
% instance = 9, reference value = 8.327541199809360e-001
% function evaluation | indicator value | target hit
1	2.539044216085180e-001	2.570395782768864e-001
70	2.177956581046322e-001	2.187761623949552e-001
76	1.638422558886999e-001	1.659586907437561e-001
77	1.358379021075226e-001	1.380384264602885e-001
86	8.156558215082421e-002	8.317637711026708e-002
87	7.526667485520555e-002	7.585775750291836e-002
89	7.377093034572413e-002	7.413102413009177e-002
94	6.425086003864600e-002	6.456542290346556e-002
95	5.886464232329602e-002	5.888436553555890e-002
96	5.719952884466051e-002	5.754399373371569e-002
97	5.016731536878361e-002	5.128613839913648e-002
98	4.861575124779272e-002	4.897788193684461e-002
99	4.650151382169121e-002	4.677351412871982e-002
104	4.410799537117838e-002	4.466835921509630e-002
105	4.327965488221086e-002	4.365158322401658e-002
110	4.253754737408244e-002	4.265795188015926e-002
114	4.156331293206506e-002	4.168693834703355e-002
117	2.517575598461919e-002	2.570395782768863e-002
118	2.486543724412926e-002	2.511886431509579e-002
119	2.439467849544297e-002	2.454708915685030e-002
120	2.383715028895617e-002	2.398832919019490e-002
123	2.064498147100291e-002	2.089296130854040e-002
124	2.000294633096345e-002	2.041737944669530e-002
125	1.966657986022469e-002	1.995262314968880e-002
127	1.572982801301726e-002	1.584893192461113e-002
130	1.317313176850021e-002	1.318256738556408e-002
133	1.259596074748604e-002	1.288249551693134e-002
134	1.256080797532977e-002	1.258925411794168e-002
135	1.220493927821309e-002	1.230268770812382e-002
136	1.199321284618715e-002	1.202264434617413e-002
137	1.171584928869973e-002	1.174897554939530e-002
141	1.134852643818018e-002	1.148153621496883e-002
143	1.099076047414693e-002	1.122018454301964e-002
144	1.073050284542132e-002	1.096478196143185e-002
146	1.005018482639808e-002	1.023292992280754e-002
147	9.970311411777733e-003	1.000000000000000e-002
148	9.551470913794491e-003	9.772372209558112e-003
149	9.528766384217846e-003	9.549925860214359e-003
153	9.241903235056137e-003	9.332543007969915e-003
159	9.064433398008776e-003	9.120108393559097e-003
162	8.715635573154468e-003	8.912509381337459e-003
163	8.707806134400586e-003	8.709635899560805e-003
169	8.155837874365912e-003	8.317637711026709e-003
172	7.815403673706922e-003	7.943282347242814e-003
175	7.712933619065221e-003	7.762471166286920e-003
181	7.563675927977798e-003	7.585775750291836e-003
182	7.312857942587181e-003	7.413102413009177e-003
183	7.215613243010677e-003	7.244359600749898e-003
185	7.064116710427504e-003	7.079457843841380e-003
191	6.805131346156568e-003	6.918309709189363e-003
197	6.741028386851422e-003	6.760829753919818e-003
203	6.571311258118828e-003	6.606934480075957e-003
208	6.451532174842178e-003	6.456542290346556e-003
209	6.201366469035019e-003	6.309573444801930e-003
210	6.164599292430184e-003	6.165950018614822e-003
217	6.016750985372688e-003	6.025595860743574e-003
229	5.879256235548080e-003	5.888436553555890e-003
236	5.732756345012136e-003	5.754399373371567e-003
247	5.620964701338882e-003	5.623413251903491e-003
254	5.077170891039318e-003	5.128613839913648e-003
262	5.010389659854786e-003	5.011872336272725e-003
265	4.790851828242349e-003	4.897788193684461e-003
266	4.769991977555232e-003	4.786300923226385e-003
277	4.631835530117145e-003	4.677351412871981e-003
287	4.565947632912959e-003	4.570881896148752e-003
299	4.192991810888502e-003	4.265795188015926e-003
301	3.875928693605091e-003	3.890451449942805e-003
306	3.794619487146878e-003	3.801893963205613e-003
320	3.668931379929741e-003	3.715352290971724e-003
326	3.588290206466782e-003	3.630780547701014e-003
327	3.393016383802960e-003	3.467368504525317e-003
332	3.383659415570173e-003	3.388441561392024e-003
354	3.301450284606378e-003	3.311311214825911e-003
370	3.219519267855131e-003	3.235936569296281e-003
375	2.988830759363736e-003	3.019951720402016e-003
378	2.916020993003810e-003	2.951209226666387e-003
380	2.867038707167646e-003	2.884031503126606e-003
388	2.804930263976879e-003	2.818382931264455e-003
392	2.748007491095938e-003	2.754228703338166e-003
396	2.689834841868133e-003	2.691534803926917e-003
408	2.605483731224267e-003	2.630267991895381e-003
433	2.569217811482782e-003	2.570395782768865e-003
445	2.504603503045599e-003	2.511886431509579e-003
457	2.451387194285726e-003	2.454708915685031e-003
474	2.358381751492500e-003	2.398832919019490e-003
476	2.343384656568470e-003	2.344228815319923e-003
505	2.275147872309757e-003	2.290867652767772e-003
526	2.237425762033340e-003	2.238721138568340e-003
530	2.179237385505295e-003	2.187761623949552e-003
533	2.093135975137606e-003	2.137962089502233e-003
538	2.087506311010845e-003	2.089296130854039e-003
558	2.041730736916714e-003	2.041737944669530e-003
577	1.958019921388110e-003	1.995262314968879e-003
584	1.949766050495350e-003	1.949844599758046e-003
629	1.900797883174321e-003	1.905460717963246e-003
652	1.854816120152925e-003	1.862087136662868e-003
699	1.817986848617670e-003	1.819700858609983e-003
767	1.777719795156840e-003	1.778279410038923e-003
819	1.734761799002227e-003	1.737800828749376e-003
837	1.678899287236635e-003	1.698243652461744e-003
880	1.659177217751662e-003	1.659586907437561e-003
924	1.611086810193507e-003	1.621810097358930e-003
989	1.583658574863311e-003	1.584893192461114e-003
1104	1.548012977277691e-003	1.548816618912481e-003
1120	1.512152843376691e-003	1.513561248436209e-003
1219	1.478674680109315e-003	1.479108388168207e-003
1255	1.444879812645294e-003	1.445439770745928e-003
1319	1.411335830977412e-003	1.412537544622754e-003
1408	1.379362247293292e-003	1.380384264602885e-003
1504	1.252679565052706e-003	1.258925411794168e-003
1514	1.134963557548607e-003	1.148153621496883e-003
1528	1.035303436089374e-003	1.047128548050900e-003
1565	1.021994287385142e-003	1.023292992280754e-003
1653	9.991635165274015e-004	1.000000000000000e-003
1695	9.358035629376538e-004	9.549925860214359e-004
1721	9.299040476888898e-004	9.332543007969915e-004
1787	9.115459459345665e-004	9.120108393559096e-004
1852	8.877342207243011e-004	8.912509381337459e-004
1853	8.665397574608713e-004	8.709635899560805e-004
1938	8.510374087545847e-004	8.511380382023768e-004
2053	8.313518946858611e-004	8.317637711026709e-004
2173	8.119774176716943e-004	8.128305161640995e-004
2285	7.942144894255154e-004	7.943282347242813e-004
2309	7.727261406954566e-004	7.762471166286919e-004
2481	7.579841630727113e-004	7.585775750291835e-004
2488	7.280693032307717e-004	7.413102413009177e-004
2543	7.244270707504885e-004	7.244359600749898e-004
2956	7.078803890532281e-004	7.079457843841380e-004
3356	6.916855194922800e-004	6.918309709189362e-004
3905	6.759292052568311e-004	6.760829753919819e-004
4505	6.587615489112020e-004	6.606934480075958e-004
5011	6.487135590466098e-004	6.606934480075958e-004
%
% index = 109, name = bbob_f002_i21_d02__bbob_f002_i22_d02
% instance = 10, reference value = 8.268609604407280e-001
% function evaluation | indicator value | target hit
1	9.344502372807280e-001	9.549925860214360e-001
214	9.032550343692281e-001	9.120108393559098e-001
256	8.883513253607280e-001	8.912509381337456e-001
337	8.588841086492280e-001	8.709635899560806e-001
351	8.158798749450331e-001	8.317637711026710e-001
375	8.105446634828377e-001	8.128305161640993e-001
398	7.546453111442921e-001	7.585775750291838e-001
430	6.937747530702839e-001	7.079457843841379e-001
434	6.851876607238835e-001	6.918309709189364e-001
500	6.683164039517159e-001	6.760829753919818e-001
571	6.555150994352799e-001	6.606934480075960e-001
619	6.412268421401435e-001	6.456542290346555e-001
679	6.267202723445199e-001	6.309573444801933e-001
680	6.068054580422951e-001	6.165950018614822e-001
705	5.992672131306288e-001	6.025595860743578e-001
718	5.878299355221521e-001	5.888436553555889e-001
721	5.663996182595812e-001	5.754399373371569e-001
772	5.594384230652993e-001	5.623413251903491e-001
794	5.399591216112992e-001	5.495408738576245e-001
802	5.243081582491076e-001	5.248074602497725e-001
813	4.952906605151796e-001	5.011872336272722e-001
854	4.653599032672190e-001	4.677351412871982e-001
909	4.238192805283251e-001	4.265795188015927e-001
918	3.980531447974446e-001	3.981071705534973e-001
928	3.268074992483805e-001	3.311311214825911e-001
969	2.850195500904191e-001	2.884031503126606e-001
988	2.754857033165820e-001	2.818382931264454e-001
1000	2.754053883936842e-001	2.754228703338166e-001
1003	2.581524552204516e-001	2.630267991895382e-001
1049	2.368896658663472e-001	2.398832919019490e-001
1080	2.286730826741354e-001	2.290867652767773e-001
1115	2.138281556437067e-001	2.187761623949552e-001
1125	1.987725142875715e-001	1.995262314968880e-001
1132	1.912895810956137e-001	1.949844599758046e-001
1167	1.824713461893116e-001	1.862087136662868e-001
1177	1.727022235134124e-001	1.737800828749375e-001
1302	1.321018360614157e-001	1.348962882591654e-001
1324	1.243400032020620e-001	1.258925411794167e-001
1356	1.202513987743162e-001	1.230268770812382e-001
1383	1.202181957040416e-001	1.202264434617413e-001
1466	8.968044041286416e-002	9.120108393559097e-002
1480	8.776994817641326e-002	8.912509381337455e-002
1534	6.996988447972363e-002	7.079457843841380e-002
1555	5.825491797355886e-002	5.888436553555890e-002
1666	5.593001760939864e-002	5.623413251903491e-002
1750	4.548659277151568e-002	4.570881896148749e-002
1764	4.060904991912506e-002	4.073802778041128e-002
1996	2.926090342985255e-002	2.951209226666385e-002
2037	2.490537987919406e-002	2.511886431509579e-002
2056	2.441567304211345e-002	2.454708915685030e-002
3319	2.393818662643410e-002	2.398832919019490e-002
4455	1.628035407738371e-002	1.659586907437561e-002
4472	1.616980487202380e-002	1.621810097358930e-002
4473	1.415841774498272e-002	1.445439770745927e-002
4484	1.410313570055788e-002	1.412537544622754e-002
4551	1.348455708146668e-002	1.348962882591653e-002
4583	1.301747633327610e-002	1.318256738556408e-002
4591	9.959702732889819e-003	1.000000000000000e-002
4618	9.323540522079399e-003	9.332543007969915e-003
4664	9.047428657561807e-003	9.120108393559097e-003
5011	8.950129142060836e-003	9.120108393559097e-003
