%
% index = 280, name = bbob_f008_i02_d02__bbob_f013_i04_d02
% instance = 1, reference value = 9.724563913326740e-01
% function evaluation | indicator value | target hit
1	7.230030068214546e-01	7.244359600749900e-01
357	7.070433946855883e-01	7.079457843841379e-01
370	6.631235656397404e-01	6.760829753919817e-01
399	4.284415357355031e-01	4.365158322401660e-01
411	4.034234052901767e-01	4.073802778041127e-01
428	3.889488001968125e-01	3.890451449942806e-01
429	1.819686802377656e-01	1.819700858609984e-01
440	1.600245765140063e-01	1.621810097358930e-01
452	1.372784346224799e-01	1.380384264602885e-01
486	1.243067517111027e-01	1.258925411794167e-01
497	1.077741296144192e-01	1.096478196143185e-01
498	9.909720155082202e-02	1.000000000000000e-01
518	8.435413124069246e-02	8.511380382023763e-02
524	6.894290633376343e-02	6.918309709189366e-02
560	6.078734401564245e-02	6.165950018614822e-02
566	5.915876990881408e-02	6.025595860743578e-02
567	5.436409005398790e-02	5.495408738576246e-02
581	4.969021475603919e-02	5.011872336272722e-02
633	4.856086763391554e-02	4.897788193684462e-02
652	4.164528378246568e-02	4.168693834703355e-02
656	3.479256965066013e-02	3.548133892335755e-02
657	3.311347572477141e-02	3.388441561392026e-02
658	3.007778374918224e-02	3.019951720402016e-02
669	2.868201862382636e-02	2.884031503126606e-02
676	2.659639955507076e-02	2.691534803926915e-02
680	2.624729516272184e-02	2.630267991895381e-02
683	2.540245497318072e-02	2.570395782768863e-02
709	2.457086991896462e-02	2.511886431509579e-02
710	2.374840500776121e-02	2.398832919019490e-02
736	2.331061417346114e-02	2.344228815319923e-02
748	2.236804509818091e-02	2.238721138568340e-02
760	2.157321921993505e-02	2.187761623949553e-02
798	2.133701342513183e-02	2.137962089502233e-02
800	2.026573000503351e-02	2.041737944669529e-02
808	1.978286849959010e-02	1.995262314968880e-02
811	1.947266034278572e-02	1.949844599758046e-02
813	1.868863920043984e-02	1.905460717963247e-02
814	1.831101950597724e-02	1.862087136662868e-02
815	1.776150896577189e-02	1.778279410038923e-02
819	1.686804431202793e-02	1.698243652461744e-02
823	1.659061937040684e-02	1.659586907437561e-02
834	1.582742749007837e-02	1.584893192461113e-02
843	1.378794389370297e-02	1.380384264602885e-02
851	1.344716637462340e-02	1.348962882591653e-02
857	1.282336002636342e-02	1.288249551693134e-02
878	1.232200957597807e-02	1.258925411794167e-02
885	1.212742063863681e-02	1.230268770812382e-02
886	1.189857781582027e-02	1.202264434617413e-02
887	1.174272795533182e-02	1.174897554939530e-02
901	1.131646371211259e-02	1.148153621496883e-02
906	1.110351499038675e-02	1.122018454301964e-02
910	1.092994621969812e-02	1.096478196143185e-02
915	1.031752893383320e-02	1.047128548050900e-02
926	1.015505415660756e-02	1.023292992280754e-02
932	9.952894010254121e-03	1.000000000000000e-02
933	8.994096261562223e-03	9.120108393559097e-03
935	8.854103208630337e-03	8.912509381337459e-03
936	8.600596502933433e-03	8.709635899560805e-03
940	8.355210737457153e-03	8.511380382023767e-03
946	8.120683128829964e-03	8.128305161640995e-03
956	7.936629860514466e-03	7.943282347242814e-03
962	7.740479811116585e-03	7.762471166286920e-03
966	7.149790666580280e-03	7.244359600749898e-03
972	7.063647989154376e-03	7.079457843841380e-03
994	6.877161340965832e-03	6.918309709189363e-03
997	6.713387043515207e-03	6.760829753919818e-03
1004	6.604571973004458e-03	6.606934480075957e-03
1012	6.368751994304644e-03	6.456542290346556e-03
1018	5.818946192870933e-03	5.888436553555890e-03
1019	5.667118155986195e-03	5.754399373371567e-03
1024	5.617381668475585e-03	5.623413251903491e-03
1033	5.235825188082965e-03	5.248074602497728e-03
1037	5.118438454478680e-03	5.128613839913648e-03
1042	4.697083020687720e-03	4.786300923226385e-03
1044	4.659986281903339e-03	4.677351412871981e-03
1054	4.529700083566346e-03	4.570881896148752e-03
1058	4.455433219533234e-03	4.466835921509630e-03
1085	4.363461544719227e-03	4.365158322401661e-03
1089	4.024136821873858e-03	4.073802778041126e-03
1092	3.934839560788328e-03	3.981071705534973e-03
1095	3.889615186676409e-03	3.890451449942805e-03
1109	3.799399306536055e-03	3.801893963205613e-03
1126	3.706484793793319e-03	3.715352290971724e-03
1136	3.610217817399675e-03	3.630780547701014e-03
1142	3.421602958920911e-03	3.467368504525317e-03
1145	3.379221127390863e-03	3.388441561392024e-03
1147	3.256115771708146e-03	3.311311214825911e-03
1148	3.228554537146322e-03	3.235936569296281e-03
1152	3.021598234889011e-03	3.090295432513592e-03
1154	3.011742309174892e-03	3.019951720402016e-03
1169	2.904125453868756e-03	2.951209226666387e-03
1170	2.877253380748290e-03	2.884031503126605e-03
1177	2.807691168184911e-03	2.818382931264455e-03
1193	2.750239583755087e-03	2.754228703338166e-03
1213	2.672050231661616e-03	2.691534803926917e-03
1226	2.610694350083542e-03	2.630267991895381e-03
1236	2.567709757839376e-03	2.570395782768865e-03
1245	2.488170307265891e-03	2.511886431509579e-03
1248	2.439008564702139e-03	2.454708915685031e-03
1266	2.359455325619875e-03	2.398832919019490e-03
1271	2.299151653125109e-03	2.344228815319923e-03
1275	2.282594798670878e-03	2.290867652767772e-03
1306	2.237780464658834e-03	2.238721138568340e-03
1327	2.184589020601146e-03	2.187761623949552e-03
1335	2.106877494681525e-03	2.137962089502233e-03
1340	2.088575077493382e-03	2.089296130854039e-03
1351	1.987556369238974e-03	1.995262314968879e-03
1375	1.907505047335500e-03	1.949844599758046e-03
1396	1.904331728908026e-03	1.905460717963246e-03
1475	1.860855173941633e-03	1.862087136662868e-03
1513	1.817237999790278e-03	1.819700858609983e-03
1558	1.776660226020965e-03	1.778279410038923e-03
1577	1.737719542411975e-03	1.737800828749376e-03
1583	1.638783045665670e-03	1.659586907437561e-03
1584	1.614738478837752e-03	1.621810097358930e-03
1593	1.578946166611361e-03	1.584893192461114e-03
1617	1.546075465031826e-03	1.548816618912481e-03
1664	1.510787678342562e-03	1.513561248436209e-03
1680	1.472424979753417e-03	1.479108388168207e-03
1754	1.443710150495159e-03	1.445439770745928e-03
1772	1.410872113803086e-03	1.412537544622754e-03
1793	1.376269682953568e-03	1.380384264602885e-03
1804	1.347890745702185e-03	1.348962882591653e-03
1846	1.315801547558948e-03	1.318256738556408e-03
1947	1.287565693746218e-03	1.288249551693134e-03
2001	1.284700182373588e-03	1.288249551693134e-03
%
% index = 281, name = bbob_f008_i03_d02__bbob_f013_i05_d02
% instance = 2, reference value = 9.991655198127470e-01
% function evaluation | indicator value | target hit
1	7.383602298228322e-01	7.413102413009175e-01
145	2.920612614324086e-01	2.951209226666385e-01
230	3.106236597982381e-02	3.162277660168379e-02
276	3.088596775401420e-02	3.090295432513590e-02
296	2.783945315042424e-02	2.818382931264454e-02
306	2.709569618963359e-02	2.754228703338166e-02
315	2.663800916785997e-02	2.691534803926915e-02
358	2.499915874282788e-02	2.511886431509579e-02
406	2.092279762906657e-02	2.137962089502233e-02
407	1.983209019856347e-02	1.995262314968880e-02
425	1.924128585846596e-02	1.949844599758046e-02
508	1.895602771202265e-02	1.905460717963247e-02
539	1.851873290701034e-02	1.862087136662868e-02
557	1.811946747269177e-02	1.819700858609984e-02
583	1.640679318589100e-02	1.659586907437561e-02
596	1.383223027522840e-02	1.412537544622754e-02
792	1.275682445406490e-02	1.288249551693134e-02
919	1.003266744836517e-02	1.023292992280754e-02
930	9.192815129583143e-03	9.332543007969915e-03
1000	4.532291748670092e-03	4.570881896148752e-03
1594	4.446058242189022e-03	4.466835921509630e-03
1620	4.339115379859537e-03	4.365158322401661e-03
1783	4.224605929612602e-03	4.265795188015926e-03
2001	4.224353457440211e-03	4.265795188015926e-03
%
% index = 282, name = bbob_f008_i07_d02__bbob_f013_i08_d02
% instance = 3, reference value = 9.932803094038030e-01
% function evaluation | indicator value | target hit
1	9.439138818866191e-01	9.549925860214360e-01
282	8.134892008340369e-01	8.317637711026710e-01
308	8.035400877713875e-01	8.128305161640993e-01
324	4.465309589204540e-01	4.466835921509631e-01
406	3.281401223240616e-01	3.311311214825911e-01
457	2.169644225906130e-01	2.187761623949552e-01
463	1.354039517677105e-01	1.380384264602885e-01
480	1.230510055869156e-01	1.258925411794167e-01
494	1.229777861149954e-01	1.230268770812381e-01
504	1.013165425860059e-01	1.023292992280754e-01
514	6.751687767708381e-02	6.760829753919818e-02
554	3.869219609098629e-02	3.890451449942807e-02
604	3.776508059296591e-02	3.801893963205612e-02
633	3.643626016651924e-02	3.715352290971726e-02
648	2.506868142889829e-02	2.511886431509579e-02
682	2.305948156955862e-02	2.344228815319923e-02
683	2.213510768694171e-02	2.238721138568340e-02
735	2.171379812352081e-02	2.187761623949553e-02
772	2.121865253383504e-02	2.137962089502233e-02
775	1.788279538239557e-02	1.819700858609984e-02
809	1.712455394585410e-02	1.737800828749375e-02
830	1.603557109745946e-02	1.621810097358930e-02
852	1.508634313708324e-02	1.513561248436208e-02
853	1.445710432206093e-02	1.479108388168207e-02
854	1.442847467561958e-02	1.445439770745927e-02
866	1.403918951132432e-02	1.412537544622754e-02
877	1.352143381222970e-02	1.380384264602885e-02
889	1.284706924244050e-02	1.288249551693134e-02
906	1.202782343977216e-02	1.230268770812382e-02
915	1.199293734423346e-02	1.202264434617413e-02
922	1.165591966793345e-02	1.174897554939530e-02
952	1.147144219472662e-02	1.148153621496883e-02
976	1.120086963465916e-02	1.122018454301964e-02
1012	1.063770695181243e-02	1.071519305237606e-02
1113	1.046988695493156e-02	1.047128548050900e-02
1202	1.022957674200242e-02	1.023292992280754e-02
1353	9.995527654331648e-03	1.000000000000000e-02
2001	9.851056948770753e-03	1.000000000000000e-02
%
% index = 283, name = bbob_f008_i09_d02__bbob_f013_i10_d02
% instance = 4, reference value = 9.669085990550870e-01
% function evaluation | indicator value | target hit
1	1.216309225341087e+00	1.230268770812382e+00
318	3.061908234273517e-01	3.090295432513591e-01
323	2.228299269514621e-01	2.238721138568339e-01
374	2.159678284880552e-01	2.187761623949552e-01
414	1.183034161310605e-01	1.202264434617413e-01
552	1.088796120794387e-01	1.096478196143185e-01
554	8.871683220246962e-02	8.912509381337455e-02
559	4.561925971816105e-02	4.570881896148749e-02
564	4.278322410823621e-02	4.365158322401658e-02
597	3.681837807444799e-02	3.715352290971726e-02
634	3.500654647589263e-02	3.548133892335755e-02
638	3.369954895581617e-02	3.388441561392026e-02
646	3.000171072090496e-02	3.019951720402016e-02
652	2.922469002964323e-02	2.951209226666385e-02
662	2.766186456833009e-02	2.818382931264454e-02
663	2.646258699033766e-02	2.691534803926915e-02
683	2.610744396416642e-02	2.630267991895381e-02
694	2.570292931429852e-02	2.570395782768863e-02
707	2.493443149312358e-02	2.511886431509579e-02
726	2.422686735817015e-02	2.454708915685030e-02
745	2.339740730606199e-02	2.344228815319923e-02
770	2.266496695239562e-02	2.290867652767773e-02
780	2.147658168156930e-02	2.187761623949553e-02
783	2.119326072385941e-02	2.137962089502233e-02
796	2.089036564829139e-02	2.089296130854040e-02
797	1.768834665573338e-02	1.778279410038923e-02
803	1.736901285203851e-02	1.737800828749375e-02
811	1.690543817947865e-02	1.698243652461744e-02
828	1.657631750714306e-02	1.659586907437561e-02
844	1.617085982186561e-02	1.621810097358930e-02
853	1.584539002605068e-02	1.584893192461113e-02
878	1.547944784784550e-02	1.548816618912481e-02
905	1.513391405589304e-02	1.513561248436208e-02
914	1.477664657211841e-02	1.479108388168207e-02
955	1.433249749353305e-02	1.445439770745927e-02
964	1.407760985268858e-02	1.412537544622754e-02
972	1.374583859690648e-02	1.380384264602885e-02
999	1.286802709733958e-02	1.288249551693134e-02
1103	7.220801078051564e-03	7.244359600749898e-03
1112	6.928676302240366e-03	7.079457843841380e-03
1113	6.674346007179977e-03	6.760829753919818e-03
1135	6.433415195759906e-03	6.456542290346556e-03
1187	6.224048009674354e-03	6.309573444801930e-03
1200	6.139130562532014e-03	6.165950018614822e-03
1209	5.525471929362258e-03	5.623413251903491e-03
1212	5.493010108852614e-03	5.495408738576248e-03
1231	5.232894993934867e-03	5.248074602497728e-03
1252	5.063783856844362e-03	5.128613839913648e-03
1268	4.993519305256711e-03	5.011872336272725e-03
1318	4.897149947303725e-03	4.897788193684461e-03
1324	4.763847503306828e-03	4.786300923226385e-03
1353	4.663668660808917e-03	4.677351412871981e-03
1368	4.066285593236740e-03	4.073802778041126e-03
1400	3.970475266630080e-03	3.981071705534973e-03
1413	3.238697084700259e-03	3.311311214825911e-03
1436	3.235821248697812e-03	3.235936569296281e-03
1513	3.132453019803028e-03	3.162277660168379e-03
1525	3.043570642648374e-03	3.090295432513592e-03
1535	2.983833514020096e-03	3.019951720402016e-03
1559	2.230088587389822e-03	2.238721138568340e-03
1594	2.183917685448677e-03	2.187761623949552e-03
1657	2.114736849577858e-03	2.137962089502233e-03
1673	2.088453126624978e-03	2.089296130854039e-03
1693	2.040861395652183e-03	2.041737944669530e-03
1701	1.994988583145174e-03	1.995262314968879e-03
1716	1.942292401148737e-03	1.949844599758046e-03
1727	1.902628457528976e-03	1.905460717963246e-03
1804	1.860042201875745e-03	1.862087136662868e-03
1847	1.810860770961042e-03	1.819700858609983e-03
2001	1.788826007621980e-03	1.819700858609983e-03
%
% index = 284, name = bbob_f008_i11_d02__bbob_f013_i12_d02
% instance = 5, reference value = 9.885290054670119e-01
% function evaluation | indicator value | target hit
1	1.897719645836129e+01	1.905460717963247e+01
117	1.599205570115016e+01	1.621810097358930e+01
192	1.184772156671001e+01	1.202264434617413e+01
193	9.267720264561428e+00	9.332543007969910e+00
216	9.599907766449997e-01	9.772372209558107e-01
451	5.680806227921671e-01	5.754399373371569e-01
485	5.383870241883071e-01	5.495408738576245e-01
503	5.277293895118355e-01	5.370317963702527e-01
536	5.212904373784406e-01	5.248074602497725e-01
578	1.830004884125439e-01	1.862087136662867e-01
646	1.315681134758242e-01	1.318256738556407e-01
668	9.316738750581099e-02	9.332543007969910e-02
687	6.225722783943388e-02	6.309573444801933e-02
724	4.661861806461576e-02	4.677351412871981e-02
725	4.532127428575938e-02	4.570881896148749e-02
762	3.661134572814961e-02	3.715352290971726e-02
782	3.617016780585314e-02	3.630780547701014e-02
784	3.269788315946343e-02	3.311311214825911e-02
808	2.890000283674521e-02	2.951209226666385e-02
809	2.704597593516200e-02	2.754228703338166e-02
844	2.451689445153504e-02	2.454708915685030e-02
852	2.336960409123778e-02	2.344228815319923e-02
911	1.910345006619019e-02	1.949844599758046e-02
917	1.759312617346187e-02	1.778279410038923e-02
968	1.733607217068711e-02	1.737800828749375e-02
1032	1.661172826841439e-02	1.698243652461744e-02
1041	1.635535917054742e-02	1.659586907437561e-02
1064	1.508404963071919e-02	1.513561248436208e-02
1065	1.334852756294636e-02	1.348962882591653e-02
1098	1.275832397806431e-02	1.288249551693134e-02
1100	1.189378934225893e-02	1.202264434617413e-02
1107	1.040888197827305e-02	1.047128548050900e-02
1114	7.010657086819250e-03	7.079457843841380e-03
1115	6.520012312839274e-03	6.606934480075957e-03
1116	5.908934267612853e-03	6.025595860743574e-03
1117	5.772126821904866e-03	5.888436553555890e-03
1124	5.733803889083178e-03	5.754399373371567e-03
1125	5.534204053182168e-03	5.623413251903491e-03
1130	5.357825819038764e-03	5.370317963702527e-03
1162	5.223973981395291e-03	5.248074602497728e-03
1193	4.974696657315869e-03	5.011872336272725e-03
1213	4.896905416392983e-03	4.897788193684461e-03
1229	4.739864458949916e-03	4.786300923226385e-03
1235	4.579178730517386e-03	4.677351412871981e-03
1247	4.561382953496285e-03	4.570881896148752e-03
1253	3.845183279157727e-03	3.890451449942805e-03
1259	3.777143084813472e-03	3.801893963205613e-03
1261	3.685875118443205e-03	3.715352290971724e-03
1269	3.582947655224933e-03	3.630780547701014e-03
1274	3.426404455037502e-03	3.467368504525317e-03
1285	3.149332953679806e-03	3.162277660168379e-03
1298	3.027260849186364e-03	3.090295432513592e-03
1299	3.016664076848752e-03	3.019951720402016e-03
1316	2.901926485183393e-03	2.951209226666387e-03
1320	2.868259346985647e-03	2.884031503126605e-03
1326	2.763191945523213e-03	2.818382931264455e-03
1327	2.710593818422646e-03	2.754228703338166e-03
1329	2.671202938103079e-03	2.691534803926917e-03
1341	2.628152653263882e-03	2.630267991895381e-03
1357	2.569129792579505e-03	2.570395782768865e-03
1362	2.466970351779119e-03	2.511886431509579e-03
1373	2.453543714293738e-03	2.454708915685031e-03
1377	2.394040121181717e-03	2.398832919019490e-03
1385	2.344226120263970e-03	2.344228815319923e-03
1405	2.288235760198210e-03	2.290867652767772e-03
1437	2.233407458807402e-03	2.238721138568340e-03
1455	2.186729053643033e-03	2.187761623949552e-03
1481	2.137919514999864e-03	2.137962089502233e-03
1664	2.085513024191576e-03	2.089296130854039e-03
1704	2.037847548306937e-03	2.041737944669530e-03
1731	1.993992224208041e-03	1.995262314968879e-03
1777	1.949452287328901e-03	1.949844599758046e-03
1833	1.903589718101562e-03	1.905460717963246e-03
1839	1.699414552749023e-03	1.737800828749376e-03
1841	1.697923750962893e-03	1.698243652461744e-03
1890	1.647449076293328e-03	1.659586907437561e-03
1918	1.598937102226916e-03	1.621810097358930e-03
2001	1.589761881354512e-03	1.621810097358930e-03
%
% index = 285, name = bbob_f008_i13_d02__bbob_f013_i14_d02
% instance = 6, reference value = 9.675275699312530e-01
% function evaluation | indicator value | target hit
1	3.882824811805753e+00	3.890451449942806e+00
387	3.739181024210253e+00	3.801893963205611e+00
460	3.191507523982974e+00	3.235936569296283e+00
465	2.254485461570753e+00	2.290867652767773e+00
473	1.045970812091753e+00	1.047128548050900e+00
714	1.006034292466253e+00	1.023292992280754e+00
738	9.470533954880566e-01	9.549925860214360e-01
776	8.310509276566876e-01	8.317637711026710e-01
794	8.050011045080525e-01	8.128305161640993e-01
808	7.755939329461971e-01	7.762471166286917e-01
910	7.327229144578411e-01	7.413102413009175e-01
928	7.236311280602332e-01	7.244359600749900e-01
1020	6.820070983201371e-01	6.918309709189365e-01
1062	6.222880328770781e-01	6.309573444801932e-01
1496	6.160520019610962e-01	6.165950018614822e-01
2001	6.051652484230498e-01	6.165950018614822e-01
%
% index = 286, name = bbob_f008_i15_d02__bbob_f013_i16_d02
% instance = 7, reference value = 9.811061736710410e-01
% function evaluation | indicator value | target hit
1	2.508374889478541e+00	2.511886431509580e+00
253	7.765248847114983e-01	7.943282347242815e-01
353	5.182361272038191e-01	5.248074602497725e-01
450	4.960454523324349e-01	5.011872336272722e-01
471	3.193855106927003e-01	3.235936569296283e-01
504	2.721904481229307e-01	2.754228703338166e-01
522	2.291493617499885e-01	2.344228815319922e-01
537	7.597694198280991e-02	7.762471166286916e-02
548	7.512881947944405e-02	7.585775750291836e-02
553	5.765459849207455e-02	5.888436553555890e-02
586	5.243275487784904e-02	5.248074602497726e-02
587	4.706098260865499e-02	4.786300923226382e-02
610	4.544922723170630e-02	4.570881896148749e-02
639	4.419383295513335e-02	4.466835921509630e-02
645	3.313984800573033e-02	3.388441561392026e-02
648	3.187415162175045e-02	3.235936569296283e-02
649	3.094289896616531e-02	3.162277660168379e-02
664	3.081625227689799e-02	3.090295432513590e-02
665	2.933666475838248e-02	2.951209226666385e-02
666	2.735817607649249e-02	2.754228703338166e-02
684	2.656760030696748e-02	2.691534803926915e-02
719	2.599124137031017e-02	2.630267991895381e-02
733	2.239448931692456e-02	2.290867652767773e-02
736	2.232660024641697e-02	2.238721138568340e-02
740	2.026240287529590e-02	2.041737944669529e-02
741	1.675034808436837e-02	1.698243652461744e-02
752	1.656885095151395e-02	1.659586907437561e-02
767	1.576736451659955e-02	1.584893192461113e-02
776	1.545020009173370e-02	1.548816618912481e-02
779	1.292452718321124e-02	1.318256738556407e-02
791	1.285081398055443e-02	1.288249551693134e-02
814	1.258905538923294e-02	1.258925411794167e-02
871	1.132212745203565e-02	1.148153621496883e-02
889	1.114303396511440e-02	1.122018454301964e-02
939	1.047273206005295e-02	1.071519305237606e-02
943	1.045562226978991e-02	1.047128548050900e-02
1019	9.897635453886333e-03	1.000000000000000e-02
1130	9.766511169731928e-03	9.772372209558112e-03
1281	9.547792254582022e-03	9.549925860214359e-03
1653	9.255175931210502e-03	9.332543007969915e-03
1822	8.758859334244362e-03	8.912509381337459e-03
2001	8.723176771091024e-03	8.912509381337459e-03
%
% index = 287, name = bbob_f008_i17_d02__bbob_f013_i18_d02
% instance = 8, reference value = 9.847253514026610e-01
% function evaluation | indicator value | target hit
1	8.287467276809823e-01	8.317637711026710e-01
153	6.939960055882377e-01	7.079457843841379e-01
190	4.814290380579586e-01	4.897788193684462e-01
266	4.691481418100705e-01	4.786300923226383e-01
271	4.454602466666021e-01	4.466835921509631e-01
300	3.986997027963201e-01	4.073802778041127e-01
301	3.976294594436616e-01	3.981071705534972e-01
364	9.520731061768806e-02	9.549925860214359e-02
376	9.228673424643641e-02	9.332543007969910e-02
440	5.116673931558846e-02	5.128613839913648e-02
466	4.866274395782910e-02	4.897788193684462e-02
602	2.724184786494976e-02	2.754228703338166e-02
702	2.678536369816154e-02	2.691534803926915e-02
703	2.308766500057868e-02	2.344228815319923e-02
704	2.207284280869082e-02	2.238721138568340e-02
705	2.088581565481706e-02	2.089296130854040e-02
721	2.025766780773441e-02	2.041737944669529e-02
730	1.866274115806887e-02	1.905460717963247e-02
731	1.842635278947968e-02	1.862087136662868e-02
738	1.803333306406385e-02	1.819700858609984e-02
770	1.711117292371767e-02	1.737800828749375e-02
771	1.617662148786980e-02	1.621810097358930e-02
787	9.127203505461701e-03	9.332543007969915e-03
792	8.271562850928449e-03	8.317637711026709e-03
807	7.897709432810207e-03	7.943282347242814e-03
833	7.627967114348322e-03	7.762471166286920e-03
849	7.312716981586198e-03	7.413102413009177e-03
852	7.221563025797795e-03	7.244359600749898e-03
857	5.322271244277643e-03	5.370317963702527e-03
868	5.094920154957050e-03	5.128613839913648e-03
877	4.920104713980966e-03	5.011872336272725e-03
879	4.880884158481646e-03	4.897788193684461e-03
893	4.783665181677277e-03	4.786300923226385e-03
911	4.511366489764912e-03	4.570881896148752e-03
922	4.429823289606838e-03	4.466835921509630e-03
923	4.185003479216576e-03	4.265795188015926e-03
930	3.915458625649793e-03	3.981071705534973e-03
931	3.864433434069947e-03	3.890451449942805e-03
943	3.799425027408487e-03	3.801893963205613e-03
952	3.533939849085788e-03	3.548133892335753e-03
960	3.326046349620415e-03	3.388441561392024e-03
961	3.234202606172243e-03	3.235936569296281e-03
977	3.144353756528218e-03	3.162277660168379e-03
980	3.062243128430397e-03	3.090295432513592e-03
981	2.981956175815537e-03	3.019951720402016e-03
994	2.950356403370047e-03	2.951209226666387e-03
997	2.551930731526042e-03	2.570395782768865e-03
1008	2.491242339995092e-03	2.511886431509579e-03
1012	2.374043627214606e-03	2.398832919019490e-03
1023	2.328949177163753e-03	2.344228815319923e-03
1026	2.276043652071569e-03	2.290867652767772e-03
1031	2.226306274687340e-03	2.238721138568340e-03
1054	2.185086686369964e-03	2.187761623949552e-03
1067	2.127942718998965e-03	2.137962089502233e-03
1073	2.064087360426181e-03	2.089296130854039e-03
1082	2.023529288944337e-03	2.041737944669530e-03
1083	1.988391601562722e-03	1.995262314968879e-03
1084	1.886547341729883e-03	1.905460717963246e-03
1093	1.848691438854244e-03	1.862087136662868e-03
1096	1.781726263745398e-03	1.819700858609983e-03
1104	1.778196945329102e-03	1.778279410038923e-03
1108	1.653246756185611e-03	1.659586907437561e-03
1114	1.620951087874301e-03	1.621810097358930e-03
1128	1.578664190415413e-03	1.584893192461114e-03
1130	1.505045163890162e-03	1.513561248436209e-03
1132	1.472213912233511e-03	1.479108388168207e-03
1140	1.440649135921124e-03	1.445439770745928e-03
1155	1.397567404691102e-03	1.412537544622754e-03
1167	1.371927620969826e-03	1.380384264602885e-03
1178	1.341278437625104e-03	1.348962882591653e-03
1194	1.307298492786102e-03	1.318256738556408e-03
1199	1.277602504722419e-03	1.288249551693134e-03
1203	1.251870020819168e-03	1.258925411794167e-03
1211	1.228062447696021e-03	1.230268770812381e-03
1220	1.202062768440926e-03	1.202264434617413e-03
1229	1.173896702089561e-03	1.174897554939529e-03
1237	1.144520550100059e-03	1.148153621496883e-03
1255	1.121994294093209e-03	1.122018454301963e-03
1261	1.090866782882061e-03	1.096478196143185e-03
1269	1.066207281573583e-03	1.071519305237606e-03
1281	1.033472351731568e-03	1.047128548050900e-03
1282	9.287251115339679e-04	9.332543007969915e-04
1292	8.879446932429369e-04	8.912509381337459e-04
1297	8.708264757567585e-04	8.709635899560805e-04
1314	8.435589279839339e-04	8.511380382023768e-04
1330	8.238047071376098e-04	8.317637711026709e-04
1340	8.118431278328897e-04	8.128305161640995e-04
1364	7.918725834683560e-04	7.943282347242813e-04
1365	7.237609086057084e-04	7.244359600749898e-04
1379	7.076497507628732e-04	7.079457843841380e-04
1381	6.906456259904159e-04	6.918309709189362e-04
1391	6.692060059348970e-04	6.760829753919819e-04
1399	6.603864173319041e-04	6.606934480075957e-04
1409	6.440715244087070e-04	6.456542290346556e-04
1410	6.306269568703282e-04	6.309573444801930e-04
1415	6.153012385912149e-04	6.165950018614823e-04
1420	6.024759942252489e-04	6.025595860743575e-04
1427	5.866335607592754e-04	5.888436553555889e-04
1431	5.744090501170751e-04	5.754399373371566e-04
1440	5.584456221618961e-04	5.623413251903491e-04
1460	5.488670315587640e-04	5.495408738576248e-04
1465	5.354173099721971e-04	5.370317963702527e-04
1489	5.225582904908599e-04	5.248074602497728e-04
1557	5.122125620167228e-04	5.128613839913648e-04
1592	5.011499269115260e-04	5.011872336272725e-04
1619	4.870718145058017e-04	4.897788193684461e-04
1652	4.778367524499449e-04	4.786300923226385e-04
1672	4.651325967554021e-04	4.677351412871981e-04
1680	4.555881055242628e-04	4.570881896148752e-04
1685	4.466731047529926e-04	4.466835921509630e-04
1696	4.357196040257749e-04	4.365158322401661e-04
1713	4.262299986598217e-04	4.265795188015926e-04
1724	4.163668186815128e-04	4.168693834703355e-04
1727	4.072650859807680e-04	4.073802778041126e-04
1737	3.978896312565317e-04	3.981071705534974e-04
1745	3.885354970206700e-04	3.890451449942805e-04
1807	3.796289600640490e-04	3.801893963205612e-04
1833	3.706748004349558e-04	3.715352290971724e-04
1851	3.626164834860113e-04	3.630780547701014e-04
1918	3.506520869589469e-04	3.548133892335753e-04
1931	3.464938530907125e-04	3.467368504525317e-04
1955	3.387479280032579e-04	3.388441561392024e-04
1972	3.307881035665705e-04	3.311311214825911e-04
1997	3.235780474630801e-04	3.235936569296281e-04
2001	3.226941400495953e-04	3.235936569296281e-04
%
% index = 288, name = bbob_f008_i19_d02__bbob_f013_i21_d02
% instance = 9, reference value = 9.929581208251110e-01
% function evaluation | indicator value | target hit
1	6.145692414388286e-01	6.165950018614822e-01
340	5.918462600089742e-01	6.025595860743578e-01
466	5.267683478238483e-01	5.370317963702527e-01
471	5.011077757432929e-01	5.011872336272722e-01
504	2.843916741518453e-01	2.884031503126606e-01
518	2.644098150575613e-01	2.691534803926916e-01
530	2.622309286060620e-01	2.630267991895382e-01
553	2.367546778884285e-01	2.398832919019490e-01
562	2.181625576731762e-01	2.187761623949552e-01
563	1.451281205406827e-01	1.479108388168208e-01
618	1.018761828212802e-01	1.023292992280754e-01
623	9.968798736114004e-02	1.000000000000000e-01
631	9.562537881242328e-02	9.772372209558107e-02
661	9.523965246173538e-02	9.549925860214359e-02
670	8.809681632827771e-02	8.912509381337455e-02
671	7.428487438899156e-02	7.585775750291836e-02
675	7.310016437842071e-02	7.413102413009177e-02
692	6.875324738150779e-02	6.918309709189366e-02
725	6.201279730339260e-02	6.309573444801933e-02
735	6.164313501260610e-02	6.165950018614822e-02
764	5.590484434147291e-02	5.623413251903491e-02
791	5.420805865211287e-02	5.495408738576246e-02
792	5.348967617045797e-02	5.370317963702527e-02
809	5.213008046255863e-02	5.248074602497726e-02
844	5.117208611089608e-02	5.128613839913648e-02
852	4.925983424315672e-02	5.011872336272722e-02
861	4.137830238107099e-02	4.168693834703355e-02
886	4.064259981040719e-02	4.073802778041128e-02
893	3.680338085015700e-02	3.715352290971726e-02
905	2.064679037044637e-02	2.089296130854040e-02
907	1.945703020727985e-02	1.949844599758046e-02
915	1.854709339305849e-02	1.862087136662868e-02
931	1.805267754226625e-02	1.819700858609984e-02
952	1.737504953302549e-02	1.737800828749375e-02
953	1.418675795115498e-02	1.445439770745927e-02
955	1.408892328969924e-02	1.412537544622754e-02
1020	1.341015474684504e-02	1.348962882591653e-02
1033	6.175963354700831e-03	6.309573444801930e-03
1044	6.146502662945807e-03	6.165950018614822e-03
1048	6.022354012744424e-03	6.025595860743574e-03
1074	5.530246642331482e-03	5.623413251903491e-03
1079	5.411903615471281e-03	5.495408738576248e-03
1100	5.301499980349123e-03	5.370317963702527e-03
1148	5.227663516056635e-03	5.248074602497728e-03
1193	4.621187299701401e-03	4.677351412871981e-03
1211	4.567816240442224e-03	4.570881896148752e-03
1218	3.996806554638965e-03	4.073802778041126e-03
1252	3.979735597369527e-03	3.981071705534973e-03
1296	3.809645854447763e-03	3.890451449942805e-03
1323	3.800290052773603e-03	3.801893963205613e-03
1452	3.260176962841865e-03	3.311311214825911e-03
1482	2.463567062818806e-03	2.511886431509579e-03
1505	2.100256015866053e-03	2.137962089502233e-03
1522	1.668914579436631e-03	1.698243652461744e-03
1523	1.609194207724762e-03	1.621810097358930e-03
1554	1.564117730606718e-03	1.584893192461114e-03
1562	1.519678192784535e-03	1.548816618912481e-03
1563	1.501055187613343e-03	1.513561248436209e-03
1582	1.471535990426376e-03	1.479108388168207e-03
1607	1.437567296587838e-03	1.445439770745928e-03
1608	1.332976490434845e-03	1.348962882591653e-03
1623	1.306771953926589e-03	1.318256738556408e-03
1632	1.279891234134189e-03	1.288249551693134e-03
1663	1.257163302803455e-03	1.258925411794167e-03
1667	1.213248156196833e-03	1.230268770812381e-03
1673	1.202035142373270e-03	1.202264434617413e-03
1726	1.173942463351008e-03	1.174897554939529e-03
1779	1.142538949355565e-03	1.148153621496883e-03
1838	1.092554515252919e-03	1.096478196143185e-03
1909	1.057370915091171e-03	1.071519305237606e-03
1963	1.020596619798253e-03	1.023292992280754e-03
1983	9.999183175137816e-04	1.000000000000000e-03
2001	9.923434430587630e-04	1.000000000000000e-03
%
% index = 289, name = bbob_f008_i21_d02__bbob_f013_i22_d02
% instance = 10, reference value = 9.983953443169650e-01
% function evaluation | indicator value | target hit
1	8.209434528083865e-01	8.317637711026710e-01
462	4.619951341794701e-01	4.677351412871982e-01
487	4.406428740722582e-01	4.466835921509631e-01
664	4.267570620887893e-01	4.365158322401660e-01
694	4.219095113894071e-01	4.265795188015927e-01
757	4.027533282374968e-01	4.073802778041127e-01
771	3.967271874374382e-01	3.981071705534972e-01
825	3.804638980075458e-01	3.890451449942806e-01
851	3.656427771607992e-01	3.715352290971726e-01
876	3.494393134442123e-01	3.548133892335755e-01
895	3.390220982441675e-01	3.467368504525316e-01
934	3.381267038086935e-01	3.388441561392025e-01
972	3.290046955704392e-01	3.311311214825911e-01
1052	3.230080208038273e-01	3.235936569296283e-01
1139	3.151598002766313e-01	3.162277660168379e-01
1344	3.087179586838089e-01	3.090295432513591e-01
1357	3.011889072102433e-01	3.019951720402016e-01
1400	2.944501795095349e-01	2.951209226666385e-01
1460	2.878323037430012e-01	2.884031503126606e-01
1492	2.743429622849317e-01	2.754228703338166e-01
1493	2.686986741779009e-01	2.691534803926916e-01
1553	2.628248763249511e-01	2.630267991895382e-01
1633	2.553728322009352e-01	2.570395782768864e-01
1712	2.484405545614380e-01	2.511886431509580e-01
1713	2.454200463638873e-01	2.454708915685030e-01
1760	2.397383863846997e-01	2.398832919019490e-01
1761	2.330868323491561e-01	2.344228815319922e-01
1798	2.278615275165382e-01	2.290867652767773e-01
1861	2.210776478733747e-01	2.238721138568339e-01
1905	2.184957857413797e-01	2.187761623949552e-01
1965	2.134126445429859e-01	2.137962089502232e-01
2000	2.088249243285323e-01	2.089296130854039e-01
2001	2.088249243285323e-01	2.089296130854039e-01
