%
% index = 120, name = bbob_f002_i02_d02__bbob_f008_i04_d02
% instance = 1, reference value = 9.448879989777450e-001
% function evaluation | indicator value | target hit
1	5.206558087950184e-001	5.248074602497725e-001
5011	5.206558087950184e-001	5.248074602497725e-001
%
% index = 121, name = bbob_f002_i03_d02__bbob_f008_i05_d02
% instance = 2, reference value = 9.997596337268960e-001
% function evaluation | indicator value | target hit
1	4.709270591027679e-001	4.786300923226383e-001
32	3.350979304091485e-001	3.388441561392026e-001
75	3.159535284090951e-001	3.162277660168379e-001
83	3.026959205236284e-001	3.090295432513591e-001
84	2.715111935075164e-001	2.754228703338166e-001
86	1.363876459815048e-001	1.380384264602885e-001
88	3.474938422663587e-002	3.548133892335755e-002
89	2.306819083098988e-002	2.344228815319923e-002
97	2.231140310805768e-002	2.238721138568340e-002
114	7.052308737901525e-003	7.079457843841380e-003
120	1.749451772334099e-003	1.778279410038923e-003
141	1.723105604721220e-003	1.737800828749376e-003
143	1.663026311399696e-003	1.698243652461744e-003
152	1.656430593325320e-003	1.659586907437561e-003
153	1.545234079440627e-003	1.548816618912481e-003
154	1.455358282267505e-003	1.479108388168207e-003
156	1.396057324883571e-003	1.412537544622754e-003
164	1.307753086748353e-003	1.318256738556408e-003
166	1.268759138011943e-003	1.288249551693134e-003
167	1.112535835453898e-003	1.122018454301963e-003
179	1.082339625245621e-003	1.096478196143185e-003
186	9.420201178512722e-004	9.549925860214359e-004
189	9.331938173561261e-004	9.332543007969915e-004
5011	9.225300355965027e-004	9.332543007969915e-004
%
% index = 122, name = bbob_f002_i07_d02__bbob_f008_i08_d02
% instance = 3, reference value = 9.999511354998060e-001
% function evaluation | indicator value | target hit
1	9.002103984587009e+001	9.120108393559097e+001
5011	9.002103984587009e+001	9.120108393559097e+001
%
% index = 123, name = bbob_f002_i09_d02__bbob_f008_i10_d02
% instance = 4, reference value = 9.999631913444020e-001
% function evaluation | indicator value | target hit
1	7.525070238911247e-003	7.585775750291836e-003
114	6.249771327895837e-003	6.309573444801930e-003
121	4.725821373645855e-003	4.786300923226385e-003
132	4.347039842432232e-003	4.365158322401661e-003
143	2.082332535243703e-003	2.089296130854039e-003
154	2.015627409221454e-003	2.041737944669530e-003
165	1.924792006059328e-003	1.949844599758046e-003
172	1.902885497678586e-003	1.905460717963246e-003
242	1.693721538904347e-003	1.698243652461744e-003
273	1.550383332452499e-003	1.584893192461114e-003
276	1.452184857569261e-003	1.479108388168207e-003
323	1.441889453786205e-003	1.445439770745928e-003
338	1.383512417647892e-003	1.412537544622754e-003
346	1.336521116407696e-003	1.348962882591653e-003
349	1.252674007247046e-003	1.258925411794168e-003
355	6.618336402813840e-004	6.760829753919819e-004
359	6.600750463836569e-004	6.606934480075958e-004
445	6.452294215283372e-004	6.456542290346556e-004
451	5.401684995395284e-004	5.495408738576249e-004
494	5.353356901877104e-004	5.370317963702527e-004
501	5.001526605558082e-004	5.011872336272725e-004
534	4.729186828013043e-004	4.786300923226385e-004
555	4.640327172993342e-004	4.677351412871981e-004
556	4.458914578275852e-004	4.466835921509631e-004
593	4.291256072608274e-004	4.365158322401661e-004
608	4.197920370614394e-004	4.265795188015926e-004
613	3.890959849285336e-004	3.981071705534974e-004
623	1.977141363925794e-004	1.995262314968879e-004
626	1.938706666140266e-004	1.949844599758046e-004
657	1.817355200596227e-004	1.819700858609983e-004
669	1.605865840249576e-004	1.621810097358930e-004
676	1.268752823495589e-004	1.288249551693134e-004
681	8.486979195665434e-005	8.511380382023760e-005
766	7.785390589787333e-005	7.943282347242822e-005
1104	7.254763540576192e-005	7.413102413009178e-005
1132	6.721484531968525e-005	6.760829753919819e-005
1146	5.208372611797962e-005	5.248074602497723e-005
1152	4.031912127888671e-005	4.073802778041130e-005
1239	3.957167516521754e-005	3.981071705534970e-005
2540	3.639251378428909e-005	3.715352290971728e-005
2550	2.971498390080818e-005	3.019951720402019e-005
3601	2.889183165921683e-005	2.951209226666384e-005
3606	2.516670278962518e-005	2.570395782768865e-005
5011	2.515834615912649e-005	2.570395782768865e-005
%
% index = 124, name = bbob_f002_i11_d02__bbob_f008_i12_d02
% instance = 5, reference value = 9.998183038911240e-001
% function evaluation | indicator value | target hit
1	1.147614993892124e+000	1.148153621496883e+000
59	1.053162186117624e+000	1.071519305237606e+000
73	4.531240184986461e-001	4.570881896148750e-001
84	4.275327149306236e-001	4.365158322401660e-001
104	3.519389540877782e-001	3.548133892335755e-001
116	3.425876836661040e-001	3.467368504525316e-001
120	3.387482279702005e-001	3.388441561392026e-001
215	2.993526556429620e-001	3.019951720402016e-001
230	2.905487483506460e-001	2.951209226666385e-001
265	2.878541059473609e-001	2.884031503126606e-001
278	2.747313625398820e-001	2.754228703338166e-001
284	2.685563576434159e-001	2.691534803926916e-001
311	2.612179366664208e-001	2.630267991895382e-001
333	2.568555260570568e-001	2.570395782768864e-001
342	2.480807349462653e-001	2.511886431509580e-001
363	2.424535693302585e-001	2.454708915685031e-001
374	2.395922872320063e-001	2.398832919019490e-001
399	2.340712459128348e-001	2.344228815319922e-001
429	2.289880306430350e-001	2.290867652767773e-001
467	2.237889611094770e-001	2.238721138568340e-001
506	2.186509623777797e-001	2.187761623949552e-001
536	2.134337422611770e-001	2.137962089502232e-001
564	2.088488465080558e-001	2.089296130854039e-001
618	2.040898675739790e-001	2.041737944669530e-001
659	1.991142879088694e-001	1.995262314968880e-001
686	1.908386537606941e-001	1.949844599758046e-001
695	1.904457076982055e-001	1.905460717963247e-001
758	1.861909071300856e-001	1.862087136662868e-001
825	1.819592330954403e-001	1.819700858609984e-001
849	1.776933590183870e-001	1.778279410038923e-001
883	1.735437318128233e-001	1.737800828749375e-001
929	1.696604746862241e-001	1.698243652461744e-001
942	1.615778384909583e-001	1.621810097358930e-001
959	1.583593214349662e-001	1.584893192461113e-001
975	1.539265415900755e-001	1.548816618912481e-001
996	1.513214584727493e-001	1.513561248436208e-001
1039	1.469474662301611e-001	1.479108388168208e-001
1062	1.444560072418542e-001	1.445439770745928e-001
1091	1.411915496944912e-001	1.412537544622755e-001
1118	1.378605401989845e-001	1.380384264602885e-001
1146	1.342572150261179e-001	1.348962882591654e-001
1180	1.312476201709196e-001	1.318256738556407e-001
1223	1.280520925263875e-001	1.288249551693134e-001
1248	1.258634376783585e-001	1.258925411794167e-001
1311	1.205592776620764e-001	1.230268770812382e-001
1320	1.202160357382091e-001	1.202264434617413e-001
1362	1.174870233904919e-001	1.174897554939529e-001
1416	1.147842491915674e-001	1.148153621496883e-001
1462	1.119507921078841e-001	1.122018454301964e-001
1512	1.095989110972342e-001	1.096478196143185e-001
1577	1.068523948172374e-001	1.071519305237607e-001
1622	1.047080088542438e-001	1.047128548050900e-001
1693	1.023169303750263e-001	1.023292992280754e-001
1723	9.997164095931133e-002	1.000000000000000e-001
1807	9.760561600426976e-002	9.772372209558107e-002
1880	9.549252933759367e-002	9.549925860214359e-002
1965	9.331324542383501e-002	9.332543007969910e-002
2059	8.984606400649631e-002	9.120108393559097e-002
2111	8.908996954135251e-002	8.912509381337455e-002
2165	8.439402168812704e-002	8.511380382023763e-002
2228	8.316890957384782e-002	8.317637711026708e-002
2231	7.788644051472804e-002	7.943282347242814e-002
2246	7.760531147909100e-002	7.762471166286916e-002
2436	7.585588022462053e-002	7.585775750291836e-002
2644	7.412142577978709e-002	7.413102413009177e-002
2981	7.243216948965847e-002	7.244359600749903e-002
3031	6.541306981864148e-002	6.606934480075961e-002
3122	6.456284259403466e-002	6.456542290346556e-002
3296	5.861144400828777e-002	5.888436553555890e-002
3328	5.162794472624466e-002	5.248074602497726e-002
3371	5.128385804358648e-002	5.128613839913648e-002
3797	5.011723142820923e-002	5.011872336272722e-002
4237	4.897724282358296e-002	4.897788193684461e-002
4714	4.780434934976863e-002	4.786300923226383e-002
4817	4.676967466157977e-002	4.677351412871982e-002
4973	4.296108407113652e-002	4.365158322401658e-002
5011	4.290253193200644e-002	4.365158322401658e-002
%
% index = 125, name = bbob_f002_i13_d02__bbob_f008_i14_d02
% instance = 6, reference value = 9.997858849985140e-001
% function evaluation | indicator value | target hit
1	5.240452495797985e-001	5.248074602497725e-001
5011	5.240452495797985e-001	5.248074602497725e-001
%
% index = 126, name = bbob_f002_i15_d02__bbob_f008_i16_d02
% instance = 7, reference value = 9.982808864521560e-001
% function evaluation | indicator value | target hit
1	7.776255484808119e-001	7.943282347242815e-001
72	5.832679802517576e-001	5.888436553555889e-001
73	4.743976220545865e-002	4.786300923226383e-002
96	4.325467704439923e-002	4.365158322401658e-002
102	4.142781959190578e-002	4.168693834703355e-002
121	4.056939057993814e-002	4.073802778041128e-002
154	3.901044854408264e-002	3.981071705534973e-002
171	3.780470864378682e-002	3.801893963205612e-002
1883	3.705371713314853e-002	3.715352290971726e-002
4271	3.623834722844799e-002	3.630780547701014e-002
5011	3.603282147487019e-002	3.630780547701014e-002
%
% index = 127, name = bbob_f002_i17_d02__bbob_f008_i18_d02
% instance = 8, reference value = 9.862435296781020e-001
% function evaluation | indicator value | target hit
1	1.700634184381686e+002	1.737800828749376e+002
5011	1.700634184381686e+002	1.737800828749376e+002
%
% index = 128, name = bbob_f002_i19_d02__bbob_f008_i21_d02
% instance = 9, reference value = 9.998377016862300e-001
% function evaluation | indicator value | target hit
1	5.056231294204205e-001	5.128613839913648e-001
89	2.719079875668169e-001	2.754228703338166e-001
98	2.394298766762393e-001	2.398832919019490e-001
112	1.292823941799889e-001	1.318256738556407e-001
118	5.685482464532266e-002	5.754399373371569e-002
132	5.610651078127948e-002	5.623413251903491e-002
497	5.479721021624140e-002	5.495408738576246e-002
557	5.352638929351816e-002	5.370317963702527e-002
583	5.244483487976093e-002	5.248074602497726e-002
607	5.121248179926463e-002	5.128613839913648e-002
621	5.005625059400864e-002	5.011872336272722e-002
643	4.819112176719120e-002	4.897788193684461e-002
706	4.662129998044684e-002	4.677351412871982e-002
732	4.537202545981556e-002	4.570881896148749e-002
784	4.460164956832635e-002	4.466835921509630e-002
804	4.277450034527019e-002	4.365158322401658e-002
825	4.265046328839195e-002	4.265795188015926e-002
846	4.138172473770363e-002	4.168693834703355e-002
861	4.064402166154268e-002	4.073802778041128e-002
905	3.939681827088815e-002	3.981071705534973e-002
937	3.782723598979543e-002	3.801893963205612e-002
1001	3.366021448593348e-002	3.388441561392026e-002
1036	3.241151090343897e-002	3.311311214825911e-002
1052	3.086606868525166e-002	3.090295432513590e-002
1065	3.016356534348563e-002	3.019951720402016e-002
1093	2.928961160405386e-002	2.951209226666385e-002
1116	2.800542645123516e-002	2.818382931264454e-002
1118	2.213847150705373e-002	2.238721138568340e-002
1125	1.763141747571895e-002	1.778279410038923e-002
1180	1.623892239074565e-002	1.659586907437561e-002
1181	1.085587780633490e-002	1.096478196143185e-002
1222	9.245516518561092e-003	9.332543007969915e-003
1286	8.706613567243449e-003	8.709635899560805e-003
1605	8.450435412772683e-003	8.511380382023768e-003
1870	8.066060568145184e-003	8.128305161640995e-003
1898	7.035925470234905e-003	7.079457843841380e-003
5011	7.023224444873355e-003	7.079457843841380e-003
%
% index = 129, name = bbob_f002_i21_d02__bbob_f008_i22_d02
% instance = 10, reference value = 9.999816255110900e-001
% function evaluation | indicator value | target hit
1	2.301589722434899e+000	2.344228815319922e+000
84	2.235639979339593e+000	2.238721138568339e+000
87	7.771443066120254e-002	7.943282347242814e-002
103	9.524608377810884e-003	9.549925860214359e-003
113	9.251681921741195e-003	9.332543007969915e-003
124	7.785515587636405e-003	7.943282347242814e-003
134	7.754429744075031e-003	7.762471166286920e-003
137	1.420438278129210e-003	1.445439770745928e-003
176	1.357356354326877e-003	1.380384264602885e-003
432	1.342772703941897e-003	1.348962882591653e-003
781	6.122131607279036e-004	6.165950018614822e-004
793	3.573814922233076e-004	3.630780547701014e-004
865	1.336571488488314e-004	1.348962882591653e-004
5011	1.325920299417582e-004	1.348962882591653e-004
