%
% index = 400, name = bbob_f014_i02_d02__bbob_f014_i04_d02
% instance = 1, reference value = 8.220326366324350e-01
% function evaluation | indicator value | target hit
1	5.992962881618784e-01	6.025595860743578e-01
284	2.896422736322912e-01	2.951209226666385e-01
336	2.695728783660157e-01	2.754228703338166e-01
353	2.457132728740169e-01	2.511886431509580e-01
369	2.431256396771582e-01	2.454708915685030e-01
409	2.143761434228331e-01	2.187761623949552e-01
414	2.134554142628514e-01	2.137962089502232e-01
416	1.894954774377324e-01	1.905460717963247e-01
426	1.810485341728257e-01	1.819700858609984e-01
456	1.774028755651785e-01	1.778279410038923e-01
466	1.609038029806361e-01	1.621810097358930e-01
478	1.315031632441825e-01	1.318256738556407e-01
488	1.267833850074509e-01	1.288249551693134e-01
497	1.226412921551405e-01	1.230268770812381e-01
507	1.154029712571436e-01	1.174897554939529e-01
509	1.132501922078034e-01	1.148153621496883e-01
522	1.076761101874997e-01	1.096478196143185e-01
531	1.068811019886281e-01	1.071519305237607e-01
562	9.887659173150409e-02	1.000000000000000e-01
569	9.584440426280927e-02	9.772372209558107e-02
576	9.535077058963493e-02	9.549925860214359e-02
580	8.677158230046511e-02	8.709635899560805e-02
581	7.744325418063691e-02	7.762471166286916e-02
583	7.328180061068901e-02	7.413102413009177e-02
586	7.087995552216797e-02	7.244359600749903e-02
587	7.074451716832664e-02	7.079457843841380e-02
602	6.788792360493989e-02	6.918309709189366e-02
606	6.661202894041529e-02	6.760829753919818e-02
608	6.345502695092287e-02	6.456542290346556e-02
609	6.309434564214822e-02	6.309573444801933e-02
619	6.142793201925911e-02	6.165950018614822e-02
630	5.455101973350740e-02	5.495408738576246e-02
644	4.474805281981276e-02	4.570881896148749e-02
645	4.410820823727934e-02	4.466835921509630e-02
651	3.957382043494562e-02	3.981071705534973e-02
670	3.833697494441657e-02	3.890451449942807e-02
677	3.782029002716647e-02	3.801893963205612e-02
686	3.639557612833921e-02	3.715352290971726e-02
687	3.630166274443614e-02	3.630780547701014e-02
700	3.396013338168968e-02	3.467368504525317e-02
702	3.383157902077261e-02	3.388441561392026e-02
703	3.301559304266333e-02	3.311311214825911e-02
711	3.213529588872299e-02	3.235936569296283e-02
723	3.124833483412082e-02	3.162277660168379e-02
724	3.045657102179788e-02	3.090295432513590e-02
731	3.005173335054356e-02	3.019951720402016e-02
742	2.936196977263927e-02	2.951209226666385e-02
750	2.870425291436807e-02	2.884031503126606e-02
755	2.771467046298248e-02	2.818382931264454e-02
766	2.729769672341442e-02	2.754228703338166e-02
784	2.576157621843367e-02	2.630267991895381e-02
785	2.450417523502513e-02	2.454708915685030e-02
791	2.332596340973014e-02	2.344228815319923e-02
800	2.260478405026678e-02	2.290867652767773e-02
802	2.204138375169074e-02	2.238721138568340e-02
806	2.167778258508402e-02	2.187761623949553e-02
809	2.135572749166259e-02	2.137962089502233e-02
817	2.076896441538512e-02	2.089296130854040e-02
842	2.004496313871407e-02	2.041737944669529e-02
843	1.957045107544642e-02	1.995262314968880e-02
846	1.941817231674337e-02	1.949844599758046e-02
847	1.826640880990527e-02	1.862087136662868e-02
850	1.729404563676940e-02	1.737800828749375e-02
856	1.668069998118116e-02	1.698243652461744e-02
866	1.615045226010614e-02	1.621810097358930e-02
867	1.583530654643417e-02	1.584893192461113e-02
874	1.547986787531463e-02	1.548816618912481e-02
888	1.509204025650479e-02	1.513561248436208e-02
900	1.471664610798229e-02	1.479108388168207e-02
908	1.432861468716629e-02	1.445439770745927e-02
909	1.402240957451228e-02	1.412537544622754e-02
915	1.377266698962631e-02	1.380384264602885e-02
934	1.344792028162956e-02	1.348962882591653e-02
947	1.315247607856285e-02	1.318256738556407e-02
957	1.288130521926978e-02	1.288249551693134e-02
975	1.258437209409791e-02	1.258925411794167e-02
984	1.201686994235096e-02	1.202264434617413e-02
994	1.172400923086414e-02	1.174897554939530e-02
1012	1.143311189989282e-02	1.148153621496883e-02
1028	1.120399254738880e-02	1.122018454301964e-02
1050	1.095703257418368e-02	1.096478196143185e-02
1079	1.070393129492730e-02	1.071519305237606e-02
1091	1.042276253569163e-02	1.047128548050900e-02
1120	1.020746667946570e-02	1.023292992280754e-02
1130	9.956972653833884e-03	1.000000000000000e-02
1153	9.772285979058881e-03	9.772372209558112e-03
1182	9.545531518827866e-03	9.549925860214359e-03
1194	9.323130459197415e-03	9.332543007969915e-03
1209	9.097642729867794e-03	9.120108393559097e-03
1222	8.870782270121835e-03	8.912509381337459e-03
1227	8.644463986473117e-03	8.709635899560805e-03
1238	8.494752269626260e-03	8.511380382023767e-03
1254	8.315859797798364e-03	8.317637711026709e-03
1275	8.111805225242796e-03	8.128305161640995e-03
1299	7.905769091137604e-03	7.943282347242814e-03
1301	7.135148302481409e-03	7.244359600749898e-03
1317	7.078728650341648e-03	7.079457843841380e-03
1330	6.045441750881064e-03	6.165950018614822e-03
1331	6.021694702156744e-03	6.025595860743574e-03
1337	5.816489890231979e-03	5.888436553555890e-03
1351	5.750709628005946e-03	5.754399373371567e-03
1370	5.595210067210310e-03	5.623413251903491e-03
1394	5.494631315144605e-03	5.495408738576248e-03
1423	5.361065600663295e-03	5.370317963702527e-03
1436	5.241113933381336e-03	5.248074602497728e-03
1451	5.121430397724946e-03	5.128613839913648e-03
1500	5.010212612130194e-03	5.011872336272725e-03
1516	4.890994528670589e-03	4.897788193684461e-03
1529	4.783666921352236e-03	4.786300923226385e-03
1569	4.676877350091813e-03	4.677351412871981e-03
1595	4.565139862251155e-03	4.570881896148752e-03
1615	4.450629929256045e-03	4.466835921509630e-03
1653	4.360123244771974e-03	4.365158322401661e-03
1712	4.256573665284868e-03	4.265795188015926e-03
1760	4.166938255843800e-03	4.168693834703355e-03
1782	4.072832185042174e-03	4.073802778041126e-03
1855	3.981019357518711e-03	3.981071705534973e-03
1941	3.889563912752636e-03	3.890451449942805e-03
1975	3.766569202119374e-03	3.801893963205613e-03
2030	3.715053654331557e-03	3.715352290971724e-03
2080	3.629225510014100e-03	3.630780547701014e-03
2170	3.540658646785655e-03	3.548133892335753e-03
2242	3.461313329360727e-03	3.467368504525317e-03
2399	3.388317337682412e-03	3.388441561392024e-03
2550	3.308903759321580e-03	3.311311214825911e-03
2749	3.216938477298315e-03	3.235936569296281e-03
2953	3.161498445447553e-03	3.162277660168379e-03
3320	3.090080076802226e-03	3.090295432513592e-03
3675	3.019903678047275e-03	3.019951720402016e-03
4445	2.846139576681339e-03	2.884031503126605e-03
4750	2.818339197198982e-03	2.818382931264455e-03
6241	2.754191521017302e-03	2.754228703338166e-03
7290	2.691430708369080e-03	2.691534803926917e-03
8002	2.660876444505300e-03	2.691534803926917e-03
%
% index = 401, name = bbob_f014_i03_d02__bbob_f014_i05_d02
% instance = 2, reference value = 9.147317199105760e-01
% function evaluation | indicator value | target hit
1	2.096198728489076e+00	2.137962089502232e+00
2	2.260272829604442e-01	2.290867652767773e-01
210	1.946258074830191e-01	1.949844599758045e-01
223	1.825867792568188e-01	1.862087136662867e-01
224	1.769136335931225e-01	1.778279410038923e-01
254	1.685891257409231e-01	1.698243652461744e-01
256	1.649117254731957e-01	1.659586907437560e-01
257	1.455520010489864e-01	1.479108388168208e-01
279	1.194447822322099e-01	1.202264434617413e-01
284	6.928617500832090e-02	7.079457843841380e-02
296	6.888732875629744e-02	6.918309709189366e-02
325	6.732623834818663e-02	6.760829753919818e-02
332	4.668714427598264e-02	4.677351412871981e-02
343	4.422338713937601e-02	4.466835921509630e-02
372	4.273297412376664e-02	4.365158322401658e-02
384	4.117901537715585e-02	4.168693834703355e-02
385	3.841561905172375e-02	3.890451449942807e-02
408	3.797550372863445e-02	3.801893963205612e-02
409	3.715255551064511e-02	3.715352290971726e-02
431	3.575366002042879e-02	3.630780547701014e-02
434	3.364640926478479e-02	3.388441561392026e-02
457	3.263204366799388e-02	3.311311214825911e-02
466	3.229089544278929e-02	3.235936569296283e-02
467	3.149709764582309e-02	3.162277660168379e-02
468	3.070548040561250e-02	3.090295432513590e-02
482	3.019393917008950e-02	3.019951720402016e-02
485	2.582542281674916e-02	2.630267991895381e-02
491	2.529288372694871e-02	2.570395782768863e-02
499	2.503666649299974e-02	2.511886431509579e-02
519	2.454638188447078e-02	2.454708915685030e-02
532	2.390030405222321e-02	2.398832919019490e-02
553	2.334493921948455e-02	2.344228815319923e-02
574	2.210237559218253e-02	2.238721138568340e-02
581	2.184867005371327e-02	2.187761623949553e-02
605	1.771098241675961e-02	1.778279410038923e-02
618	1.724640809633682e-02	1.737800828749375e-02
647	1.696201427057942e-02	1.698243652461744e-02
650	1.576158216093693e-02	1.584893192461113e-02
655	1.548566984272959e-02	1.548816618912481e-02
684	1.508285076355542e-02	1.513561248436208e-02
688	1.441538996796510e-02	1.445439770745927e-02
703	1.407153621275714e-02	1.412537544622754e-02
705	1.380040577701525e-02	1.380384264602885e-02
715	1.340240038999074e-02	1.348962882591653e-02
726	1.282463221481911e-02	1.288249551693134e-02
729	1.234884190775420e-02	1.258925411794167e-02
736	1.229339988427169e-02	1.230268770812382e-02
739	1.201958721100538e-02	1.202264434617413e-02
745	1.163322172870862e-02	1.174897554939530e-02
763	1.144545193491731e-02	1.148153621496883e-02
770	1.119230214979849e-02	1.122018454301964e-02
784	1.096097824192399e-02	1.096478196143185e-02
801	1.071284313668686e-02	1.071519305237606e-02
804	1.040054612149788e-02	1.047128548050900e-02
816	1.023193343254158e-02	1.023292992280754e-02
838	9.997094587780531e-03	1.000000000000000e-02
866	9.760025764963487e-03	9.772372209558112e-03
908	9.541026892376347e-03	9.549925860214359e-03
943	9.307735795837768e-03	9.332543007969915e-03
959	9.021994953587908e-03	9.120108393559097e-03
982	8.901317850025015e-03	8.912509381337459e-03
1028	8.706015818634061e-03	8.709635899560805e-03
1074	8.508321419447240e-03	8.511380382023767e-03
1139	8.311733229532048e-03	8.317637711026709e-03
1182	8.074080103831149e-03	8.128305161640995e-03
1222	7.942439479756702e-03	7.943282347242814e-03
1286	7.758300351913716e-03	7.762471166286920e-03
1367	7.569006258788868e-03	7.585775750291836e-03
1408	7.405579015555053e-03	7.413102413009177e-03
1468	7.243367769719233e-03	7.244359600749898e-03
1547	7.064324598807681e-03	7.079457843841380e-03
1595	6.917532375024682e-03	6.918309709189363e-03
1671	6.755090026853927e-03	6.760829753919818e-03
1730	6.603907191225611e-03	6.606934480075957e-03
1793	6.456509618783079e-03	6.456542290346556e-03
1912	6.307594222995427e-03	6.309573444801930e-03
2011	6.165798002781830e-03	6.165950018614822e-03
2111	6.013019203767622e-03	6.025595860743574e-03
2220	5.888433287588479e-03	5.888436553555890e-03
2342	5.751095396548833e-03	5.754399373371567e-03
2501	5.623387635471433e-03	5.623413251903491e-03
2738	5.495022757768808e-03	5.495408738576248e-03
3033	5.368446710634855e-03	5.370317963702527e-03
3651	5.247544080275945e-03	5.248074602497728e-03
4258	4.454254795998702e-03	4.466835921509630e-03
4365	4.232656906884902e-03	4.265795188015926e-03
4458	3.388375400059651e-03	3.388441561392024e-03
4472	2.654544737756503e-03	2.691534803926917e-03
4501	2.542683105673627e-03	2.570395782768865e-03
4505	2.492940212851291e-03	2.511886431509579e-03
4526	2.420014660721725e-03	2.454708915685031e-03
4527	2.351084965119488e-03	2.398832919019490e-03
4528	2.341051495414526e-03	2.344228815319923e-03
4559	1.945777324945608e-03	1.949844599758046e-03
4576	1.833849423213074e-03	1.862087136662868e-03
4577	1.806771723078193e-03	1.819700858609983e-03
4589	1.670530782387880e-03	1.698243652461744e-03
4598	1.628185083393019e-03	1.659586907437561e-03
4608	1.608532223995485e-03	1.621810097358930e-03
4615	1.570540380853136e-03	1.584893192461114e-03
4631	1.544447795174153e-03	1.548816618912481e-03
4670	1.511802788610406e-03	1.513561248436209e-03
6566	1.479092435938911e-03	1.479108388168207e-03
8002	1.460855167917163e-03	1.479108388168207e-03
%
% index = 402, name = bbob_f014_i07_d02__bbob_f014_i08_d02
% instance = 3, reference value = 8.535873896473271e-01
% function evaluation | indicator value | target hit
1	1.550981022078827e+00	1.584893192461114e+00
304	3.084147919009820e-01	3.090295432513591e-01
319	2.626791367633576e-01	2.630267991895382e-01
355	2.556146233604704e-01	2.570395782768864e-01
360	2.346550891017380e-01	2.398832919019490e-01
372	2.332756807442870e-01	2.344228815319922e-01
374	2.271011715201250e-01	2.290867652767773e-01
425	2.233990603405556e-01	2.238721138568339e-01
450	1.707075244236265e-01	1.737800828749375e-01
477	1.692247322010793e-01	1.698243652461744e-01
617	1.658832260204948e-01	1.659586907437560e-01
924	1.590233334197413e-01	1.621810097358930e-01
988	1.476897801046064e-01	1.479108388168208e-01
1011	1.230440395731246e-01	1.258925411794167e-01
1013	1.229580569670067e-01	1.230268770812381e-01
1114	1.153691395481061e-01	1.174897554939529e-01
1173	9.180818992514905e-02	9.332543007969910e-02
1243	9.119197893691300e-02	9.120108393559097e-02
1305	6.662277516309911e-02	6.760829753919818e-02
1323	6.590104892109661e-02	6.606934480075961e-02
1450	6.453030291348616e-02	6.456542290346556e-02
1501	6.202890971977515e-02	6.309573444801933e-02
1636	5.902878021796221e-02	6.025595860743578e-02
1766	5.888174578128602e-02	5.888436553555890e-02
1789	5.149340761882171e-02	5.248074602497726e-02
1806	4.860628496367869e-02	4.897788193684462e-02
1870	3.960701798219801e-02	3.981071705534973e-02
1973	3.001258232688964e-02	3.019951720402016e-02
1981	2.861116400857555e-02	2.884031503126606e-02
2005	2.787620434871541e-02	2.818382931264454e-02
2016	2.621827475485861e-02	2.630267991895381e-02
2078	2.564143499346105e-02	2.570395782768863e-02
2141	2.464015676882514e-02	2.511886431509579e-02
2177	2.449233376951099e-02	2.454708915685030e-02
2232	2.383801333602176e-02	2.398832919019490e-02
2280	2.343084902229398e-02	2.344228815319923e-02
2374	2.054383885736477e-02	2.089296130854040e-02
2419	2.041364783747235e-02	2.041737944669529e-02
2491	1.927996120321029e-02	1.949844599758046e-02
2543	1.795653776316719e-02	1.819700858609984e-02
2570	1.741064066641151e-02	1.778279410038923e-02
2583	1.737649256316731e-02	1.737800828749375e-02
2645	1.696320583226740e-02	1.698243652461744e-02
2745	1.659367857106309e-02	1.659586907437561e-02
2775	1.598702086694026e-02	1.621810097358930e-02
2814	1.583742761737938e-02	1.584893192461113e-02
2844	1.503857119050489e-02	1.513561248436208e-02
2901	1.478799586184998e-02	1.479108388168207e-02
2941	1.445293931532543e-02	1.445439770745927e-02
3014	1.405242429453180e-02	1.412537544622754e-02
3048	1.347737015459061e-02	1.348962882591653e-02
3065	1.309658948615333e-02	1.318256738556407e-02
3088	1.283410254619255e-02	1.288249551693134e-02
3120	1.248383049826085e-02	1.258925411794167e-02
3150	1.203405201811070e-02	1.230268770812382e-02
3153	1.200506876781027e-02	1.202264434617413e-02
3182	1.103810056153609e-02	1.122018454301964e-02
3195	9.866241472280657e-03	1.000000000000000e-02
3221	9.762061116381782e-03	9.772372209558112e-03
3245	8.574773371594735e-03	8.709635899560805e-03
3249	8.504464064799655e-03	8.511380382023767e-03
3255	8.301892632928798e-03	8.317637711026709e-03
3274	8.125121328561691e-03	8.128305161640995e-03
3324	7.942162702514244e-03	7.943282347242814e-03
3392	7.762056983352861e-03	7.762471166286920e-03
3424	6.874670301252994e-03	6.918309709189363e-03
3468	6.747006401260691e-03	6.760829753919818e-03
3526	6.271089377403172e-03	6.309573444801930e-03
3527	5.892071961409728e-03	6.025595860743574e-03
3528	5.874198207152292e-03	5.888436553555890e-03
3574	5.738237716903294e-03	5.754399373371567e-03
3607	5.384456483693900e-03	5.495408738576248e-03
3616	5.369215562445517e-03	5.370317963702527e-03
3632	5.242898960173159e-03	5.248074602497728e-03
3649	5.128454292623097e-03	5.128613839913648e-03
3650	4.964761308007160e-03	5.011872336272725e-03
3675	4.795291742786589e-03	4.897788193684461e-03
3679	4.783410812429501e-03	4.786300923226385e-03
3704	4.673328076977068e-03	4.677351412871981e-03
3720	4.569385615589172e-03	4.570881896148752e-03
3740	4.462095337217753e-03	4.466835921509630e-03
3756	4.363781858279570e-03	4.365158322401661e-03
3767	4.235401253249726e-03	4.265795188015926e-03
3813	4.157812605220634e-03	4.168693834703355e-03
3832	4.067412688884664e-03	4.073802778041126e-03
3833	3.978707718688912e-03	3.981071705534973e-03
3850	3.889355859254207e-03	3.890451449942805e-03
3859	3.713383372272450e-03	3.715352290971724e-03
3875	3.617945043377424e-03	3.630780547701014e-03
3902	3.546825402652054e-03	3.548133892335753e-03
3929	3.428506205580772e-03	3.467368504525317e-03
3955	3.385502521695227e-03	3.388441561392024e-03
4008	3.294433636288008e-03	3.311311214825911e-03
4027	3.219604540712795e-03	3.235936569296281e-03
4044	3.157591745698962e-03	3.162277660168379e-03
4050	3.074949380212466e-03	3.090295432513592e-03
4069	3.015709637810393e-03	3.019951720402016e-03
4074	2.831120973119661e-03	2.884031503126605e-03
4568	2.663829785277572e-03	2.691534803926917e-03
4797	2.614515996456346e-03	2.630267991895381e-03
4809	2.426362354482237e-03	2.454708915685031e-03
4830	2.298503268221896e-03	2.344228815319923e-03
4847	2.262360939796149e-03	2.290867652767772e-03
4852	2.214492586745442e-03	2.238721138568340e-03
4909	2.112311881149909e-03	2.137962089502233e-03
4923	2.088807233113776e-03	2.089296130854039e-03
4929	2.029090016873791e-03	2.041737944669530e-03
4943	1.993000671501655e-03	1.995262314968879e-03
4957	1.948973838232781e-03	1.949844599758046e-03
4973	1.904286436579916e-03	1.905460717963246e-03
5002	1.854578439965726e-03	1.862087136662868e-03
5009	1.763249117985421e-03	1.778279410038923e-03
5018	1.709573010533871e-03	1.737800828749376e-03
5024	1.682658502530465e-03	1.698243652461744e-03
5032	1.644171840053832e-03	1.659586907437561e-03
5054	1.500257107511449e-03	1.513561248436209e-03
5092	1.475120265554075e-03	1.479108388168207e-03
5107	1.444172367592533e-03	1.445439770745928e-03
5142	1.377491830865996e-03	1.380384264602885e-03
5158	1.334685004621305e-03	1.348962882591653e-03
5173	1.303634443986290e-03	1.318256738556408e-03
5179	1.285109902052994e-03	1.288249551693134e-03
5193	1.256931155129259e-03	1.258925411794167e-03
5238	1.184797553851147e-03	1.202264434617413e-03
5262	1.165964875160963e-03	1.174897554939529e-03
5266	1.059994375014139e-03	1.071519305237606e-03
5289	1.046589285747634e-03	1.047128548050900e-03
5318	1.022589480846992e-03	1.023292992280754e-03
5361	9.935346521890986e-04	1.000000000000000e-03
5390	9.771302186267761e-04	9.772372209558111e-04
5424	9.545044552148330e-04	9.549925860214359e-04
5427	9.258376407110802e-04	9.332543007969915e-04
5428	9.095319987822981e-04	9.120108393559096e-04
5473	8.912317391039926e-04	8.912509381337459e-04
5512	8.655663418140058e-04	8.709635899560805e-04
5533	8.506927244911200e-04	8.511380382023768e-04
5585	8.315933018948618e-04	8.317637711026709e-04
5598	8.126678266566767e-04	8.128305161640995e-04
5601	7.826421588427168e-04	7.943282347242813e-04
5608	7.719150584958312e-04	7.762471166286919e-04
5674	7.585344291407559e-04	7.585775750291835e-04
5742	7.412980818760628e-04	7.413102413009177e-04
5793	7.222164657219032e-04	7.244359600749898e-04
5822	7.078552525240367e-04	7.079457843841380e-04
5870	6.818226317845122e-04	6.918309709189362e-04
5872	6.760490895173499e-04	6.760829753919819e-04
5932	6.580568074241455e-04	6.606934480075957e-04
6039	6.409126793899267e-04	6.456542290346556e-04
6107	6.308765766320779e-04	6.309573444801930e-04
6223	5.831750772457012e-04	5.888436553555889e-04
6266	5.640802774612430e-04	5.754399373371566e-04
6290	5.616327092821116e-04	5.623413251903491e-04
6332	5.494813804699517e-04	5.495408738576248e-04
6470	5.369989372464579e-04	5.370317963702527e-04
6612	5.246349738599054e-04	5.248074602497728e-04
6736	5.127592875707743e-04	5.128613839913648e-04
6850	4.979653118450944e-04	5.011872336272725e-04
6904	4.895096038541880e-04	4.897788193684461e-04
6980	4.786250075209386e-04	4.786300923226385e-04
7155	4.674628140691750e-04	4.677351412871981e-04
7247	4.299648252824584e-04	4.365158322401661e-04
7280	4.264855124617162e-04	4.265795188015926e-04
7465	3.833466012554965e-04	3.890451449942805e-04
7553	3.801398958710456e-04	3.801893963205612e-04
7646	3.713532264346675e-04	3.715352290971724e-04
7752	3.630091986214223e-04	3.630780547701014e-04
7832	3.547434042010522e-04	3.548133892335753e-04
8002	3.505210995605745e-04	3.548133892335753e-04
%
% index = 403, name = bbob_f014_i09_d02__bbob_f014_i10_d02
% instance = 4, reference value = 5.123730252304380e-01
% function evaluation | indicator value | target hit
1	8.004839501398742e+00	8.128305161640993e+00
7	5.705793252920604e+00	5.754399373371569e+00
136	4.513501007357105e+00	4.570881896148751e+00
210	2.778392632475449e-01	2.818382931264454e-01
294	1.938246983652683e-01	1.949844599758045e-01
313	1.703046773039048e-01	1.737800828749375e-01
339	1.499904338579386e-01	1.513561248436208e-01
347	1.474324018207113e-01	1.479108388168208e-01
369	1.415900254784979e-01	1.445439770745928e-01
406	1.335711052236135e-01	1.348962882591654e-01
410	1.294342338608270e-01	1.318256738556407e-01
414	1.241791003716359e-01	1.258925411794167e-01
416	9.972476354514243e-02	1.000000000000000e-01
428	8.728821136527809e-02	8.912509381337455e-02
432	8.468344114375426e-02	8.511380382023763e-02
433	8.268232585860941e-02	8.317637711026708e-02
434	7.658442813019689e-02	7.762471166286916e-02
442	7.418061542213650e-02	7.585775750291836e-02
444	7.220209816555428e-02	7.244359600749903e-02
448	6.989432204729612e-02	7.079457843841380e-02
455	6.143832765192753e-02	6.165950018614822e-02
456	5.930245338042578e-02	6.025595860743578e-02
458	5.783998944906016e-02	5.888436553555890e-02
460	5.742190008657239e-02	5.754399373371569e-02
462	5.045902527675239e-02	5.128613839913648e-02
463	4.755727367671470e-02	4.786300923226382e-02
467	4.566536074357308e-02	4.570881896148749e-02
474	4.392001245640081e-02	4.466835921509630e-02
483	3.909249354698607e-02	3.981071705534973e-02
485	3.847212803495614e-02	3.890451449942807e-02
488	3.670997077424626e-02	3.715352290971726e-02
489	3.582678257135963e-02	3.630780547701014e-02
492	3.491737919077392e-02	3.548133892335755e-02
494	3.448646527121629e-02	3.467368504525317e-02
497	3.319365549240438e-02	3.388441561392026e-02
503	3.230286045648717e-02	3.235936569296283e-02
505	3.066747705971146e-02	3.090295432513590e-02
508	2.971244913105975e-02	3.019951720402016e-02
514	2.915432546189534e-02	2.951209226666385e-02
517	2.882418089281519e-02	2.884031503126606e-02
518	2.711973422712305e-02	2.754228703338166e-02
519	2.673694588185455e-02	2.691534803926915e-02
524	2.629978872803551e-02	2.630267991895381e-02
531	2.563792465153780e-02	2.570395782768863e-02
534	2.443232281381336e-02	2.454708915685030e-02
536	2.309588538377361e-02	2.344228815319923e-02
537	2.266982050075222e-02	2.290867652767773e-02
538	2.156153308186409e-02	2.187761623949553e-02
544	2.129620138094240e-02	2.137962089502233e-02
555	2.079308506299316e-02	2.089296130854040e-02
559	2.022102957121680e-02	2.041737944669529e-02
565	1.988108056900595e-02	1.995262314968880e-02
571	1.932554121088020e-02	1.949844599758046e-02
575	1.890563576690801e-02	1.905460717963247e-02
581	1.836043822896016e-02	1.862087136662868e-02
583	1.815859526944302e-02	1.819700858609984e-02
592	1.757179776399626e-02	1.778279410038923e-02
598	1.729645472025415e-02	1.737800828749375e-02
602	1.687991891869101e-02	1.698243652461744e-02
605	1.658510005847941e-02	1.659586907437561e-02
612	1.621391546234163e-02	1.621810097358930e-02
617	1.570663829966717e-02	1.584893192461113e-02
627	1.546636653177941e-02	1.548816618912481e-02
640	1.494882710147571e-02	1.513561248436208e-02
647	1.467237982322206e-02	1.479108388168207e-02
649	1.435530955039033e-02	1.445439770745927e-02
658	1.412248446660719e-02	1.412537544622754e-02
663	1.345687936810158e-02	1.348962882591653e-02
671	1.314288663708829e-02	1.318256738556407e-02
677	1.287207337463314e-02	1.288249551693134e-02
686	1.258665119373276e-02	1.258925411794167e-02
694	1.228933391844123e-02	1.230268770812382e-02
696	1.193346902476022e-02	1.202264434617413e-02
701	1.165537002413053e-02	1.174897554939530e-02
712	1.136726451494463e-02	1.148153621496883e-02
718	1.121749165273311e-02	1.122018454301964e-02
722	1.092436684313391e-02	1.096478196143185e-02
731	1.064317503833989e-02	1.071519305237606e-02
733	1.046996115721566e-02	1.047128548050900e-02
738	1.018561499807069e-02	1.023292992280754e-02
744	9.999488806050616e-03	1.000000000000000e-02
762	9.760805354517066e-03	9.772372209558112e-03
770	9.548035875396210e-03	9.549925860214359e-03
783	9.325888891863698e-03	9.332543007969915e-03
792	9.102295292480966e-03	9.120108393559097e-03
799	8.851072228557411e-03	8.912509381337459e-03
803	8.642876516362641e-03	8.709635899560805e-03
811	8.508463691011103e-03	8.511380382023767e-03
819	8.311738039684102e-03	8.317637711026709e-03
827	8.116850223522154e-03	8.128305161640995e-03
834	7.550467595766608e-03	7.585775750291836e-03
839	7.401944299819774e-03	7.413102413009177e-03
847	7.107800244274043e-03	7.244359600749898e-03
850	7.044741765907525e-03	7.079457843841380e-03
858	6.882331865305957e-03	6.918309709189363e-03
870	6.741814595583207e-03	6.760829753919818e-03
872	6.593479900287469e-03	6.606934480075957e-03
873	6.449114791040489e-03	6.456542290346556e-03
887	6.307419667708869e-03	6.309573444801930e-03
892	6.163491836457702e-03	6.165950018614822e-03
905	5.975259666389787e-03	6.025595860743574e-03
918	5.887663013583011e-03	5.888436553555890e-03
936	5.743287647174800e-03	5.754399373371567e-03
942	5.615937116850933e-03	5.623413251903491e-03
950	5.412175182059165e-03	5.495408738576248e-03
958	5.353078355262331e-03	5.370317963702527e-03
967	5.247349861313255e-03	5.248074602497728e-03
974	5.122419247745813e-03	5.128613839913648e-03
985	4.926939882072379e-03	5.011872336272725e-03
987	4.894956200944156e-03	4.897788193684461e-03
1002	4.782833625477489e-03	4.786300923226385e-03
1016	4.659941039555360e-03	4.677351412871981e-03
1028	4.564963595278915e-03	4.570881896148752e-03
1047	4.463272142180008e-03	4.466835921509630e-03
1052	4.364100570367624e-03	4.365158322401661e-03
1069	4.250535150347567e-03	4.265795188015926e-03
1083	4.168483230434172e-03	4.168693834703355e-03
1089	4.057681795698653e-03	4.073802778041126e-03
1096	3.974115932191213e-03	3.981071705534973e-03
1104	3.862996793103535e-03	3.890451449942805e-03
1106	3.796110595719937e-03	3.801893963205613e-03
1109	3.709971134799428e-03	3.715352290971724e-03
1124	3.625480297936967e-03	3.630780547701014e-03
1134	3.534517374451762e-03	3.548133892335753e-03
1142	3.455254527491403e-03	3.467368504525317e-03
1159	3.386730014872552e-03	3.388441561392024e-03
1163	3.305559546090575e-03	3.311311214825911e-03
1173	3.234954938070023e-03	3.235936569296281e-03
1190	3.152057497043059e-03	3.162277660168379e-03
1201	3.077271649480795e-03	3.090295432513592e-03
1227	3.016743269560807e-03	3.019951720402016e-03
1243	2.949623345641306e-03	2.951209226666387e-03
1257	2.876135977231908e-03	2.884031503126605e-03
1273	2.809780660650296e-03	2.818382931264455e-03
1287	2.754158236508597e-03	2.754228703338166e-03
1311	2.689315085067423e-03	2.691534803926917e-03
1333	2.629662547852796e-03	2.630267991895381e-03
1361	2.565760832094588e-03	2.570395782768865e-03
1392	2.510358436423554e-03	2.511886431509579e-03
1405	2.450500080622642e-03	2.454708915685031e-03
1428	2.394909072694240e-03	2.398832919019490e-03
1448	2.335489144255964e-03	2.344228815319923e-03
1456	2.288132602049853e-03	2.290867652767772e-03
1481	2.236950835959983e-03	2.238721138568340e-03
1497	2.187356920467232e-03	2.187761623949552e-03
1505	2.133012942987955e-03	2.137962089502233e-03
1525	2.089250613388605e-03	2.089296130854039e-03
1547	2.039244536405582e-03	2.041737944669530e-03
1558	1.970195252607887e-03	1.995262314968879e-03
1573	1.949737397702100e-03	1.949844599758046e-03
1583	1.894261884539450e-03	1.905460717963246e-03
1600	1.854750617530709e-03	1.862087136662868e-03
1622	1.819197145557894e-03	1.819700858609983e-03
1647	1.772395346480993e-03	1.778279410038923e-03
1676	1.735644121192870e-03	1.737800828749376e-03
1696	1.698084628288132e-03	1.698243652461744e-03
1713	1.659112783977346e-03	1.659586907437561e-03
1748	1.621793464206545e-03	1.621810097358930e-03
1767	1.579741528536127e-03	1.584893192461114e-03
1793	1.544423298644348e-03	1.548816618912481e-03
1832	1.513224430169768e-03	1.513561248436209e-03
1866	1.477654014297114e-03	1.479108388168207e-03
1917	1.401528725740397e-03	1.412537544622754e-03
1936	1.378894139041353e-03	1.380384264602885e-03
1971	1.347960480729604e-03	1.348962882591653e-03
2009	1.317196354905792e-03	1.318256738556408e-03
2027	1.285185359443330e-03	1.288249551693134e-03
2044	1.256893653527991e-03	1.258925411794167e-03
2074	1.229235365467374e-03	1.230268770812381e-03
2113	1.200591725752265e-03	1.202264434617413e-03
2158	1.174848609100332e-03	1.174897554939529e-03
2175	1.142300851516009e-03	1.148153621496883e-03
2219	1.117466334845552e-03	1.122018454301963e-03
2243	1.096375639796476e-03	1.096478196143185e-03
2293	1.070789110622528e-03	1.071519305237606e-03
2325	1.046185554768098e-03	1.047128548050900e-03
2356	1.021972285967676e-03	1.023292992280754e-03
2393	9.927887284015835e-04	1.000000000000000e-03
2405	9.765297505294201e-04	9.772372209558111e-04
2464	9.549560524769740e-04	9.549925860214359e-04
2501	9.332219753066529e-04	9.332543007969915e-04
2540	9.103071250299299e-04	9.120108393559096e-04
2567	8.882104538918689e-04	8.912509381337459e-04
2607	8.700370671713697e-04	8.709635899560805e-04
2634	8.508293589589710e-04	8.511380382023768e-04
2698	8.317061795977132e-04	8.317637711026709e-04
2753	8.092986918762923e-04	8.128305161640995e-04
2786	7.889019033276989e-04	7.943282347242813e-04
2817	7.747017766543962e-04	7.762471166286919e-04
2858	7.584710877193146e-04	7.585775750291835e-04
2929	7.408307863104868e-04	7.413102413009177e-04
3007	7.243442883843043e-04	7.244359600749898e-04
3050	7.077766579201006e-04	7.079457843841380e-04
3106	6.917782050417376e-04	6.918309709189362e-04
3176	6.757936912665796e-04	6.760829753919819e-04
3230	6.603750442132350e-04	6.606934480075957e-04
3276	6.456169140965917e-04	6.456542290346556e-04
3333	6.297800842383072e-04	6.309573444801930e-04
3378	6.165887591208508e-04	6.165950018614823e-04
3458	6.024852081319976e-04	6.025595860743575e-04
3524	5.887194191528389e-04	5.888436553555889e-04
3579	5.754020415859040e-04	5.754399373371566e-04
3636	5.621136589759601e-04	5.623413251903491e-04
3740	5.490016338507431e-04	5.495408738576248e-04
3836	5.368165232960687e-04	5.370317963702527e-04
3924	5.245323417761849e-04	5.248074602497728e-04
3983	5.114402475786539e-04	5.128613839913648e-04
4037	5.008788706128975e-04	5.011872336272725e-04
4885	4.897466095864500e-04	4.897788193684461e-04
5132	4.779196608046821e-04	4.786300923226385e-04
5228	4.672449291315273e-04	4.677351412871981e-04
5357	4.569645000479516e-04	4.570881896148752e-04
5458	4.466225306781757e-04	4.466835921509630e-04
5610	4.365089261291200e-04	4.365158322401661e-04
5754	4.265786335247990e-04	4.265795188015926e-04
5861	4.163373348393673e-04	4.168693834703355e-04
5997	4.070383764197549e-04	4.073802778041126e-04
6081	3.980467901937290e-04	3.981071705534974e-04
6210	3.886413723575011e-04	3.890451449942805e-04
6334	3.796934347685132e-04	3.801893963205612e-04
6480	3.715235074217560e-04	3.715352290971724e-04
6613	3.630068760259730e-04	3.630780547701014e-04
6760	3.547732082608279e-04	3.548133892335753e-04
6881	3.466823075433112e-04	3.467368504525317e-04
7003	3.388436874662837e-04	3.388441561392024e-04
7198	3.310673656932162e-04	3.311311214825911e-04
7312	3.235525791444038e-04	3.235936569296281e-04
7410	3.161724947787770e-04	3.162277660168379e-04
7561	3.090059072272666e-04	3.090295432513592e-04
7757	3.018405723954620e-04	3.019951720402016e-04
7946	2.951020063201026e-04	2.951209226666387e-04
8002	2.932932373324038e-04	2.951209226666387e-04
%
% index = 404, name = bbob_f014_i11_d02__bbob_f014_i12_d02
% instance = 5, reference value = 8.215579171701070e-01
% function evaluation | indicator value | target hit
1	4.024986683995597e-01	4.073802778041127e-01
277	2.805268213688320e-01	2.818382931264454e-01
351	2.740534246449338e-01	2.754228703338166e-01
363	2.690101462898843e-01	2.691534803926916e-01
428	1.437948360727874e-01	1.445439770745928e-01
429	1.069014782902398e-01	1.071519305237607e-01
430	1.029765684042864e-01	1.047128548050900e-01
438	9.693767329684400e-02	9.772372209558107e-02
455	8.311570837952942e-02	8.317637711026708e-02
476	7.694308148286977e-02	7.762471166286916e-02
477	7.470573071789732e-02	7.585775750291836e-02
478	7.374420517088198e-02	7.413102413009177e-02
479	7.126871915412203e-02	7.244359600749903e-02
480	6.964412356813499e-02	7.079457843841380e-02
481	6.602625344686242e-02	6.606934480075961e-02
499	6.412403753313622e-02	6.456542290346556e-02
510	6.096154726229441e-02	6.165950018614822e-02
522	6.010937574651054e-02	6.025595860743578e-02
529	5.770319548690928e-02	5.888436553555890e-02
530	5.650858615686905e-02	5.754399373371569e-02
537	5.550898941594118e-02	5.623413251903491e-02
551	4.303280220715111e-02	4.365158322401658e-02
560	4.242219856699148e-02	4.265795188015926e-02
563	4.155340100126659e-02	4.168693834703355e-02
564	3.583833925854307e-02	3.630780547701014e-02
565	3.278415911967814e-02	3.311311214825911e-02
568	3.233824576887878e-02	3.235936569296283e-02
592	3.161051604339615e-02	3.162277660168379e-02
593	3.001658916070649e-02	3.019951720402016e-02
596	2.906111535560785e-02	2.951209226666385e-02
597	2.867604948090663e-02	2.884031503126606e-02
600	2.808903525748296e-02	2.818382931264454e-02
609	2.746363102050942e-02	2.754228703338166e-02
623	2.421580535239043e-02	2.454708915685030e-02
635	2.397162175680256e-02	2.398832919019490e-02
641	2.341772056063263e-02	2.344228815319923e-02
650	2.269165725713596e-02	2.290867652767773e-02
654	2.238566428180477e-02	2.238721138568340e-02
667	2.185695086836403e-02	2.187761623949553e-02
670	2.092706840515712e-02	2.137962089502233e-02
671	2.059647288389388e-02	2.089296130854040e-02
675	2.041663557288986e-02	2.041737944669529e-02
690	1.969029386903132e-02	1.995262314968880e-02
700	1.928592125813877e-02	1.949844599758046e-02
706	1.891870778255278e-02	1.905460717963247e-02
722	1.813461043141507e-02	1.819700858609984e-02
729	1.767671166582430e-02	1.778279410038923e-02
739	1.728417575109931e-02	1.737800828749375e-02
747	1.305228874708730e-02	1.318256738556407e-02
756	1.224893418389084e-02	1.230268770812382e-02
763	1.201041729976782e-02	1.202264434617413e-02
766	1.168317902493032e-02	1.174897554939530e-02
771	1.141146204315968e-02	1.148153621496883e-02
782	1.119786328439920e-02	1.122018454301964e-02
789	1.080341430510057e-02	1.096478196143185e-02
797	1.069048343469481e-02	1.071519305237606e-02
813	1.044271369050198e-02	1.047128548050900e-02
835	1.023101622513711e-02	1.023292992280754e-02
841	9.227012068275253e-03	9.332543007969915e-03
846	9.101169863363290e-03	9.120108393559097e-03
864	8.869726448230253e-03	8.912509381337459e-03
867	8.186726581877579e-03	8.317637711026709e-03
880	8.093720976418473e-03	8.128305161640995e-03
890	7.759672562391073e-03	7.762471166286920e-03
908	7.581598892501429e-03	7.585775750291836e-03
958	7.389311551638689e-03	7.413102413009177e-03
971	7.216629804421282e-03	7.244359600749898e-03
999	7.067826095423779e-03	7.079457843841380e-03
1024	6.917109224501949e-03	6.918309709189363e-03
1064	6.656089531166365e-03	6.760829753919818e-03
1069	6.603181377218714e-03	6.606934480075957e-03
1085	6.311174066808922e-03	6.456542290346556e-03
1088	6.302211324425655e-03	6.309573444801930e-03
1113	6.155767263752554e-03	6.165950018614822e-03
1140	6.018416652691316e-03	6.025595860743574e-03
1153	5.855620823679075e-03	5.888436553555890e-03
1184	5.749899387465951e-03	5.754399373371567e-03
1218	5.601772035972341e-03	5.623413251903491e-03
1250	5.488768713347136e-03	5.495408738576248e-03
1292	5.364369063357022e-03	5.370317963702527e-03
1336	5.217354112083794e-03	5.248074602497728e-03
1389	5.128337777370096e-03	5.128613839913648e-03
1505	4.988942828381138e-03	5.011872336272725e-03
1639	4.897752602902372e-03	4.897788193684461e-03
1672	4.685370503225705e-03	4.786300923226385e-03
1693	4.673761092735984e-03	4.677351412871981e-03
1815	4.570016579875436e-03	4.570881896148752e-03
1876	4.458045750505235e-03	4.466835921509630e-03
1944	4.043428458905263e-03	4.073802778041126e-03
2046	3.978881518270638e-03	3.981071705534973e-03
2307	3.889790068921095e-03	3.890451449942805e-03
2578	3.800431875995991e-03	3.801893963205613e-03
2849	3.556047204822277e-03	3.630780547701014e-03
2888	3.548122458144176e-03	3.548133892335753e-03
3319	3.466916119782781e-03	3.467368504525317e-03
3600	3.136040351903291e-03	3.162277660168379e-03
3978	3.090136301211577e-03	3.090295432513592e-03
4565	2.136197434688514e-03	2.137962089502233e-03
4650	1.757945359815549e-03	1.778279410038923e-03
4692	1.511776193821701e-03	1.513561248436209e-03
4965	1.458218399000510e-03	1.479108388168207e-03
5096	1.423976919201264e-03	1.445439770745928e-03
5136	1.410163523658969e-03	1.412537544622754e-03
5271	1.371229511412220e-03	1.380384264602885e-03
5435	1.345115114228412e-03	1.348962882591653e-03
5600	1.300036395937121e-03	1.318256738556408e-03
5608	1.276628519130796e-03	1.288249551693134e-03
5742	1.250420043121037e-03	1.258925411794167e-03
5780	1.225125720655362e-03	1.230268770812381e-03
5920	1.201776338216498e-03	1.202264434617413e-03
6423	1.166364540675979e-03	1.174897554939529e-03
6698	1.148090060201556e-03	1.148153621496883e-03
6733	1.084397236978285e-03	1.096478196143185e-03
6886	1.071472004345986e-03	1.071519305237606e-03
6933	1.046948198474507e-03	1.047128548050900e-03
7351	9.272530913985166e-04	9.332543007969915e-04
7538	9.104631115576245e-04	9.120108393559096e-04
7802	8.909391815821177e-04	8.912509381337459e-04
8002	8.784625703389670e-04	8.912509381337459e-04
%
% index = 405, name = bbob_f014_i13_d02__bbob_f014_i14_d02
% instance = 6, reference value = 7.678202471951230e-01
% function evaluation | indicator value | target hit
1	9.792011954560623e+00	1.000000000000000e+01
210	1.643032783989705e+00	1.659586907437561e+00
284	8.393581761191229e-01	8.511380382023764e-01
348	4.804468705117129e-01	4.897788193684462e-01
377	4.766529872758295e-01	4.786300923226383e-01
392	2.452697384086557e-01	2.454708915685030e-01
398	2.087187341980554e-01	2.089296130854039e-01
399	1.570096172466200e-01	1.584893192461113e-01
406	1.504564453988033e-01	1.513561248436208e-01
407	1.406778674229014e-01	1.412537544622754e-01
416	1.245990556500670e-01	1.258925411794167e-01
418	1.215318180333731e-01	1.230268770812381e-01
419	1.075718598647679e-01	1.096478196143185e-01
439	1.060219520935521e-01	1.071519305237607e-01
445	1.044014207526618e-01	1.047128548050900e-01
455	9.587377902528005e-02	9.772372209558107e-02
456	7.169585165231429e-02	7.244359600749903e-02
459	7.053412358516287e-02	7.079457843841380e-02
465	6.568397048136365e-02	6.606934480075961e-02
469	6.382369368112961e-02	6.456542290346556e-02
480	6.237804231297173e-02	6.309573444801933e-02
484	6.045334457231388e-02	6.165950018614822e-02
485	5.923095714012072e-02	6.025595860743578e-02
487	5.845573406703186e-02	5.888436553555890e-02
489	5.670275968279015e-02	5.754399373371569e-02
491	5.474233990131372e-02	5.495408738576246e-02
499	5.352940979361187e-02	5.370317963702527e-02
504	5.201548319784011e-02	5.248074602497726e-02
511	4.962173482397736e-02	5.011872336272722e-02
518	4.841711946952365e-02	4.897788193684462e-02
529	4.684660287175035e-02	4.786300923226382e-02
531	4.550629633128445e-02	4.570881896148749e-02
533	4.457350209077771e-02	4.466835921509630e-02
534	4.352315717198096e-02	4.365158322401658e-02
539	4.234116954005351e-02	4.265795188015926e-02
542	4.005169641964113e-02	4.073802778041128e-02
544	3.976607923950537e-02	3.981071705534973e-02
547	3.883355712451242e-02	3.890451449942807e-02
553	3.788835818641900e-02	3.801893963205612e-02
563	3.679195513489464e-02	3.715352290971726e-02
567	3.468394371967964e-02	3.548133892335755e-02
569	3.438597600831239e-02	3.467368504525317e-02
576	3.386750948146089e-02	3.388441561392026e-02
580	3.244800179803142e-02	3.311311214825911e-02
581	3.231270585893653e-02	3.235936569296283e-02
585	3.081455963185686e-02	3.090295432513590e-02
587	3.010319087763391e-02	3.019951720402016e-02
595	2.921711672852501e-02	2.951209226666385e-02
607	2.841878992371982e-02	2.884031503126606e-02
608	2.786496250777626e-02	2.818382931264454e-02
611	2.748446749233535e-02	2.754228703338166e-02
616	2.689643313889378e-02	2.691534803926915e-02
626	2.616660925309278e-02	2.630267991895381e-02
635	2.563131051371048e-02	2.570395782768863e-02
652	2.459421693871056e-02	2.511886431509579e-02
656	2.449942036083019e-02	2.454708915685030e-02
667	2.368929157960453e-02	2.398832919019490e-02
671	2.317150905304699e-02	2.344228815319923e-02
676	2.288905376300165e-02	2.290867652767773e-02
679	2.221273168831683e-02	2.238721138568340e-02
688	2.177433900109471e-02	2.187761623949553e-02
696	2.118525086231393e-02	2.137962089502233e-02
697	2.088227872019877e-02	2.089296130854040e-02
706	2.031942421572441e-02	2.041737944669529e-02
709	1.993936882710690e-02	1.995262314968880e-02
715	1.941878070399550e-02	1.949844599758046e-02
724	1.899335071140407e-02	1.905460717963247e-02
730	1.855543882829536e-02	1.862087136662868e-02
738	1.815550169289604e-02	1.819700858609984e-02
752	1.778273838970401e-02	1.778279410038923e-02
757	1.731330155691191e-02	1.737800828749375e-02
762	1.692295466188198e-02	1.698243652461744e-02
768	1.658811000196225e-02	1.659586907437561e-02
779	1.621658783601232e-02	1.621810097358930e-02
802	1.584144508400154e-02	1.584893192461113e-02
816	1.545053759674675e-02	1.548816618912481e-02
830	1.509067931115626e-02	1.513561248436208e-02
849	1.476892010013520e-02	1.479108388168207e-02
856	1.392169476784477e-02	1.412537544622754e-02
857	1.379345060111103e-02	1.380384264602885e-02
875	1.338872932329371e-02	1.348962882591653e-02
877	1.314480890606451e-02	1.318256738556407e-02
887	1.287959019452967e-02	1.288249551693134e-02
894	1.257952618751867e-02	1.258925411794167e-02
908	1.227853790231581e-02	1.230268770812382e-02
924	1.202183998337247e-02	1.202264434617413e-02
942	1.169700357821735e-02	1.174897554939530e-02
957	1.146879299822634e-02	1.148153621496883e-02
982	1.120078027254967e-02	1.122018454301964e-02
995	1.096459269962191e-02	1.096478196143185e-02
1013	1.070793620629251e-02	1.071519305237606e-02
1020	1.047059177736021e-02	1.047128548050900e-02
1031	1.022255566351904e-02	1.023292992280754e-02
1054	9.998795487367262e-03	1.000000000000000e-02
1073	9.744069991331039e-03	9.772372209558112e-03
1087	9.544186769560925e-03	9.549925860214359e-03
1098	9.330618676929747e-03	9.332543007969915e-03
1112	9.088407172796353e-03	9.120108393559097e-03
1133	8.908879821862059e-03	8.912509381337459e-03
1163	8.697620650464088e-03	8.709635899560805e-03
1176	8.488243713458354e-03	8.511380382023767e-03
1191	8.299847712185837e-03	8.317637711026709e-03
1207	8.081952583571028e-03	8.128305161640995e-03
1226	7.929066268230756e-03	7.943282347242814e-03
1231	7.718439254692067e-03	7.762471166286920e-03
1241	7.584780527778334e-03	7.585775750291836e-03
1256	7.385538015949655e-03	7.413102413009177e-03
1267	7.240767244906854e-03	7.244359600749898e-03
1283	7.079400972577088e-03	7.079457843841380e-03
1291	6.911866869036998e-03	6.918309709189363e-03
1303	6.755614601873461e-03	6.760829753919818e-03
1321	6.581275814179999e-03	6.606934480075957e-03
1335	6.350652096570486e-03	6.456542290346556e-03
1337	6.300447754987615e-03	6.309573444801930e-03
1354	6.105555998254353e-03	6.165950018614822e-03
1365	6.022615873226833e-03	6.025595860743574e-03
1380	5.824491171820378e-03	5.888436553555890e-03
1390	5.743769946419452e-03	5.754399373371567e-03
1408	5.605862933463324e-03	5.623413251903491e-03
1417	5.495334511362415e-03	5.495408738576248e-03
1435	5.366849394213169e-03	5.370317963702527e-03
1449	5.239642975230496e-03	5.248074602497728e-03
1455	5.124416550202127e-03	5.128613839913648e-03
1468	5.007170448683929e-03	5.011872336272725e-03
1483	4.838119476853420e-03	4.897788193684461e-03
1491	4.707317913150821e-03	4.786300923226385e-03
1493	4.641837570972029e-03	4.677351412871981e-03
1495	4.554292392450643e-03	4.570881896148752e-03
1505	4.411001337654041e-03	4.466835921509630e-03
1514	4.363607649997880e-03	4.365158322401661e-03
1532	4.263435506937197e-03	4.265795188015926e-03
1543	4.166477334980212e-03	4.168693834703355e-03
1561	4.072516279461480e-03	4.073802778041126e-03
1567	3.951610293397967e-03	3.981071705534973e-03
1571	3.880918646411158e-03	3.890451449942805e-03
1579	3.729945655502109e-03	3.801893963205613e-03
1581	3.680259807713138e-03	3.715352290971724e-03
1593	3.584212575189594e-03	3.630780547701014e-03
1598	3.544718786177348e-03	3.548133892335753e-03
1603	3.436427119462571e-03	3.467368504525317e-03
1616	3.364799762526016e-03	3.388441561392024e-03
1624	3.297303608648994e-03	3.311311214825911e-03
1639	3.235330337668318e-03	3.235936569296281e-03
1644	3.157680558501519e-03	3.162277660168379e-03
1656	3.088200908651806e-03	3.090295432513592e-03
1676	3.019330632600625e-03	3.019951720402016e-03
1686	2.945538652427859e-03	2.951209226666387e-03
1704	2.874215071226760e-03	2.884031503126605e-03
1708	2.808908412219480e-03	2.818382931264455e-03
1716	2.753679417925370e-03	2.754228703338166e-03
1729	2.682957843571643e-03	2.691534803926917e-03
1745	2.586730695138262e-03	2.630267991895381e-03
1754	2.567271758802003e-03	2.570395782768865e-03
1773	2.501816691504510e-03	2.511886431509579e-03
1782	2.451618358748631e-03	2.454708915685031e-03
1806	2.394110966653429e-03	2.398832919019490e-03
1823	2.342977480538577e-03	2.344228815319923e-03
1841	2.279836531693724e-03	2.290867652767772e-03
1856	2.234537117053792e-03	2.238721138568340e-03
1877	2.167786520479664e-03	2.187761623949552e-03
1894	2.137788665301010e-03	2.137962089502233e-03
1910	2.083210654132084e-03	2.089296130854039e-03
1939	2.041685479095001e-03	2.041737944669530e-03
1965	1.995007370587221e-03	1.995262314968879e-03
1994	1.949215578276098e-03	1.949844599758046e-03
2012	1.902280557462221e-03	1.905460717963246e-03
2057	1.859371831623990e-03	1.862087136662868e-03
2069	1.814760301219187e-03	1.819700858609983e-03
2114	1.776290428112115e-03	1.778279410038923e-03
2138	1.735070434159436e-03	1.737800828749376e-03
2164	1.694222030244830e-03	1.698243652461744e-03
2187	1.659017018510345e-03	1.659586907437561e-03
2212	1.611624928535726e-03	1.621810097358930e-03
2281	1.584286567267834e-03	1.584893192461114e-03
2306	1.545138985113326e-03	1.548816618912481e-03
2358	1.498073121825594e-03	1.513561248436209e-03
2370	1.478993609672519e-03	1.479108388168207e-03
2452	1.445385722673054e-03	1.445439770745928e-03
2503	1.411356507513561e-03	1.412537544622754e-03
2560	1.372012051896632e-03	1.380384264602885e-03
2589	1.346087754738545e-03	1.348962882591653e-03
2643	1.317884748605613e-03	1.318256738556408e-03
2719	1.269268082595421e-03	1.288249551693134e-03
2739	1.258335478529160e-03	1.258925411794167e-03
2765	1.225748076653987e-03	1.230268770812381e-03
2839	1.200576649167506e-03	1.202264434617413e-03
2921	1.174083990710728e-03	1.174897554939529e-03
2991	1.148140227021699e-03	1.148153621496883e-03
3075	1.121852608521934e-03	1.122018454301963e-03
3192	1.096071106575613e-03	1.096478196143185e-03
3286	1.071388739161128e-03	1.071519305237606e-03
3433	1.047079351132352e-03	1.047128548050900e-03
3566	1.023198512017487e-03	1.023292992280754e-03
3755	9.998501447822106e-04	1.000000000000000e-03
3846	9.765215030520524e-04	9.772372209558111e-04
4055	9.540396132837747e-04	9.549925860214359e-04
4325	9.195402269199793e-04	9.332543007969915e-04
4438	8.748125820032815e-04	8.912509381337459e-04
4464	8.311870855977066e-04	8.317637711026709e-04
4517	8.110400588238198e-04	8.128305161640995e-04
4556	7.684796538964811e-04	7.762471166286919e-04
4576	7.395957325987412e-04	7.413102413009177e-04
4690	7.229842524362207e-04	7.244359600749898e-04
4933	6.984910474858719e-04	7.079457843841380e-04
4994	6.881519119112944e-04	6.918309709189362e-04
5060	6.704557257503074e-04	6.760829753919819e-04
5187	6.591037762454510e-04	6.606934480075957e-04
5292	6.450788391730855e-04	6.456542290346556e-04
5448	6.309406263190764e-04	6.309573444801930e-04
5705	6.156393800701432e-04	6.165950018614823e-04
5820	6.024973974052550e-04	6.025595860743575e-04
5918	5.888171581774904e-04	5.888436553555889e-04
6110	5.753674359800787e-04	5.754399373371566e-04
6182	5.616797886518476e-04	5.623413251903491e-04
6310	5.495184438613077e-04	5.495408738576248e-04
6481	5.370309579445509e-04	5.370317963702527e-04
6681	5.238556688036411e-04	5.248074602497728e-04
6792	5.127794818601261e-04	5.128613839913648e-04
6997	5.010342732543194e-04	5.011872336272725e-04
7080	4.855131747949493e-04	4.897788193684461e-04
7087	4.688560837056155e-04	4.786300923226385e-04
7102	4.673817176359396e-04	4.677351412871981e-04
7285	4.570562555323843e-04	4.570881896148752e-04
7488	4.466365126164495e-04	4.466835921509630e-04
7719	4.338645445420841e-04	4.365158322401661e-04
7822	4.250131428936710e-04	4.265795188015926e-04
8002	4.189403533959579e-04	4.265795188015926e-04
%
% index = 406, name = bbob_f014_i15_d02__bbob_f014_i16_d02
% instance = 7, reference value = 9.358956668581920e-01
% function evaluation | indicator value | target hit
1	1.888348910538808e-01	1.905460717963247e-01
204	1.567651547217177e-01	1.584893192461113e-01
232	1.466444272428543e-01	1.479108388168208e-01
258	1.404670913507233e-01	1.412537544622754e-01
266	1.287039320805726e-01	1.288249551693134e-01
368	1.238023122309746e-01	1.258925411794167e-01
369	1.146473451765584e-01	1.148153621496883e-01
381	1.115372096759453e-01	1.122018454301964e-01
429	1.096095656825565e-01	1.096478196143185e-01
448	1.067178539615892e-01	1.071519305237607e-01
472	1.018912188783466e-01	1.023292992280754e-01
492	9.981026887758149e-02	1.000000000000000e-01
520	9.716849840984765e-02	9.772372209558107e-02
542	9.547294999923761e-02	9.549925860214359e-02
581	9.332088214099288e-02	9.332543007969910e-02
638	9.101632544618454e-02	9.120108393559097e-02
721	8.908537749385470e-02	8.912509381337455e-02
791	8.707240698772778e-02	8.709635899560805e-02
870	8.507857844651912e-02	8.511380382023763e-02
922	8.316850340498827e-02	8.317637711026708e-02
1013	8.127931494650609e-02	8.128305161640990e-02
1170	7.940949557306831e-02	7.943282347242814e-02
1393	7.761905089516674e-02	7.762471166286916e-02
1628	7.584433809430280e-02	7.585775750291836e-02
1985	7.411807818403970e-02	7.413102413009177e-02
2311	7.242778529911298e-02	7.244359600749903e-02
2758	7.079290182874631e-02	7.079457843841380e-02
3093	6.915300813439729e-02	6.918309709189366e-02
3295	6.758111883135876e-02	6.760829753919818e-02
3411	6.602848397379690e-02	6.606934480075961e-02
3536	6.454930407486970e-02	6.456542290346556e-02
3704	6.307856895042196e-02	6.309573444801933e-02
3954	6.165512870355228e-02	6.165950018614822e-02
4419	5.316667104038841e-02	5.370317963702527e-02
4489	4.901651484350744e-02	5.011872336272722e-02
4490	4.454682347360595e-02	4.466835921509630e-02
4497	4.029856569839185e-02	4.073802778041128e-02
4526	3.553185813245563e-02	3.630780547701014e-02
4529	3.170187736741681e-02	3.235936569296283e-02
4558	2.925299847535445e-02	2.951209226666385e-02
4590	2.421493204914582e-02	2.454708915685030e-02
4596	2.381875757514706e-02	2.398832919019490e-02
4639	2.301189102008161e-02	2.344228815319923e-02
4640	2.284945373132541e-02	2.290867652767773e-02
4644	2.146319292015486e-02	2.187761623949553e-02
4645	2.101238357635082e-02	2.137962089502233e-02
4649	1.971569760845127e-02	1.995262314968880e-02
4653	1.895059718852043e-02	1.905460717963247e-02
4665	1.779656541837360e-02	1.819700858609984e-02
4675	1.763479490588771e-02	1.778279410038923e-02
4686	1.737769112953380e-02	1.737800828749375e-02
4688	1.678076059623412e-02	1.698243652461744e-02
4689	1.569108225880256e-02	1.584893192461113e-02
4690	1.543775039264994e-02	1.548816618912481e-02
4691	1.471208158412585e-02	1.479108388168207e-02
4697	1.435627557023311e-02	1.445439770745927e-02
4708	1.385934401987365e-02	1.412537544622754e-02
4714	1.362567708777862e-02	1.380384264602885e-02
4717	1.344775987415714e-02	1.348962882591653e-02
4725	1.314562267454567e-02	1.318256738556407e-02
4735	1.287186692431985e-02	1.288249551693134e-02
4742	1.256673238184536e-02	1.258925411794167e-02
4743	1.223513983071511e-02	1.230268770812382e-02
4747	1.176310727378427e-02	1.202264434617413e-02
4750	1.174643798699904e-02	1.174897554939530e-02
4768	1.147807026814063e-02	1.148153621496883e-02
4769	1.017706057075018e-02	1.023292992280754e-02
4776	9.949817375020209e-03	1.000000000000000e-02
4779	9.749466381851812e-03	9.772372209558112e-03
4780	9.537420504980187e-03	9.549925860214359e-03
4784	9.238395365822383e-03	9.332543007969915e-03
4793	9.030101648504929e-03	9.120108393559097e-03
4795	8.868620141192163e-03	8.912509381337459e-03
4810	8.655179254178580e-03	8.709635899560805e-03
4819	8.166186729807623e-03	8.317637711026709e-03
4821	8.116707764748043e-03	8.128305161640995e-03
4839	7.881548742173949e-03	7.943282347242814e-03
4847	7.668177161812340e-03	7.762471166286920e-03
4857	7.585516562682026e-03	7.585775750291836e-03
4881	6.061078786032015e-03	6.165950018614822e-03
4885	6.015179210640209e-03	6.025595860743574e-03
4901	5.797517770762206e-03	5.888436553555890e-03
4906	5.754293738917782e-03	5.754399373371567e-03
4938	5.617240973254778e-03	5.623413251903491e-03
4961	5.470976313622700e-03	5.495408738576248e-03
5009	5.370058657234389e-03	5.370317963702527e-03
5066	5.233358101916163e-03	5.248074602497728e-03
5085	4.649173199941070e-03	4.677351412871981e-03
5124	4.548303782370366e-03	4.570881896148752e-03
5143	4.392748801980706e-03	4.466835921509630e-03
5160	4.355652865392301e-03	4.365158322401661e-03
5254	4.258951084072926e-03	4.265795188015926e-03
5337	4.168093571679687e-03	4.168693834703355e-03
5376	3.908097986865089e-03	3.981071705534973e-03
5404	3.884063726946163e-03	3.890451449942805e-03
5473	3.799716607497339e-03	3.801893963205613e-03
5554	3.704264438940452e-03	3.715352290971724e-03
5777	3.625907913117232e-03	3.630780547701014e-03
5928	3.447849982063822e-03	3.467368504525317e-03
6235	3.388429395344228e-03	3.388441561392024e-03
6516	3.311165281322914e-03	3.311311214825911e-03
6867	3.229612704240714e-03	3.235936569296281e-03
8002	3.165784699267982e-03	3.235936569296281e-03
%
% index = 407, name = bbob_f014_i17_d02__bbob_f014_i18_d02
% instance = 8, reference value = 9.485894535946460e-01
% function evaluation | indicator value | target hit
1	2.485770262808388e-01	2.511886431509580e-01
152	1.296606109546103e-01	1.318256738556407e-01
165	1.156451639919731e-01	1.174897554939529e-01
179	9.258854928317850e-02	9.332543007969910e-02
222	9.098063186716132e-02	9.120108393559097e-02
245	8.469837209183906e-02	8.511380382023763e-02
257	8.242237316104073e-02	8.317637711026708e-02
315	7.923061173899359e-02	7.943282347242814e-02
362	7.520948851899489e-02	7.585775750291836e-02
367	7.252410152980038e-02	7.413102413009177e-02
369	7.149144077782021e-02	7.244359600749903e-02
401	7.050146830715232e-02	7.079457843841380e-02
486	6.840969168218169e-02	6.918309709189366e-02
535	6.747871063836530e-02	6.760829753919818e-02
843	6.445904254046642e-02	6.456542290346556e-02
1083	6.283325014553010e-02	6.309573444801933e-02
1129	5.956278342933474e-02	6.025595860743578e-02
1184	5.804118300502814e-02	5.888436553555890e-02
1203	5.288207411335921e-02	5.370317963702527e-02
1213	4.817808837211079e-02	4.897788193684462e-02
1278	4.174204452453745e-02	4.265795188015926e-02
1285	4.165323203837090e-02	4.168693834703355e-02
1341	3.932280313943792e-02	3.981071705534973e-02
1438	3.021656101183701e-02	3.090295432513590e-02
1439	3.008172392204123e-02	3.019951720402016e-02
1449	2.442515810857526e-02	2.454708915685030e-02
1485	2.300041782391060e-02	2.344228815319923e-02
1542	2.290635090719140e-02	2.290867652767773e-02
1567	1.978841776626872e-02	1.995262314968880e-02
1648	1.949092576322375e-02	1.949844599758046e-02
1653	1.585869242683102e-02	1.621810097358930e-02
1654	1.582568498420789e-02	1.584893192461113e-02
1693	1.162786446157593e-02	1.174897554939530e-02
1732	1.145032417500347e-02	1.148153621496883e-02
1742	1.114190982786967e-02	1.122018454301964e-02
1797	1.063266256916817e-02	1.071519305237606e-02
1829	1.046539392422408e-02	1.047128548050900e-02
1866	1.020100779674094e-02	1.023292992280754e-02
1884	9.274343377656313e-03	9.332543007969915e-03
1891	9.065581988736526e-03	9.120108393559097e-03
1906	8.883444532278628e-03	8.912509381337459e-03
1924	8.656072266141623e-03	8.709635899560805e-03
1954	8.430147403409638e-03	8.511380382023767e-03
1967	8.305024891151036e-03	8.317637711026709e-03
1974	7.948350276442917e-03	8.128305161640995e-03
1975	7.448415815355269e-03	7.585775750291836e-03
1994	7.413030675124332e-03	7.413102413009177e-03
2014	7.243451913511056e-03	7.244359600749898e-03
2020	6.974993671887031e-03	7.079457843841380e-03
2021	6.857643897563603e-03	6.918309709189363e-03
2030	6.755530109528785e-03	6.760829753919818e-03
2042	6.605458990104229e-03	6.606934480075957e-03
2060	6.452242904012251e-03	6.456542290346556e-03
2078	6.112995897625706e-03	6.165950018614822e-03
2082	6.024018329094494e-03	6.025595860743574e-03
2099	5.836027628987384e-03	5.888436553555890e-03
2118	5.691588980524354e-03	5.754399373371567e-03
2132	5.620152389199218e-03	5.623413251903491e-03
2155	5.467087044128793e-03	5.495408738576248e-03
2165	5.368910153127904e-03	5.370317963702527e-03
2202	5.246705427830789e-03	5.248074602497728e-03
2233	5.128314456105065e-03	5.128613839913648e-03
2240	5.010671728858940e-03	5.011872336272725e-03
2256	4.897406957475536e-03	4.897788193684461e-03
2286	4.779696559995550e-03	4.786300923226385e-03
2308	4.670109752946683e-03	4.677351412871981e-03
2335	4.481348029024890e-03	4.570881896148752e-03
2340	4.345863256768112e-03	4.365158322401661e-03
2351	4.222117823535432e-03	4.265795188015926e-03
2364	4.158398948173159e-03	4.168693834703355e-03
2369	4.069390678814622e-03	4.073802778041126e-03
2386	3.972833991320091e-03	3.981071705534973e-03
2404	3.884764045891331e-03	3.890451449942805e-03
2427	3.800253467516335e-03	3.801893963205613e-03
2432	3.483134756788075e-03	3.548133892335753e-03
2454	3.451676415127558e-03	3.467368504525317e-03
2472	3.388253582342848e-03	3.388441561392024e-03
2487	3.309662299553873e-03	3.311311214825911e-03
2495	3.210360001383861e-03	3.235936569296281e-03
2510	3.137746073720304e-03	3.162277660168379e-03
2511	3.043212924867200e-03	3.090295432513592e-03
2527	3.016158928776713e-03	3.019951720402016e-03
2528	2.754069702471051e-03	2.754228703338166e-03
2540	2.678063471342917e-03	2.691534803926917e-03
2549	2.586517065399030e-03	2.630267991895381e-03
2553	2.568280199852557e-03	2.570395782768865e-03
2566	2.510834434203857e-03	2.511886431509579e-03
2571	2.452075023395506e-03	2.454708915685031e-03
2573	2.302484625115175e-03	2.344228815319923e-03
2574	2.280265355157018e-03	2.290867652767772e-03
2582	2.228495999238467e-03	2.238721138568340e-03
2600	2.187520631904860e-03	2.187761623949552e-03
2604	2.084694387235020e-03	2.089296130854039e-03
2605	2.030320657771312e-03	2.041737944669530e-03
2620	1.977486222141889e-03	1.995262314968879e-03
2624	1.943999338836377e-03	1.949844599758046e-03
2631	1.889129667664413e-03	1.905460717963246e-03
2654	1.843224041935265e-03	1.862087136662868e-03
2662	1.782000428520170e-03	1.819700858609983e-03
2667	1.776999808886903e-03	1.778279410038923e-03
2692	1.735524728485260e-03	1.737800828749376e-03
2700	1.663761514826723e-03	1.698243652461744e-03
2704	1.646320024315528e-03	1.659586907437561e-03
2722	1.614862272778628e-03	1.621810097358930e-03
2723	1.558983391275359e-03	1.584893192461114e-03
2732	1.545602345881192e-03	1.548816618912481e-03
2756	1.498705072801254e-03	1.513561248436209e-03
2769	1.474525471068300e-03	1.479108388168207e-03
2781	1.439414805882722e-03	1.445439770745928e-03
2798	1.405847644602054e-03	1.412537544622754e-03
2812	1.372525262865909e-03	1.380384264602885e-03
2821	1.347778092566032e-03	1.348962882591653e-03
2856	1.315131203661557e-03	1.318256738556408e-03
2883	1.287845169597235e-03	1.288249551693134e-03
2901	1.257965698129304e-03	1.258925411794167e-03
2912	1.224639162051067e-03	1.230268770812381e-03
2948	1.140418473926541e-03	1.148153621496883e-03
2978	1.121930716080910e-03	1.122018454301963e-03
3035	1.095162680477713e-03	1.096478196143185e-03
3082	1.070679291943932e-03	1.071519305237606e-03
3123	1.046461296146717e-03	1.047128548050900e-03
3163	1.023244926399158e-03	1.023292992280754e-03
3184	9.996916015180268e-04	1.000000000000000e-03
3317	9.736860039153417e-04	9.772372209558111e-04
3396	9.533897078742859e-04	9.549925860214359e-04
3466	9.328736909000046e-04	9.332543007969915e-04
3583	9.109639630840993e-04	9.120108393559096e-04
3671	8.911852243581597e-04	8.912509381337459e-04
3939	8.707696333449810e-04	8.709635899560805e-04
4076	8.508643513193137e-04	8.511380382023768e-04
5414	8.316798929602909e-04	8.317637711026709e-04
5840	8.063040089484330e-04	8.128305161640995e-04
6401	7.942821571756964e-04	7.943282347242813e-04
6711	7.410714689283227e-04	7.413102413009177e-04
7633	7.244276165833119e-04	7.244359600749898e-04
8002	7.203284562755652e-04	7.244359600749898e-04
%
% index = 408, name = bbob_f014_i19_d02__bbob_f014_i21_d02
% instance = 9, reference value = 7.843047628883490e-01
% function evaluation | indicator value | target hit
1	1.353412185098849e+00	1.380384264602885e+00
251	3.190428597186544e-01	3.235936569296283e-01
342	2.931277379500969e-01	2.951209226666385e-01
343	2.881303394372662e-01	2.884031503126606e-01
450	2.815882772802494e-01	2.818382931264454e-01
546	2.553741071002992e-01	2.570395782768864e-01
550	2.146262493050016e-01	2.187761623949552e-01
603	2.137698524725958e-01	2.137962089502232e-01
633	1.768059148329644e-01	1.778279410038923e-01
683	1.695946423462464e-01	1.698243652461744e-01
688	1.593687306092924e-01	1.621810097358930e-01
793	1.522583722437728e-01	1.548816618912481e-01
854	1.369609201385881e-01	1.380384264602885e-01
1017	1.237961419749378e-01	1.258925411794167e-01
1047	1.228951826223135e-01	1.230268770812381e-01
1127	1.078331171842664e-01	1.096478196143185e-01
1200	1.024721905757575e-01	1.047128548050900e-01
1228	1.023186910931123e-01	1.023292992280754e-01
1237	8.037742583815888e-02	8.128305161640990e-02
1246	7.933464017200698e-02	7.943282347242814e-02
1346	6.681567117262244e-02	6.760829753919818e-02
1427	6.606564222585887e-02	6.606934480075961e-02
1431	5.071156372279617e-02	5.128613839913648e-02
1450	4.987245820039043e-02	5.011872336272722e-02
1530	4.897003727675842e-02	4.897788193684462e-02
1575	3.787718098263282e-02	3.801893963205612e-02
1591	3.702919755655931e-02	3.715352290971726e-02
1599	3.630772432152241e-02	3.630780547701014e-02
1722	3.546675583795644e-02	3.548133892335755e-02
1779	3.192117487587931e-02	3.235936569296283e-02
1784	3.152309574553602e-02	3.162277660168379e-02
1809	2.919396804536600e-02	2.951209226666385e-02
1828	2.765726904421362e-02	2.818382931264454e-02
1832	2.738375763554513e-02	2.754228703338166e-02
1855	2.665418967152711e-02	2.691534803926915e-02
1874	2.491529431669104e-02	2.511886431509579e-02
1899	2.454056181830810e-02	2.454708915685030e-02
1911	2.340804700130561e-02	2.344228815319923e-02
1969	2.285508885933030e-02	2.290867652767773e-02
1993	2.237519686656120e-02	2.238721138568340e-02
2033	2.184774307170756e-02	2.187761623949553e-02
2084	2.136091577330823e-02	2.137962089502233e-02
2127	2.089003504731646e-02	2.089296130854040e-02
2165	2.041659005420782e-02	2.041737944669529e-02
2194	1.984860373445974e-02	1.995262314968880e-02
2225	1.948991680473666e-02	1.949844599758046e-02
2244	1.904287106620584e-02	1.905460717963247e-02
2289	1.860693771643485e-02	1.862087136662868e-02
2333	1.819393389516755e-02	1.819700858609984e-02
2358	1.778042634109367e-02	1.778279410038923e-02
2403	1.735840574944580e-02	1.737800828749375e-02
2444	1.694547137796842e-02	1.698243652461744e-02
2466	1.657744219980528e-02	1.659586907437561e-02
2500	1.619259338229773e-02	1.621810097358930e-02
2525	1.577105827924608e-02	1.584893192461113e-02
2539	1.541927470689208e-02	1.548816618912481e-02
2578	1.513310004967394e-02	1.513561248436208e-02
2582	1.473051359435262e-02	1.479108388168207e-02
2593	1.444460655966673e-02	1.445439770745927e-02
2622	1.407857909921428e-02	1.412537544622754e-02
2628	1.378996160808454e-02	1.380384264602885e-02
2636	1.348098228132688e-02	1.348962882591653e-02
2671	1.315662447062138e-02	1.318256738556407e-02
2715	1.284384860483001e-02	1.288249551693134e-02
2751	1.256450462645065e-02	1.258925411794167e-02
2767	1.223610305619061e-02	1.230268770812382e-02
2799	1.179056972547332e-02	1.202264434617413e-02
2803	1.173130774709608e-02	1.174897554939530e-02
2815	1.148111907108618e-02	1.148153621496883e-02
2835	1.116006149129978e-02	1.122018454301964e-02
2862	1.096386427301677e-02	1.096478196143185e-02
2879	1.068825086743619e-02	1.071519305237606e-02
2907	1.046143551905832e-02	1.047128548050900e-02
2922	1.021517779724290e-02	1.023292992280754e-02
2938	9.860903896595774e-03	1.000000000000000e-02
2939	9.664524369834115e-03	9.772372209558112e-03
2950	9.546131738767283e-03	9.549925860214359e-03
2968	9.324233526239789e-03	9.332543007969915e-03
2989	8.988072415125781e-03	9.120108393559097e-03
3006	8.899027710311591e-03	8.912509381337459e-03
3024	8.705070756921285e-03	8.709635899560805e-03
3042	8.489767758405375e-03	8.511380382023767e-03
3064	8.314934714719335e-03	8.317637711026709e-03
3090	8.105734877106974e-03	8.128305161640995e-03
3095	7.908497763903788e-03	7.943282347242814e-03
3115	7.734020639432293e-03	7.762471166286920e-03
3130	7.584168233876420e-03	7.585775750291836e-03
3162	7.409495652924591e-03	7.413102413009177e-03
3196	7.241752726407813e-03	7.244359600749898e-03
3233	7.045375907131057e-03	7.079457843841380e-03
3240	6.886690891293679e-03	6.918309709189363e-03
3250	6.754111354006165e-03	6.760829753919818e-03
3276	6.585415434660957e-03	6.606934480075957e-03
3301	6.453172062856116e-03	6.456542290346556e-03
3317	6.278344690054727e-03	6.309573444801930e-03
3336	6.150580108734260e-03	6.165950018614822e-03
3363	5.998272912703162e-03	6.025595860743574e-03
3389	5.880499067944966e-03	5.888436553555890e-03
3403	5.742206416724294e-03	5.754399373371567e-03
3448	5.568045182905768e-03	5.623413251903491e-03
3457	5.494808741881463e-03	5.495408738576248e-03
3475	5.369598417447330e-03	5.370317963702527e-03
3491	5.238718630845351e-03	5.248074602497728e-03
3502	5.101406189029434e-03	5.128613839913648e-03
3530	5.004552625555214e-03	5.011872336272725e-03
3533	4.893996552785329e-03	4.897788193684461e-03
3560	4.785334015774079e-03	4.786300923226385e-03
3571	4.676924609442912e-03	4.677351412871981e-03
3597	4.496479336175585e-03	4.570881896148752e-03
3605	4.446121132779535e-03	4.466835921509630e-03
3613	4.350674147912126e-03	4.365158322401661e-03
3625	4.256450989336913e-03	4.265795188015926e-03
3645	4.158387833448018e-03	4.168693834703355e-03
3669	4.063134434619919e-03	4.073802778041126e-03
3702	3.973770274273702e-03	3.981071705534973e-03
3723	3.827822605547593e-03	3.890451449942805e-03
3730	3.799125486359634e-03	3.801893963205613e-03
3737	3.702834514670239e-03	3.715352290971724e-03
3766	3.624537098128378e-03	3.630780547701014e-03
3783	3.541963294968031e-03	3.548133892335753e-03
3817	3.456706110432139e-03	3.467368504525317e-03
3835	3.381108544483369e-03	3.388441561392024e-03
3850	3.284433479155413e-03	3.311311214825911e-03
3855	3.180516837655634e-03	3.235936569296281e-03
3858	3.157283579083625e-03	3.162277660168379e-03
3867	3.089382925718254e-03	3.090295432513592e-03
3876	3.017000657011049e-03	3.019951720402016e-03
3904	2.933742514529603e-03	2.951209226666387e-03
3932	2.876488042114711e-03	2.884031503126605e-03
3951	2.813153542282065e-03	2.818382931264455e-03
3966	2.749822651746170e-03	2.754228703338166e-03
3983	2.691203969549250e-03	2.691534803926917e-03
4003	2.617664726921820e-03	2.630267991895381e-03
4020	2.542793301882007e-03	2.570395782768865e-03
4028	2.509754993604618e-03	2.511886431509579e-03
4041	2.439374616530987e-03	2.454708915685031e-03
4073	2.395921429853010e-03	2.398832919019490e-03
4081	2.343368587420125e-03	2.344228815319923e-03
4651	2.288861669907827e-03	2.290867652767772e-03
4776	2.236178974590830e-03	2.238721138568340e-03
4849	2.187451277503860e-03	2.187761623949552e-03
4939	2.135321441193216e-03	2.137962089502233e-03
4961	2.077140034345448e-03	2.089296130854039e-03
4999	2.025765098585985e-03	2.041737944669530e-03
5006	1.985837590152140e-03	1.995262314968879e-03
5014	1.942645689806954e-03	1.949844599758046e-03
5033	1.904829954672893e-03	1.905460717963246e-03
5051	1.857606035561843e-03	1.862087136662868e-03
5076	1.817353763860163e-03	1.819700858609983e-03
5114	1.771290170580531e-03	1.778279410038923e-03
5132	1.716808066997921e-03	1.737800828749376e-03
5171	1.668096480879178e-03	1.698243652461744e-03
5172	1.652156010557460e-03	1.659586907437561e-03
5202	1.610508029854962e-03	1.621810097358930e-03
5221	1.572230478851910e-03	1.584893192461114e-03
5242	1.540542035014636e-03	1.548816618912481e-03
5265	1.495026989990822e-03	1.513561248436209e-03
5268	1.476923405440145e-03	1.479108388168207e-03
5306	1.443697878958483e-03	1.445439770745928e-03
5343	1.397171294515664e-03	1.412537544622754e-03
5354	1.376484658890731e-03	1.380384264602885e-03
5381	1.347202967204364e-03	1.348962882591653e-03
5402	1.315762599356729e-03	1.318256738556408e-03
5434	1.285309684656677e-03	1.288249551693134e-03
5479	1.258406173245352e-03	1.258925411794167e-03
5493	1.224703996691612e-03	1.230268770812381e-03
5527	1.178623356924313e-03	1.202264434617413e-03
5530	1.173608382787683e-03	1.174897554939529e-03
5553	1.148072571895198e-03	1.148153621496883e-03
5558	1.121596460328389e-03	1.122018454301963e-03
5625	1.094944127174258e-03	1.096478196143185e-03
5643	1.069757880616029e-03	1.071519305237606e-03
5662	1.042996127806672e-03	1.047128548050900e-03
5686	1.022415139486310e-03	1.023292992280754e-03
5709	9.984490921625122e-04	1.000000000000000e-03
5718	9.761217713637471e-04	9.772372209558111e-04
5726	9.515226966346768e-04	9.549925860214359e-04
5750	9.309079145204402e-04	9.332543007969915e-04
5783	9.102946274550661e-04	9.120108393559096e-04
5837	8.894000651027412e-04	8.912509381337459e-04
5866	8.659472656602496e-04	8.709635899560805e-04
5882	8.482958248759997e-04	8.511380382023768e-04
5900	8.312589297021500e-04	8.317637711026709e-04
5953	8.121215080173494e-04	8.128305161640995e-04
6059	7.921302966077404e-04	7.943282347242813e-04
6113	7.760437034212142e-04	7.762471166286919e-04
6124	7.565056528551217e-04	7.585775750291835e-04
6155	7.400353941827698e-04	7.413102413009177e-04
6186	7.228105425531872e-04	7.244359600749898e-04
6252	7.076613830689915e-04	7.079457843841380e-04
6277	6.917743383624275e-04	6.918309709189362e-04
6350	6.758412585139428e-04	6.760829753919819e-04
6378	6.606610498337551e-04	6.606934480075957e-04
6452	6.454355976778237e-04	6.456542290346556e-04
6508	6.269486615954056e-04	6.309573444801930e-04
6530	6.165075412937204e-04	6.165950018614823e-04
6614	6.025556019463307e-04	6.025595860743575e-04
6723	5.878534839568461e-04	5.888436553555889e-04
6780	5.754320905586585e-04	5.754399373371566e-04
6856	5.608732365181002e-04	5.623413251903491e-04
6869	5.488821836341362e-04	5.495408738576248e-04
7003	5.367862628179454e-04	5.370317963702527e-04
7043	5.247495253537515e-04	5.248074602497728e-04
7187	5.123900083984223e-04	5.128613839913648e-04
7292	5.009990896231997e-04	5.011872336272725e-04
7390	4.895263059137012e-04	4.897788193684461e-04
7470	4.783776063937983e-04	4.786300923226385e-04
7610	4.673855456583942e-04	4.677351412871981e-04
7747	4.568242235802877e-04	4.570881896148752e-04
7823	4.466829702562958e-04	4.466835921509630e-04
7963	4.344633399155917e-04	4.365158322401661e-04
8002	4.310891580248111e-04	4.365158322401661e-04
%
% index = 409, name = bbob_f014_i21_d02__bbob_f014_i22_d02
% instance = 10, reference value = 6.365631788973540e-01
% function evaluation | indicator value | target hit
1	4.459909026932048e+00	4.466835921509632e+00
293	3.195083336017728e+00	3.235936569296283e+00
317	4.712037423912774e-01	4.786300923226383e-01
734	4.052250674513402e-01	4.073802778041127e-01
805	3.980164751699033e-01	3.981071705534972e-01
824	3.785567730788471e-01	3.801893963205612e-01
999	3.624420751123874e-01	3.630780547701014e-01
1011	3.255170430067187e-01	3.311311214825911e-01
1062	2.890729678269634e-01	2.951209226666385e-01
1085	2.883074800068269e-01	2.884031503126606e-01
1092	2.720546006473845e-01	2.754228703338166e-01
1130	2.419970774639880e-01	2.454708915685030e-01
1247	2.398717476929707e-01	2.398832919019490e-01
1308	2.304346882527676e-01	2.344228815319922e-01
1309	2.178025996378850e-01	2.187761623949552e-01
1369	2.012872602243080e-01	2.041737944669530e-01
1535	1.993908517673588e-01	1.995262314968880e-01
1616	1.871360008520981e-01	1.905460717963247e-01
1714	1.506070580181478e-01	1.513561248436208e-01
1865	1.161451745900018e-01	1.174897554939529e-01
1899	1.136744824093597e-01	1.148153621496883e-01
1954	1.035528792285425e-01	1.047128548050900e-01
2013	1.020982820782228e-01	1.023292992280754e-01
2038	8.668640311127218e-02	8.709635899560805e-02
2040	7.085741275380064e-02	7.244359600749903e-02
2065	7.078723891517513e-02	7.079457843841380e-02
2127	6.244594083177302e-02	6.309573444801933e-02
2194	5.405508306649653e-02	5.495408738576246e-02
2238	5.023265832899182e-02	5.128613839913648e-02
2263	5.011623991273761e-02	5.011872336272722e-02
2363	4.735591731156752e-02	4.786300923226382e-02
2364	4.624528729483468e-02	4.677351412871981e-02
2428	2.850576614793932e-02	2.884031503126606e-02
2429	2.796321550789871e-02	2.818382931264454e-02
2434	2.724103896213403e-02	2.754228703338166e-02
2438	1.741361228397786e-02	1.778279410038923e-02
2456	1.737705609673668e-02	1.737800828749375e-02
2492	1.695705300067485e-02	1.698243652461744e-02
2517	1.650160584912919e-02	1.659586907437561e-02
2552	1.621747023494491e-02	1.621810097358930e-02
2582	7.195835140589635e-03	7.244359600749898e-03
2587	5.494860466219609e-03	5.495408738576248e-03
2600	5.356339993593195e-03	5.370317963702527e-03
2602	5.080644988866845e-03	5.128613839913648e-03
2637	4.920249812702115e-03	5.011872336272725e-03
2648	4.863822337171531e-03	4.897788193684461e-03
2657	4.147498522844462e-03	4.168693834703355e-03
2673	3.862739975949547e-03	3.890451449942805e-03
2702	3.793465778053728e-03	3.801893963205613e-03
2710	3.650768476935684e-03	3.715352290971724e-03
2711	3.629397219853669e-03	3.630780547701014e-03
2757	3.542627088903627e-03	3.548133892335753e-03
2787	3.466386489389239e-03	3.467368504525317e-03
2813	3.304280776766477e-03	3.311311214825911e-03
2844	3.221537926612283e-03	3.235936569296281e-03
2875	3.159891858513952e-03	3.162277660168379e-03
2915	3.081932936028098e-03	3.090295432513592e-03
2990	2.983792568902466e-03	3.019951720402016e-03
3012	2.949561121222355e-03	2.951209226666387e-03
3070	2.865451716326795e-03	2.884031503126605e-03
3087	2.816181732567591e-03	2.818382931264455e-03
3166	2.752561816072419e-03	2.754228703338166e-03
3234	2.691484498334340e-03	2.691534803926917e-03
3281	2.624752424797427e-03	2.630267991895381e-03
3362	2.553555985118749e-03	2.570395782768865e-03
3459	2.510024808376810e-03	2.511886431509579e-03
3552	2.453153388291551e-03	2.454708915685031e-03
3691	2.398517889810381e-03	2.398832919019490e-03
3851	2.344064249589772e-03	2.344228815319923e-03
4074	2.289653670616065e-03	2.290867652767772e-03
5015	2.238651496775934e-03	2.238721138568340e-03
5405	2.109906525586180e-03	2.137962089502233e-03
5573	2.089255112516897e-03	2.089296130854039e-03
5896	2.039332113842218e-03	2.041737944669530e-03
6065	1.995040867323938e-03	1.995262314968879e-03
6506	1.949568436820370e-03	1.949844599758046e-03
6885	1.905389479300523e-03	1.905460717963246e-03
7450	1.743479663632863e-03	1.778279410038923e-03
7543	1.737690222113786e-03	1.737800828749376e-03
8002	1.712884555718053e-03	1.737800828749376e-03
