%
% index = 1430, name = bbob_f008_i02_d05__bbob_f021_i04_d05
% instance = 1, reference value = 9.813364944358191e-01
% function evaluation | indicator value | target hit
1	9.375901021672228e-01	9.549925860214360e-01
617	9.309887275262656e-01	9.332543007969910e-01
628	4.710145179129088e-01	4.786300923226383e-01
654	4.615233435857621e-01	4.677351412871982e-01
678	4.556676105767086e-01	4.570881896148750e-01
688	4.231907187686620e-01	4.265795188015927e-01
701	4.128804773823918e-01	4.168693834703354e-01
713	4.067054384479407e-01	4.073802778041127e-01
734	3.970263477182526e-01	3.981071705534972e-01
745	3.788178445236823e-01	3.801893963205612e-01
753	3.692378586316966e-01	3.715352290971726e-01
759	1.321479465456977e-01	1.348962882591654e-01
846	1.161109531223231e-01	1.174897554939529e-01
856	1.050705453150534e-01	1.071519305237607e-01
896	3.487347399389973e-02	3.548133892335755e-02
920	3.365078511894914e-02	3.388441561392026e-02
935	3.132699859302535e-02	3.162277660168379e-02
966	3.087501508871915e-02	3.090295432513590e-02
980	2.571432492486891e-02	2.630267991895381e-02
981	2.569805959599136e-02	2.570395782768863e-02
1013	2.506472940256643e-02	2.511886431509579e-02
1075	2.447015132308927e-02	2.454708915685030e-02
1097	2.383150325964822e-02	2.398832919019490e-02
1137	2.085590949541927e-02	2.089296130854040e-02
1360	2.039163985758874e-02	2.041737944669529e-02
5001	1.996445719636775e-02	2.041737944669529e-02
%
% index = 1431, name = bbob_f008_i03_d05__bbob_f021_i05_d05
% instance = 2, reference value = 9.910996916895510e-01
% function evaluation | indicator value | target hit
1	5.537286716104776e-01	5.623413251903491e-01
5001	5.537286716104776e-01	5.623413251903491e-01
%
% index = 1432, name = bbob_f008_i07_d05__bbob_f021_i08_d05
% instance = 3, reference value = 9.689626461780770e-01
% function evaluation | indicator value | target hit
1	2.379704301773077e+00	2.398832919019490e+00
465	1.062860854646931e+00	1.071519305237606e+00
607	8.775772913587856e-01	8.912509381337456e-01
827	8.505496638693053e-01	8.511380382023764e-01
911	8.246770025703736e-01	8.317637711026710e-01
990	8.061684030254824e-01	8.128305161640993e-01
1153	7.908687597454713e-01	7.943282347242815e-01
1296	7.762132390123202e-01	7.762471166286917e-01
1607	7.569176701326911e-01	7.585775750291838e-01
1946	7.412872008500355e-01	7.413102413009175e-01
2603	7.243900648263992e-01	7.244359600749900e-01
3349	7.077046481809915e-01	7.079457843841379e-01
3879	6.911856042894047e-01	6.918309709189365e-01
4482	6.760154806978758e-01	6.760829753919817e-01
4997	6.606204999486582e-01	6.606934480075960e-01
5001	6.606025170907174e-01	6.606934480075960e-01
%
% index = 1433, name = bbob_f008_i09_d05__bbob_f021_i10_d05
% instance = 4, reference value = 9.904330963966920e-01
% function evaluation | indicator value | target hit
1	1.108699179383192e+00	1.122018454301963e+00
1138	1.093200162261192e+00	1.096478196143185e+00
1139	1.024553852629192e+00	1.047128548050900e+00
1189	9.999223706616919e-01	1.000000000000000e+00
1863	9.762038960178047e-01	9.772372209558107e-01
2226	9.330920840854373e-01	9.332543007969910e-01
2313	8.837546544007447e-01	8.912509381337456e-01
2537	8.709351241246354e-01	8.709635899560807e-01
3280	8.506615573362691e-01	8.511380382023764e-01
3307	8.308154242489573e-01	8.317637711026710e-01
3599	8.103273570979720e-01	8.128305161640993e-01
4054	7.886179287289424e-01	7.943282347242815e-01
4533	7.549547489603241e-01	7.585775750291838e-01
5001	7.485078636408563e-01	7.585775750291838e-01
%
% index = 1434, name = bbob_f008_i11_d05__bbob_f021_i12_d05
% instance = 5, reference value = 9.919154394950930e-01
% function evaluation | indicator value | target hit
1	1.083536168260093e+00	1.096478196143185e+00
414	1.061193914789593e+00	1.071519305237606e+00
506	9.741107325621379e-01	9.772372209558107e-01
524	8.940568531920271e-01	9.120108393559098e-01
526	8.000452316638846e-01	8.128305161640993e-01
602	5.420107335777240e-01	5.495408738576245e-01
637	5.188109939584674e-01	5.248074602497725e-01
722	4.987332988227478e-01	5.011872336272722e-01
738	4.805307450166612e-01	4.897788193684462e-01
742	4.729824829846921e-01	4.786300923226383e-01
815	4.497760851327729e-01	4.570881896148750e-01
822	4.368622673981227e-01	4.466835921509631e-01
823	2.622841751411358e-01	2.630267991895382e-01
862	2.170234388529553e-01	2.187761623949552e-01
879	2.126946903289741e-01	2.137962089502232e-01
1059	2.088277702549739e-01	2.089296130854039e-01
1073	1.857804343101249e-01	1.862087136662867e-01
1117	1.808362083620166e-01	1.819700858609984e-01
1160	1.721927894171091e-01	1.737800828749375e-01
1183	1.691485605611714e-01	1.698243652461744e-01
1775	1.627868268740197e-01	1.659586907437560e-01
1957	1.594001732373023e-01	1.621810097358930e-01
2427	1.575224288154192e-01	1.584893192461113e-01
3030	1.515818060133358e-01	1.548816618912481e-01
3121	1.472246116804500e-01	1.479108388168208e-01
5001	1.458380920094891e-01	1.479108388168208e-01
%
% index = 1435, name = bbob_f008_i13_d05__bbob_f021_i14_d05
% instance = 6, reference value = 9.777225002306990e-01
% function evaluation | indicator value | target hit
1	1.810277936098699e+00	1.819700858609983e+00
629	1.080372282017699e+00	1.096478196143185e+00
659	1.018628307320199e+00	1.023292992280754e+00
672	3.861014089518896e-01	3.890451449942806e-01
1001	3.716763051416835e-01	3.801893963205612e-01
1028	3.646826035764394e-01	3.715352290971726e-01
1179	3.424698019066313e-01	3.467368504525316e-01
1202	3.369979527724637e-01	3.388441561392025e-01
1244	3.308681109544230e-01	3.311311214825911e-01
1246	3.208986267636088e-01	3.235936569296283e-01
1279	3.107196133325323e-01	3.162277660168379e-01
1283	2.681384152722895e-01	2.691534803926916e-01
1397	2.618284604476804e-01	2.630267991895382e-01
1457	2.528525681741712e-01	2.570395782768864e-01
1538	2.295823803258009e-01	2.344228815319922e-01
1539	2.112990689083958e-01	2.137962089502232e-01
1559	2.040215849015233e-01	2.041737944669530e-01
1725	1.991720549872675e-01	1.995262314968880e-01
1729	1.731343472791881e-01	1.737800828749375e-01
1762	1.666383108716986e-01	1.698243652461744e-01
1774	1.626987179603617e-01	1.659586907437560e-01
1810	1.618292028612577e-01	1.621810097358930e-01
1875	1.557188361491392e-01	1.584893192461113e-01
1962	1.546736377186863e-01	1.548816618912481e-01
2031	1.512379963902474e-01	1.513561248436208e-01
2158	1.476212198895498e-01	1.479108388168208e-01
2269	1.432273677445807e-01	1.445439770745928e-01
2360	1.411251424103549e-01	1.412537544622754e-01
2587	1.362377220719251e-01	1.380384264602885e-01
2647	1.348065808427176e-01	1.348962882591654e-01
2892	1.316155749180735e-01	1.318256738556407e-01
3349	1.285966181959791e-01	1.288249551693134e-01
3441	1.256407427303475e-01	1.258925411794167e-01
3731	1.229679160937169e-01	1.230268770812381e-01
3930	1.189765749610886e-01	1.202264434617413e-01
4072	1.156773419372283e-01	1.174897554939529e-01
4326	1.116771622811140e-01	1.122018454301964e-01
4636	1.096260234854017e-01	1.096478196143185e-01
4793	1.060944818024888e-01	1.071519305237607e-01
4984	1.043004753579096e-01	1.047128548050900e-01
5001	1.043000904976106e-01	1.047128548050900e-01
%
% index = 1436, name = bbob_f008_i15_d05__bbob_f021_i16_d05
% instance = 7, reference value = 9.683147015819420e-01
% function evaluation | indicator value | target hit
1	5.598438324540642e-01	5.623413251903491e-01
821	4.793502391935717e-01	4.897788193684462e-01
824	4.767215677793389e-01	4.786300923226383e-01
921	4.653591263316762e-01	4.677351412871982e-01
991	4.540288514042322e-01	4.570881896148750e-01
1028	4.279143876676642e-01	4.365158322401660e-01
1076	4.265552475447564e-01	4.265795188015927e-01
1270	4.088404481782972e-01	4.168693834703354e-01
1300	4.062250291046474e-01	4.073802778041127e-01
1387	3.980472254391156e-01	3.981071705534972e-01
2170	3.890286383203929e-01	3.890451449942806e-01
3384	3.799812312045695e-01	3.801893963205612e-01
4460	3.714499491475911e-01	3.715352290971726e-01
5001	3.690857989262252e-01	3.715352290971726e-01
%
% index = 1437, name = bbob_f008_i17_d05__bbob_f021_i18_d05
% instance = 8, reference value = 9.732710168188240e-01
% function evaluation | indicator value | target hit
1	3.079605412986824e+00	3.090295432513591e+00
5001	3.079605412986824e+00	3.090295432513591e+00
%
% index = 1438, name = bbob_f008_i19_d05__bbob_f021_i21_d05
% instance = 9, reference value = 9.716306637109990e-01
% function evaluation | indicator value | target hit
1	1.001829464953999e+00	1.023292992280754e+00
1060	9.636722563993143e-01	9.772372209558107e-01
1093	8.892509574604572e-01	8.912509381337456e-01
1277	8.706107928144744e-01	8.709635899560807e-01
1313	8.503243888149735e-01	8.511380382023764e-01
1436	8.301575597229187e-01	8.317637711026710e-01
1663	8.122185907369661e-01	8.128305161640993e-01
2476	7.941474945189028e-01	7.943282347242815e-01
3546	7.762323429518324e-01	7.762471166286917e-01
4526	7.584796404464187e-01	7.585775750291838e-01
5001	7.470936920771467e-01	7.585775750291838e-01
%
% index = 1439, name = bbob_f008_i21_d05__bbob_f021_i22_d05
% instance = 10, reference value = 9.792806898792590e-01
% function evaluation | indicator value | target hit
1	2.694946274576759e+00	2.754228703338166e+00
634	2.364566595643759e+00	2.398832919019490e+00
653	2.197948277932160e+00	2.238721138568339e+00
673	1.951011819329759e+00	1.995262314968880e+00
703	1.888778621560568e+00	1.905460717963247e+00
708	1.785361489068259e+00	1.819700858609983e+00
775	1.568948980362759e+00	1.584893192461114e+00
822	6.651165117163134e-01	6.760829753919817e-01
882	6.583338137917265e-01	6.606934480075960e-01
946	6.420756927423686e-01	6.456542290346555e-01
959	5.089259380721185e-01	5.128613839913648e-01
1037	4.941849528022466e-01	5.011872336272722e-01
1132	4.753006582408490e-01	4.786300923226383e-01
1162	4.640009581145381e-01	4.677351412871982e-01
1198	4.549080227207983e-01	4.570881896148750e-01
1280	4.464639612208601e-01	4.466835921509631e-01
1319	4.364805809714741e-01	4.365158322401660e-01
1669	4.263167432537356e-01	4.265795188015927e-01
2056	4.166375242944031e-01	4.168693834703354e-01
2073	4.071291720648896e-01	4.073802778041127e-01
5001	4.040147711097070e-01	4.073802778041127e-01
