%
% index = 400, name = bbob_f014_i02_d02__bbob_f014_i04_d02
% instance = 1, reference value = 8.220326366324350e-001
% function evaluation | indicator value | target hit
1	5.992962881618784e-001	6.025595860743578e-001
5011	5.992962881618784e-001	6.025595860743578e-001
%
% index = 401, name = bbob_f014_i03_d02__bbob_f014_i05_d02
% instance = 2, reference value = 9.147317199105760e-001
% function evaluation | indicator value | target hit
1	2.096198728489076e+000	2.137962089502232e+000
5011	2.096198728489076e+000	2.137962089502232e+000
%
% index = 402, name = bbob_f014_i07_d02__bbob_f014_i08_d02
% instance = 3, reference value = 8.535873896473271e-001
% function evaluation | indicator value | target hit
1	1.550981022078827e+000	1.584893192461114e+000
285	1.547899677949100e+000	1.548816618912481e+000
1207	1.496641762329909e+000	1.513561248436208e+000
2437	1.467233440593281e+000	1.479108388168207e+000
2492	1.376258862173139e+000	1.380384264602885e+000
3117	1.346050980497449e+000	1.348962882591654e+000
4139	1.310549366757931e+000	1.318256738556407e+000
5011	1.292481967166471e+000	1.318256738556407e+000
%
% index = 403, name = bbob_f014_i09_d02__bbob_f014_i10_d02
% instance = 4, reference value = 5.123730252304380e-001
% function evaluation | indicator value | target hit
1	8.004839501398742e+000	8.128305161640993e+000
36	5.101322232228304e-001	5.128613839913648e-001
112	3.207325926534881e-001	3.235936569296283e-001
118	2.998362004537947e-001	3.019951720402016e-001
120	2.719939986422331e-001	2.754228703338166e-001
132	2.686115233353797e-001	2.691534803926916e-001
137	2.352769216087994e-001	2.398832919019490e-001
141	2.128945251156840e-001	2.137962089502232e-001
143	2.068110708827591e-001	2.089296130854039e-001
148	1.662968600129016e-001	1.698243652461744e-001
152	1.657862696053893e-001	1.659586907437561e-001
153	1.587939340553787e-001	1.621810097358930e-001
155	1.573753398974053e-001	1.584893192461113e-001
158	1.510621157949939e-001	1.513561248436208e-001
164	1.470107633106020e-001	1.479108388168208e-001
167	1.409702429168338e-001	1.412537544622755e-001
171	1.304323104859413e-001	1.318256738556407e-001
173	1.280031085406338e-001	1.288249551693134e-001
179	1.258102738677709e-001	1.258925411794167e-001
180	1.192676876211473e-001	1.202264434617413e-001
185	1.169616610646534e-001	1.174897554939529e-001
188	1.147675421873284e-001	1.148153621496883e-001
198	1.108169987212146e-001	1.122018454301964e-001
201	1.086088075136156e-001	1.096478196143185e-001
208	1.069733487863302e-001	1.071519305237607e-001
214	1.045650753277521e-001	1.047128548050900e-001
221	1.008549772162768e-001	1.023292992280754e-001
231	9.998618941901477e-002	1.000000000000000e-001
247	9.765033618942243e-002	9.772372209558107e-002
261	9.533830216585570e-002	9.549925860214359e-002
287	9.323763999869011e-002	9.332543007969910e-002
359	9.120059042363016e-002	9.120108393559097e-002
416	8.909821113906852e-002	8.912509381337455e-002
481	8.706528013856579e-002	8.709635899560805e-002
567	8.510915039804912e-002	8.511380382023763e-002
655	8.315026546266302e-002	8.317637711026708e-002
732	8.112389891125227e-002	8.128305161640990e-002
778	7.898294812160023e-002	7.943282347242814e-002
796	7.737447904340572e-002	7.762471166286916e-002
832	7.584243454276413e-002	7.585775750291836e-002
898	7.412880372754904e-002	7.413102413009177e-002
963	7.176066581859292e-002	7.244359600749903e-002
973	7.042049260808714e-002	7.079457843841380e-002
1017	6.917379886264780e-002	6.918309709189366e-002
1096	6.759030258610249e-002	6.760829753919818e-002
1122	6.605466296102686e-002	6.606934480075961e-002
1168	6.455446027784556e-002	6.456542290346556e-002
1252	6.306252001224760e-002	6.309573444801933e-002
1308	6.163092262889630e-002	6.165950018614822e-002
1354	5.930809252384250e-002	6.025595860743578e-002
1369	5.875495246556345e-002	5.888436553555890e-002
1398	5.751381975667885e-002	5.754399373371569e-002
1480	5.623044383983189e-002	5.623413251903491e-002
1509	5.465960586085850e-002	5.495408738576246e-002
1538	5.367173083057031e-002	5.370317963702527e-002
1540	5.174369526075912e-002	5.248074602497726e-002
1543	5.117690926214219e-002	5.128613839913648e-002
1582	4.993992544496412e-002	5.011872336272722e-002
1606	4.894709763748290e-002	4.897788193684461e-002
1663	4.785648280985982e-002	4.786300923226383e-002
1710	4.672535031505232e-002	4.677351412871982e-002
1719	4.569993467430389e-002	4.570881896148749e-002
1774	4.458667034950414e-002	4.466835921509630e-002
1820	4.349124634427126e-002	4.365158322401658e-002
1846	4.264914417831001e-002	4.265795188015926e-002
1888	4.165984384235921e-002	4.168693834703355e-002
1957	4.071934053800946e-002	4.073802778041128e-002
2024	3.980476764209323e-002	3.981071705534973e-002
2107	3.885543353980725e-002	3.890451449942807e-002
2186	3.801344281702535e-002	3.801893963205612e-002
2252	3.713953778573098e-002	3.715352290971726e-002
2340	3.629160291520855e-002	3.630780547701014e-002
2477	3.545073988858738e-002	3.548133892335755e-002
2579	3.467149941181691e-002	3.467368504525317e-002
2677	3.387957148233634e-002	3.388441561392026e-002
2762	3.310985117078263e-002	3.311311214825911e-002
2812	3.232658346487805e-002	3.235936569296283e-002
2851	3.158381596825882e-002	3.162277660168379e-002
2910	3.088265719421729e-002	3.090295432513590e-002
2944	3.018082591086407e-002	3.019951720402016e-002
3015	2.948893735636243e-002	2.951209226666385e-002
3088	2.883886888730858e-002	2.884031503126606e-002
3138	2.817627844794202e-002	2.818382931264454e-002
3166	2.752575514537053e-002	2.754228703338166e-002
3239	2.691484962782692e-002	2.691534803926915e-002
3287	2.629815995964452e-002	2.630267991895382e-002
3321	2.570335290729747e-002	2.570395782768863e-002
3361	2.502706568301583e-002	2.511886431509579e-002
3405	2.439433331741020e-002	2.454708915685030e-002
3428	2.398622492012187e-002	2.398832919019490e-002
3438	2.342392739657673e-002	2.344228815319923e-002
3483	2.290617932149269e-002	2.290867652767774e-002
3545	2.237300848060642e-002	2.238721138568340e-002
3552	2.161397339746746e-002	2.187761623949553e-002
3567	2.116823338051915e-002	2.137962089502233e-002
3596	2.088911728723447e-002	2.089296130854040e-002
3624	2.041480013639918e-002	2.041737944669530e-002
3702	1.995086237291421e-002	1.995262314968880e-002
3757	1.949816954489786e-002	1.949844599758046e-002
3833	1.905258943803628e-002	1.905460717963247e-002
3889	1.862080542438621e-002	1.862087136662868e-002
3945	1.817736434597878e-002	1.819700858609984e-002
3995	1.777926923278445e-002	1.778279410038923e-002
4023	1.714688059220559e-002	1.737800828749376e-002
4053	1.696202604171065e-002	1.698243652461744e-002
4092	1.658959720758479e-002	1.659586907437561e-002
4139	1.620615512226115e-002	1.621810097358930e-002
4185	1.583580431219173e-002	1.584893192461113e-002
4232	1.547104456940873e-002	1.548816618912481e-002
4255	1.513065215203263e-002	1.513561248436208e-002
4311	1.479068801284755e-002	1.479108388168207e-002
4354	1.445009535003050e-002	1.445439770745927e-002
4405	1.412143386029163e-002	1.412537544622754e-002
4435	1.371755872656960e-002	1.380384264602885e-002
4458	1.345569017326287e-002	1.348962882591653e-002
4496	1.317838010743927e-002	1.318256738556408e-002
4541	1.287790381042780e-002	1.288249551693134e-002
4591	1.256963314397214e-002	1.258925411794168e-002
4659	1.229760906940147e-002	1.230268770812382e-002
4709	1.189880089235962e-002	1.202264434617413e-002
4747	1.173304418823640e-002	1.174897554939530e-002
4812	1.147955107180121e-002	1.148153621496883e-002
4887	1.121685387999827e-002	1.122018454301964e-002
4950	1.096445270851776e-002	1.096478196143185e-002
5011	1.084091681369015e-002	1.096478196143185e-002
%
% index = 404, name = bbob_f014_i11_d02__bbob_f014_i12_d02
% instance = 5, reference value = 8.215579171701070e-001
% function evaluation | indicator value | target hit
1	4.024986683995597e-001	4.073802778041127e-001
5011	4.024986683995597e-001	4.073802778041127e-001
%
% index = 405, name = bbob_f014_i13_d02__bbob_f014_i14_d02
% instance = 6, reference value = 7.678202471951230e-001
% function evaluation | indicator value | target hit
1	9.792011954560623e+000	1.000000000000000e+001
72	5.785590181208622e+000	5.888436553555890e+000
92	2.281299810974623e+000	2.290867652767773e+000
102	2.230464214708123e+000	2.238721138568339e+000
106	7.425979102458763e-001	7.585775750291838e-001
110	7.072223548103499e-001	7.079457843841379e-001
159	6.893502536165117e-001	6.918309709189364e-001
160	6.716021888494261e-001	6.760829753919818e-001
639	6.588781866859801e-001	6.606934480075960e-001
867	6.454006003483973e-001	6.456542290346555e-001
988	6.244975869359071e-001	6.309573444801933e-001
1022	6.155409043950605e-001	6.165950018614822e-001
1029	6.019639833631106e-001	6.025595860743578e-001
1140	5.871416776764244e-001	5.888436553555889e-001
1258	5.692774436743058e-001	5.754399373371569e-001
1390	5.598205737044412e-001	5.623413251903491e-001
1553	5.491828957041394e-001	5.495408738576245e-001
1606	5.368977423622414e-001	5.370317963702527e-001
1929	5.234988822445053e-001	5.248074602497725e-001
2064	4.974739699407811e-001	5.011872336272722e-001
2109	4.894573058812441e-001	4.897788193684462e-001
2361	4.334503248309172e-001	4.365158322401660e-001
2451	4.259508746129805e-001	4.265795188015927e-001
2782	4.127734227843739e-001	4.168693834703354e-001
2983	4.073709933905514e-001	4.073802778041127e-001
3679	3.964849577640082e-001	3.981071705534973e-001
3949	3.811096833143812e-001	3.890451449942806e-001
3970	3.801886874212990e-001	3.801893963205612e-001
4807	3.712181796275121e-001	3.715352290971726e-001
5011	3.648725595736508e-001	3.715352290971726e-001
%
% index = 406, name = bbob_f014_i15_d02__bbob_f014_i16_d02
% instance = 7, reference value = 9.358956668581920e-001
% function evaluation | indicator value | target hit
1	1.888348910538809e-001	1.905460717963247e-001
134	1.802533514658326e-001	1.819700858609984e-001
222	1.777593696143268e-001	1.778279410038923e-001
443	1.737800036448475e-001	1.737800828749375e-001
1103	1.698175678749760e-001	1.698243652461744e-001
2156	1.659580065188800e-001	1.659586907437561e-001
2732	1.621802257853486e-001	1.621810097358930e-001
3362	1.584880041435565e-001	1.584893192461113e-001
4026	1.548734179161025e-001	1.548816618912481e-001
4622	1.513425367906623e-001	1.513561248436208e-001
5011	1.489467898485553e-001	1.513561248436208e-001
%
% index = 407, name = bbob_f014_i17_d02__bbob_f014_i18_d02
% instance = 8, reference value = 9.485894535946460e-001
% function evaluation | indicator value | target hit
1	2.485770262808388e-001	2.511886431509580e-001
33	1.506525285637119e-001	1.513561248436208e-001
72	1.187275783869038e-001	1.202264434617413e-001
86	9.127973807888035e-002	9.332543007969910e-002
94	8.961195502719210e-002	9.120108393559097e-002
102	7.987046447597779e-002	8.128305161640990e-002
106	7.076934713531113e-002	7.079457843841380e-002
112	6.904959324302129e-002	6.918309709189366e-002
116	6.722565788370993e-002	6.760829753919818e-002
127	6.595497023698538e-002	6.606934480075961e-002
147	6.450749019611490e-002	6.456542290346556e-002
153	6.242779292447975e-002	6.309573444801933e-002
166	6.164777609900163e-002	6.165950018614822e-002
189	6.024859355491996e-002	6.025595860743578e-002
245	5.888043365888629e-002	5.888436553555890e-002
330	5.750951107297941e-002	5.754399373371569e-002
337	5.589844679276335e-002	5.623413251903491e-002
353	5.470932984815247e-002	5.495408738576246e-002
377	5.240609934190821e-002	5.248074602497726e-002
401	5.128546112849974e-002	5.128613839913648e-002
459	4.997019425284810e-002	5.011872336272722e-002
543	4.896230992800876e-002	4.897788193684461e-002
648	4.779027810270220e-002	4.786300923226383e-002
735	4.656398208172663e-002	4.677351412871982e-002
795	4.569176818969201e-002	4.570881896148749e-002
876	4.464322112801111e-002	4.466835921509630e-002
915	4.364161763938723e-002	4.365158322401658e-002
963	4.256390495067397e-002	4.265795188015926e-002
984	4.159906998308283e-002	4.168693834703355e-002
1022	4.069119114757758e-002	4.073802778041128e-002
1034	3.966132661941857e-002	3.981071705534973e-002
1083	3.886349590970939e-002	3.890451449942807e-002
1123	3.786921304165769e-002	3.801893963205612e-002
1194	3.711942892833275e-002	3.715352290971726e-002
1344	3.598094281338882e-002	3.630780547701014e-002
1402	3.536230395972573e-002	3.548133892335755e-002
1510	2.917667551724457e-002	2.951209226666385e-002
1518	2.788314970356220e-002	2.818382931264454e-002
1536	2.581756019282044e-002	2.630267991895382e-002
1554	2.491174999176693e-002	2.511886431509579e-002
1705	2.364629159633813e-002	2.398832919019490e-002
1799	2.217117325374629e-002	2.238721138568340e-002
1834	2.086910335223580e-002	2.089296130854040e-002
1849	1.763493551901352e-002	1.778279410038923e-002
1854	1.674350037532779e-002	1.698243652461744e-002
1855	1.658913302604625e-002	1.659586907437561e-002
1921	1.597840795646044e-002	1.621810097358930e-002
1936	1.551106270486813e-002	1.584893192461113e-002
1945	1.547031628736373e-002	1.548816618912481e-002
2138	1.460503625840914e-002	1.479108388168207e-002
2277	1.445119420812080e-002	1.445439770745927e-002
2294	1.412003187585076e-002	1.412537544622754e-002
2324	1.373973794185246e-002	1.380384264602885e-002
2579	1.348205519978285e-002	1.348962882591653e-002
3366	1.291802622175819e-002	1.318256738556408e-002
3734	1.284471999457670e-002	1.288249551693134e-002
5011	1.277708386285459e-002	1.288249551693134e-002
%
% index = 408, name = bbob_f014_i19_d02__bbob_f014_i21_d02
% instance = 9, reference value = 7.843047628883491e-001
% function evaluation | indicator value | target hit
1	1.353412185098849e+000	1.380384264602885e+000
5011	1.353412185098849e+000	1.380384264602885e+000
%
% index = 409, name = bbob_f014_i21_d02__bbob_f014_i22_d02
% instance = 10, reference value = 6.365631788973540e-001
% function evaluation | indicator value | target hit
1	4.459909026932048e+000	4.466835921509632e+000
157	3.003029284374822e+000	3.019951720402016e+000
185	2.846824396580542e+000	2.884031503126606e+000
348	2.817163221122836e+000	2.818382931264454e+000
511	2.739707252256125e+000	2.754228703338166e+000
570	2.685268594214339e+000	2.691534803926916e+000
794	2.593980916866070e+000	2.630267991895382e+000
843	2.564587382438183e+000	2.570395782768864e+000
936	2.507538516888608e+000	2.511886431509580e+000
1088	2.437559301863622e+000	2.454708915685031e+000
1165	2.395847902778952e+000	2.398832919019490e+000
1282	2.330890449829386e+000	2.344228815319922e+000
1393	2.290500845369380e+000	2.290867652767773e+000
1504	2.235802424920308e+000	2.238721138568339e+000
1630	2.187707881540282e+000	2.187761623949553e+000
1745	2.129047139528708e+000	2.137962089502232e+000
1806	2.083401687763143e+000	2.089296130854040e+000
1864	2.041175153805248e+000	2.041737944669529e+000
1963	1.990941112670509e+000	1.995262314968880e+000
2064	1.936583884387820e+000	1.949844599758045e+000
2150	1.903777149465862e+000	1.905460717963247e+000
2288	1.858441850015464e+000	1.862087136662868e+000
2343	1.805557846757451e+000	1.819700858609983e+000
2466	1.768466902923202e+000	1.778279410038923e+000
2559	1.730148257128730e+000	1.737800828749375e+000
2639	1.673299984141979e+000	1.698243652461744e+000
2679	1.655189838185997e+000	1.659586907437561e+000
2797	1.620790556506237e+000	1.621810097358930e+000
2839	1.577651005012141e+000	1.584893192461114e+000
2948	1.547324988540196e+000	1.548816618912481e+000
3063	1.512621913597315e+000	1.513561248436208e+000
3163	1.473380741052624e+000	1.479108388168207e+000
3230	1.438644121834301e+000	1.445439770745927e+000
3307	1.411968342785098e+000	1.412537544622754e+000
3473	1.375399126732627e+000	1.380384264602885e+000
3572	1.344002264863338e+000	1.348962882591654e+000
3735	1.315003331291854e+000	1.318256738556407e+000
3862	1.285590370340854e+000	1.288249551693134e+000
3976	1.257395278328354e+000	1.258925411794167e+000
4072	1.225740481968354e+000	1.230268770812382e+000
4247	1.200043714057354e+000	1.202264434617413e+000
4413	1.171033095787354e+000	1.174897554939530e+000
4547	1.147447156391354e+000	1.148153621496883e+000
4672	1.117110600785354e+000	1.122018454301963e+000
4731	1.095201864275354e+000	1.096478196143185e+000
4802	1.068123374021354e+000	1.071519305237606e+000
4893	1.045063364686354e+000	1.047128548050900e+000
4964	1.021673026559854e+000	1.023292992280754e+000
5011	1.019743076797354e+000	1.023292992280754e+000
