%
% index = 80, name = bbob_f001_i02_d02__bbob_f020_i04_d02
% instance = 1, reference value = 9.256574940816050e-01
% function evaluation | indicator value | target hit
1	6.068663878503605e+00	6.165950018614822e+00
243	4.943923695389876e-01	5.011872336272722e-01
419	3.223436818357056e-01	3.235936569296283e-01
438	1.421112005553765e-01	1.445439770745928e-01
469	1.378589977391317e-01	1.380384264602885e-01
515	1.030183716565677e-01	1.047128548050900e-01
527	1.015058185125024e-01	1.023292992280754e-01
551	9.041401432404095e-02	9.120108393559097e-02
552	8.619436358786581e-02	8.709635899560805e-02
577	8.505583235598901e-02	8.511380382023763e-02
606	5.691811320941553e-02	5.754399373371569e-02
609	5.426410246009716e-02	5.495408738576246e-02
618	4.933502691022540e-02	5.011872336272722e-02
620	4.338231971623141e-02	4.365158322401658e-02
632	4.242027643001500e-02	4.265795188015926e-02
646	4.155349438052824e-02	4.168693834703355e-02
650	4.050934971879538e-02	4.073802778041128e-02
651	3.543817527045945e-02	3.548133892335755e-02
692	3.462664100431900e-02	3.467368504525317e-02
702	3.362009952347911e-02	3.388441561392026e-02
703	3.173962091339455e-02	3.235936569296283e-02
704	2.882789614216363e-02	2.884031503126606e-02
720	2.796686564145845e-02	2.818382931264454e-02
742	2.753573030755585e-02	2.754228703338166e-02
743	2.665055101985492e-02	2.691534803926915e-02
744	2.618414206840536e-02	2.630267991895381e-02
752	2.546061700407543e-02	2.570395782768863e-02
766	2.502912606663965e-02	2.511886431509579e-02
794	2.448670725692703e-02	2.454708915685030e-02
823	2.386493744968243e-02	2.398832919019490e-02
842	2.343488151315565e-02	2.344228815319923e-02
877	2.290470067804418e-02	2.290867652767773e-02
917	2.236013365306833e-02	2.238721138568340e-02
1033	2.187456786911635e-02	2.187761623949553e-02
1121	1.988879898516116e-02	1.995262314968880e-02
1176	1.949812975812548e-02	1.949844599758046e-02
1221	1.312846054286687e-02	1.318256738556407e-02
1290	1.238555565814403e-02	1.258925411794167e-02
1291	1.211386489157640e-02	1.230268770812382e-02
1293	1.199797696431204e-02	1.202264434617413e-02
1327	1.153643876757693e-02	1.174897554939530e-02
1360	1.135996950272267e-02	1.148153621496883e-02
1374	8.328876531936924e-03	8.511380382023767e-03
1393	8.153414441482099e-03	8.317637711026709e-03
1421	8.024721241190691e-03	8.128305161640995e-03
1435	5.197392633974562e-03	5.248074602497728e-03
1447	5.085139678221884e-03	5.128613839913648e-03
1509	5.009558218151744e-03	5.011872336272725e-03
1595	4.844651230218600e-03	4.897788193684461e-03
1613	4.780952699089180e-03	4.786300923226385e-03
1689	4.677284609807320e-03	4.677351412871981e-03
1807	4.558065881361872e-03	4.570881896148752e-03
1809	4.227086269479874e-03	4.265795188015926e-03
1886	3.261206084126167e-03	3.311311214825911e-03
1900	2.746794085896953e-03	2.754228703338166e-03
1927	2.267346050747299e-03	2.290867652767772e-03
1962	2.236218385240019e-03	2.238721138568340e-03
1984	2.066041659429252e-03	2.089296130854039e-03
2001	2.014158071933503e-03	2.041737944669530e-03
2007	1.975938276765565e-03	1.995262314968879e-03
2029	1.949344756750127e-03	1.949844599758046e-03
2100	1.904144869758984e-03	1.905460717963246e-03
2163	1.861741859353283e-03	1.862087136662868e-03
2348	1.535039343892319e-03	1.548816618912481e-03
2376	1.499031324623701e-03	1.513561248436209e-03
2457	1.478587519214480e-03	1.479108388168207e-03
2569	1.444270121718660e-03	1.445439770745928e-03
2667	1.410066501108420e-03	1.412537544622754e-03
2744	1.321818350692783e-03	1.348962882591653e-03
2748	1.318012830058390e-03	1.318256738556408e-03
2786	1.278847682098849e-03	1.288249551693134e-03
2799	1.076572854022406e-03	1.096478196143185e-03
2846	1.070579164821006e-03	1.071519305237606e-03
2918	1.046589767640937e-03	1.047128548050900e-03
3006	1.021220128919142e-03	1.023292992280754e-03
3059	9.655121415929058e-04	9.772372209558111e-04
3118	9.538223804969048e-04	9.549925860214359e-04
3240	8.781570084619439e-04	8.912509381337459e-04
3259	8.684116038886192e-04	8.709635899560805e-04
3301	8.198470545225378e-04	8.317637711026709e-04
3360	8.007753316975341e-04	8.128305161640995e-04
3402	7.942709107393586e-04	7.943282347242813e-04
3483	7.728288644498482e-04	7.762471166286919e-04
3641	7.574812920393414e-04	7.585775750291835e-04
3890	7.412938635209532e-04	7.413102413009177e-04
4587	7.239801154538261e-04	7.244359600749898e-04
4590	6.982578629691760e-04	7.079457843841380e-04
4626	6.804094254907467e-04	6.918309709189362e-04
4683	6.745472929927665e-04	6.760829753919819e-04
4706	6.553528794176477e-04	6.606934480075957e-04
4946	6.456163550855321e-04	6.456542290346556e-04
5457	6.304482469027262e-04	6.309573444801930e-04
6489	6.165840813529000e-04	6.165950018614823e-04
7885	6.025500707097509e-04	6.025595860743575e-04
8002	6.017626992244063e-04	6.025595860743575e-04
%
% index = 81, name = bbob_f001_i03_d02__bbob_f020_i05_d02
% instance = 2, reference value = 9.777936790126750e-01
% function evaluation | indicator value | target hit
1	4.959645932860505e-01	5.011872336272722e-01
249	4.548109860227892e-01	4.570881896148750e-01
282	4.435609019922887e-01	4.466835921509631e-01
332	2.400764593432247e-01	2.454708915685030e-01
383	2.398227645845280e-01	2.398832919019490e-01
479	1.403581284048193e-01	1.412537544622754e-01
500	1.238035466556808e-01	1.258925411794167e-01
525	1.043152460006754e-01	1.047128548050900e-01
528	7.089227112453222e-02	7.244359600749903e-02
529	6.339337082455376e-02	6.456542290346556e-02
530	6.111283895049591e-02	6.165950018614822e-02
541	5.769528595530360e-02	5.888436553555890e-02
566	5.446349227171321e-02	5.495408738576246e-02
575	5.194519232960704e-02	5.248074602497726e-02
590	4.991461485095783e-02	5.011872336272722e-02
591	4.694067319634276e-02	4.786300923226382e-02
598	4.330751066450167e-02	4.365158322401658e-02
615	4.246912385283330e-02	4.265795188015926e-02
628	4.131767966036504e-02	4.168693834703355e-02
634	3.999835894480341e-02	4.073802778041128e-02
644	3.932968049204055e-02	3.981071705534973e-02
672	3.828612422454980e-02	3.890451449942807e-02
682	3.798689080060358e-02	3.801893963205612e-02
697	3.713922769991307e-02	3.715352290971726e-02
718	3.622329160331195e-02	3.630780547701014e-02
731	3.542335383892226e-02	3.548133892335755e-02
757	3.453022367765668e-02	3.467368504525317e-02
775	3.374974969409561e-02	3.388441561392026e-02
789	3.303020503293486e-02	3.311311214825911e-02
795	3.232186201310183e-02	3.235936569296283e-02
805	3.157226278838476e-02	3.162277660168379e-02
806	3.074511830476279e-02	3.090295432513590e-02
808	3.013478762858290e-02	3.019951720402016e-02
809	2.949102312563057e-02	2.951209226666385e-02
830	2.882428229654388e-02	2.884031503126606e-02
847	2.816042641703664e-02	2.818382931264454e-02
851	2.749443035545984e-02	2.754228703338166e-02
855	2.647382587591263e-02	2.691534803926915e-02
866	2.623510104906268e-02	2.630267991895381e-02
890	2.564874776943971e-02	2.570395782768863e-02
911	2.500271037423962e-02	2.511886431509579e-02
926	2.454388844540512e-02	2.454708915685030e-02
938	2.378846770753107e-02	2.398832919019490e-02
951	2.339326351550131e-02	2.344228815319923e-02
991	2.290458585481958e-02	2.290867652767773e-02
1027	2.238653937266510e-02	2.238721138568340e-02
1054	2.186236524593010e-02	2.187761623949553e-02
1095	2.130884425887913e-02	2.137962089502233e-02
1131	2.086513160433401e-02	2.089296130854040e-02
1164	2.040045756411424e-02	2.041737944669529e-02
1220	1.993492629174598e-02	1.995262314968880e-02
1275	1.948440703770116e-02	1.949844599758046e-02
1352	1.903238575740163e-02	1.905460717963247e-02
1466	1.861486352821173e-02	1.862087136662868e-02
1583	1.818828049328436e-02	1.819700858609984e-02
1670	1.778008923901164e-02	1.778279410038923e-02
1761	1.737165467481072e-02	1.737800828749375e-02
1874	1.697640936469869e-02	1.698243652461744e-02
1982	1.659322810240893e-02	1.659586907437561e-02
2095	1.619576117559840e-02	1.621810097358930e-02
2158	1.584353242746317e-02	1.584893192461113e-02
2256	1.547333044563037e-02	1.548816618912481e-02
2344	1.513155431811275e-02	1.513561248436208e-02
2439	1.477955176093249e-02	1.479108388168207e-02
2531	1.445008812349424e-02	1.445439770745927e-02
2660	1.412157905517930e-02	1.412537544622754e-02
2805	1.379475874483782e-02	1.380384264602885e-02
2896	1.348021952254885e-02	1.348962882591653e-02
3028	1.318089306604031e-02	1.318256738556407e-02
3130	1.286952332197722e-02	1.288249551693134e-02
3192	1.258718873451259e-02	1.258925411794167e-02
3250	1.229612917128042e-02	1.230268770812382e-02
3327	1.202134724140058e-02	1.202264434617413e-02
3385	1.174632831773581e-02	1.174897554939530e-02
3481	1.147860588693927e-02	1.148153621496883e-02
3585	1.120581716466240e-02	1.122018454301964e-02
3622	1.096394478369367e-02	1.096478196143185e-02
3686	1.071464974461833e-02	1.071519305237606e-02
3748	1.045665614554914e-02	1.047128548050900e-02
3851	1.023147257598978e-02	1.023292992280754e-02
3960	9.997947029665388e-03	1.000000000000000e-02
4030	9.766980251764590e-03	9.772372209558112e-03
4447	9.359368127248024e-03	9.549925860214359e-03
4468	9.318676789313751e-03	9.332543007969915e-03
4492	7.415253135119704e-03	7.585775750291836e-03
4523	7.178896677987434e-03	7.244359600749898e-03
4526	6.622491474443382e-03	6.760829753919818e-03
4541	6.428844038992021e-03	6.456542290346556e-03
4553	5.747714269868975e-03	5.754399373371567e-03
4564	5.602841500373490e-03	5.623413251903491e-03
4570	5.369939161567472e-03	5.370317963702527e-03
4583	5.126026409231654e-03	5.128613839913648e-03
4597	4.523423468837051e-03	4.570881896148752e-03
4599	3.983866357048282e-03	4.073802778041126e-03
4603	3.979911218300880e-03	3.981071705534973e-03
4617	3.639124195908061e-03	3.715352290971724e-03
4621	3.517587520487475e-03	3.548133892335753e-03
4638	3.440371099719508e-03	3.467368504525317e-03
4646	3.252423097291790e-03	3.311311214825911e-03
4648	3.222198770458817e-03	3.235936569296281e-03
4657	3.155794040008097e-03	3.162277660168379e-03
4662	3.050524141780864e-03	3.090295432513592e-03
4676	2.990161731038499e-03	3.019951720402016e-03
4677	2.386813364119500e-03	2.398832919019490e-03
4678	2.325063752124601e-03	2.344228815319923e-03
4687	2.190217005893613e-03	2.238721138568340e-03
4689	2.164830118717709e-03	2.187761623949552e-03
4694	2.115079773819861e-03	2.137962089502233e-03
4695	2.084716613826698e-03	2.089296130854039e-03
4708	1.983606724320852e-03	1.995262314968879e-03
4711	1.929771953393500e-03	1.949844599758046e-03
4712	1.791474002092008e-03	1.819700858609983e-03
4714	1.762676065394486e-03	1.778279410038923e-03
4715	1.710220887535252e-03	1.737800828749376e-03
4721	1.670321866918401e-03	1.698243652461744e-03
4722	1.613076257127699e-03	1.621810097358930e-03
4734	1.522928866947937e-03	1.548816618912481e-03
4739	1.509334121238215e-03	1.513561248436209e-03
4749	1.477497907324432e-03	1.479108388168207e-03
4756	1.406815754875890e-03	1.412537544622754e-03
4762	1.366901453371150e-03	1.380384264602885e-03
4766	1.289545750955301e-03	1.318256738556408e-03
4767	1.265595878697345e-03	1.288249551693134e-03
4772	1.256613502138682e-03	1.258925411794167e-03
4783	1.228643887487779e-03	1.230268770812381e-03
4792	1.186845623545985e-03	1.202264434617413e-03
4796	1.152611285527239e-03	1.174897554939529e-03
4797	1.140255293606840e-03	1.148153621496883e-03
4800	1.067462678446485e-03	1.071519305237606e-03
4804	1.023214792994609e-03	1.023292992280754e-03
4805	9.819872044912747e-04	1.000000000000000e-03
4811	9.616054308358990e-04	9.772372209558111e-04
4813	9.508647903778700e-04	9.549925860214359e-04
4818	9.271867348433771e-04	9.332543007969915e-04
4820	9.069781954921252e-04	9.120108393559096e-04
4826	8.637047734333381e-04	8.709635899560805e-04
4831	8.373317897938382e-04	8.511380382023768e-04
4832	8.181137445488762e-04	8.317637711026709e-04
4834	8.037786316826834e-04	8.128305161640995e-04
4843	7.936498966907291e-04	7.943282347242813e-04
4849	7.758499448361489e-04	7.762471166286919e-04
4854	7.303774181089961e-04	7.413102413009177e-04
4861	7.183269265026437e-04	7.244359600749898e-04
4869	7.064563501294474e-04	7.079457843841380e-04
4880	6.846825359223541e-04	6.918309709189362e-04
4884	6.732485557534584e-04	6.760829753919819e-04
4892	6.547416168414255e-04	6.606934480075957e-04
4899	6.423480212554011e-04	6.456542290346556e-04
4902	6.286747602345377e-04	6.309573444801930e-04
4910	6.149614576184126e-04	6.165950018614823e-04
4914	6.017087651097874e-04	6.025595860743575e-04
4922	5.888156267742639e-04	5.888436553555889e-04
4934	5.750191202013033e-04	5.754399373371566e-04
4947	5.621545698296648e-04	5.623413251903491e-04
4960	5.485323420694188e-04	5.495408738576248e-04
4980	5.367840834156201e-04	5.370317963702527e-04
4996	5.243905640313073e-04	5.248074602497728e-04
5007	5.126033905024086e-04	5.128613839913648e-04
5025	5.006153841435879e-04	5.011872336272725e-04
5047	4.755969896209633e-04	4.786300923226385e-04
5070	4.672136249553871e-04	4.677351412871981e-04
5096	4.566422710298168e-04	4.570881896148752e-04
5108	4.443857748938074e-04	4.466835921509630e-04
5115	4.343430021068739e-04	4.365158322401661e-04
5135	4.253458376864971e-04	4.265795188015926e-04
5149	4.166222517912876e-04	4.168693834703355e-04
5184	4.072934906712566e-04	4.073802778041126e-04
5198	3.976059813828314e-04	3.981071705534974e-04
5222	3.885099377665124e-04	3.890451449942805e-04
5255	3.768773309816842e-04	3.801893963205612e-04
5274	3.711965451010935e-04	3.715352290971724e-04
5296	3.593812055905365e-04	3.630780547701014e-04
5326	3.547668126102632e-04	3.548133892335753e-04
5375	3.464387836268346e-04	3.467368504525317e-04
5419	3.386563908721607e-04	3.388441561392024e-04
5462	3.298091433594497e-04	3.311311214825911e-04
5517	3.232462757555288e-04	3.235936569296281e-04
5566	3.155924286949441e-04	3.162277660168379e-04
5572	2.890055332895880e-04	2.951209226666387e-04
5573	2.672486194605916e-04	2.691534803926917e-04
5594	2.619211147307787e-04	2.630267991895381e-04
5618	2.562931477736452e-04	2.570395782768865e-04
5647	2.508136213226209e-04	2.511886431509580e-04
5720	2.453959888918389e-04	2.454708915685031e-04
5771	2.390830181855375e-04	2.398832919019490e-04
5867	2.343938552671343e-04	2.344228815319923e-04
5960	2.290716571645701e-04	2.290867652767772e-04
5973	2.152136602113774e-04	2.187761623949552e-04
6011	2.137217092913479e-04	2.137962089502232e-04
6114	2.089106919108685e-04	2.089296130854039e-04
6179	2.023141671834150e-04	2.041737944669530e-04
6269	1.995203718516692e-04	1.995262314968879e-04
6452	1.949620171461941e-04	1.949844599758046e-04
6513	1.902517674667870e-04	1.905460717963246e-04
6549	1.743194881803634e-04	1.778279410038923e-04
6550	1.730852449203235e-04	1.737800828749376e-04
6582	1.673096760425041e-04	1.698243652461744e-04
6616	1.658752659620122e-04	1.659586907437562e-04
6724	1.570887962555334e-04	1.584893192461114e-04
6778	1.548483072532081e-04	1.548816618912481e-04
6852	1.508600267123850e-04	1.513561248436209e-04
6897	1.478557690385296e-04	1.479108388168207e-04
7061	1.444569279781538e-04	1.445439770745928e-04
7132	1.412524441726237e-04	1.412537544622754e-04
7296	1.379996541154282e-04	1.380384264602885e-04
7522	1.335161724224099e-04	1.348962882591653e-04
7580	1.317470433492840e-04	1.318256738556407e-04
7776	1.285917399992398e-04	1.288249551693134e-04
7874	1.258276991180640e-04	1.258925411794167e-04
8002	1.245610718700885e-04	1.258925411794167e-04
%
% index = 82, name = bbob_f001_i07_d02__bbob_f020_i08_d02
% instance = 3, reference value = 9.687057216282690e-01
% function evaluation | indicator value | target hit
1	6.529072856205331e-01	6.606934480075960e-01
267	6.348942546045374e-01	6.456542290346555e-01
386	5.357250424665787e-01	5.370317963702527e-01
420	4.476647434422033e-01	4.570881896148750e-01
421	4.018924688845014e-01	4.073802778041127e-01
422	2.278163135448029e-01	2.290867652767773e-01
424	2.141176381114297e-01	2.187761623949552e-01
442	1.043346038846580e-01	1.047128548050900e-01
462	9.349640385578450e-02	9.549925860214359e-02
501	7.252470342517381e-02	7.413102413009177e-02
503	4.426111891656737e-02	4.466835921509630e-02
514	3.842868407779942e-02	3.890451449942807e-02
517	3.693559519700285e-02	3.715352290971726e-02
520	3.519304885725294e-02	3.548133892335755e-02
523	3.373758868010857e-02	3.388441561392026e-02
532	2.805824856077022e-02	2.818382931264454e-02
533	2.406248790144860e-02	2.454708915685030e-02
538	2.358972962872508e-02	2.398832919019490e-02
539	2.291574476559755e-02	2.344228815319923e-02
552	2.290636366320487e-02	2.290867652767773e-02
554	2.176210621907015e-02	2.187761623949553e-02
562	1.962542972177961e-02	1.995262314968880e-02
563	1.660285855992283e-02	1.698243652461744e-02
566	1.428433391117123e-02	1.445439770745927e-02
567	1.342991601262189e-02	1.348962882591653e-02
584	9.995911452214012e-03	1.000000000000000e-02
595	9.635780187353449e-03	9.772372209558112e-03
614	9.449305972810351e-03	9.549925860214359e-03
621	9.219813665999665e-03	9.332543007969915e-03
626	8.513997877468094e-03	8.709635899560805e-03
627	8.102178747857014e-03	8.128305161640995e-03
635	7.923727016733495e-03	7.943282347242814e-03
649	7.759199663267324e-03	7.762471166286920e-03
652	7.408363274056473e-03	7.413102413009177e-03
667	6.421810291682650e-03	6.456542290346556e-03
669	6.232991553642320e-03	6.309573444801930e-03
681	6.083310260550978e-03	6.165950018614822e-03
682	5.796675542459440e-03	5.888436553555890e-03
683	5.593643286170735e-03	5.623413251903491e-03
686	5.343411937789866e-03	5.370317963702527e-03
693	5.235969503330606e-03	5.248074602497728e-03
695	5.056112526650169e-03	5.128613839913648e-03
696	5.000146189452992e-03	5.011872336272725e-03
703	4.892642121816948e-03	4.897788193684461e-03
714	4.772220800819627e-03	4.786300923226385e-03
720	4.626586659292387e-03	4.677351412871981e-03
727	4.557696720623006e-03	4.570881896148752e-03
741	4.458432341900465e-03	4.466835921509630e-03
750	4.334148988021869e-03	4.365158322401661e-03
756	3.979314702315384e-03	3.981071705534973e-03
768	3.835076954811556e-03	3.890451449942805e-03
774	3.757733797677631e-03	3.801893963205613e-03
782	3.708834934923022e-03	3.715352290971724e-03
795	3.619272380882665e-03	3.630780547701014e-03
796	3.537513598409259e-03	3.548133892335753e-03
812	3.262181510033546e-03	3.311311214825911e-03
813	3.206264783203072e-03	3.235936569296281e-03
814	2.762259091008912e-03	2.818382931264455e-03
818	2.752038436443227e-03	2.754228703338166e-03
840	2.691415366628980e-03	2.691534803926917e-03
846	2.613964074685060e-03	2.630267991895381e-03
847	2.479467872247287e-03	2.511886431509579e-03
854	2.436479862786833e-03	2.454708915685031e-03
858	2.326652692352549e-03	2.344228815319923e-03
870	2.281477467918402e-03	2.290867652767772e-03
878	2.230752102081124e-03	2.238721138568340e-03
881	2.158437641787692e-03	2.187761623949552e-03
885	2.090056466622192e-03	2.137962089502233e-03
888	2.086548218403705e-03	2.089296130854039e-03
902	2.028661538629128e-03	2.041737944669530e-03
916	1.991842307178415e-03	1.995262314968879e-03
925	1.944724489374994e-03	1.949844599758046e-03
929	1.895636967034986e-03	1.905460717963246e-03
935	1.859837299559408e-03	1.862087136662868e-03
936	1.398329582908198e-03	1.412537544622754e-03
943	1.380081174399805e-03	1.380384264602885e-03
949	1.347167758323442e-03	1.348962882591653e-03
968	1.305198887712078e-03	1.318256738556408e-03
982	1.284503753664845e-03	1.288249551693134e-03
1006	1.257577556242118e-03	1.258925411794167e-03
1009	1.201445525645828e-03	1.202264434617413e-03
1013	1.159981655672881e-03	1.174897554939529e-03
1027	1.146613652482475e-03	1.148153621496883e-03
1037	1.121158956404078e-03	1.122018454301963e-03
1062	1.091485834004202e-03	1.096478196143185e-03
1074	1.069364644883053e-03	1.071519305237606e-03
1093	1.043407386827511e-03	1.047128548050900e-03
1109	9.824287161845913e-04	1.000000000000000e-03
1117	9.772268388699157e-04	9.772372209558111e-04
1157	9.502173431203964e-04	9.549925860214359e-04
1189	9.321122249424940e-04	9.332543007969915e-04
1214	9.093484544009378e-04	9.120108393559096e-04
1234	8.899130019994761e-04	8.912509381337459e-04
1259	8.706531967280773e-04	8.709635899560805e-04
1294	8.495417289819951e-04	8.511380382023768e-04
1328	8.316304469713209e-04	8.317637711026709e-04
1405	8.001261533204795e-04	8.128305161640995e-04
1416	7.936366834983000e-04	7.943282347242813e-04
1422	6.814944361134279e-04	6.918309709189362e-04
1423	5.737061823019030e-04	5.754399373371566e-04
1442	5.388431980920538e-04	5.495408738576248e-04
1443	5.263557345458469e-04	5.370317963702527e-04
1450	4.787754650644738e-04	4.897788193684461e-04
1451	4.783081517282239e-04	4.786300923226385e-04
1492	4.675395643292113e-04	4.677351412871981e-04
1547	4.566925004636513e-04	4.570881896148752e-04
1569	4.464819808118747e-04	4.466835921509630e-04
1600	4.244882301701614e-04	4.265795188015926e-04
1614	3.823427288659476e-04	3.890451449942805e-04
1616	3.796635511438273e-04	3.801893963205612e-04
1666	3.715102323668118e-04	3.715352290971724e-04
1721	3.538623259975449e-04	3.548133892335753e-04
1746	3.215760565291603e-04	3.235936569296281e-04
1752	3.134832927130793e-04	3.162277660168379e-04
1799	3.079290161889237e-04	3.090295432513592e-04
1866	3.018671421278762e-04	3.019951720402016e-04
1952	2.950828819971996e-04	2.951209226666387e-04
2004	2.876298031561086e-04	2.884031503126605e-04
2084	2.732381953155505e-04	2.754228703338166e-04
2130	2.689381029414850e-04	2.691534803926917e-04
2148	2.629628235037984e-04	2.630267991895381e-04
2211	2.560519328169697e-04	2.570395782768865e-04
2276	2.453610285987340e-04	2.454708915685031e-04
2295	2.342248606002073e-04	2.344228815319923e-04
2341	2.290307793653135e-04	2.290867652767772e-04
2401	2.238541422454610e-04	2.238721138568340e-04
2431	2.159664948567785e-04	2.187761623949552e-04
2436	2.137555701487992e-04	2.137962089502232e-04
2506	2.005538008548191e-04	2.041737944669530e-04
2519	1.987175002388097e-04	1.995262314968879e-04
2583	1.948836598230086e-04	1.949844599758046e-04
2650	1.824572730181329e-04	1.862087136662868e-04
2659	1.817831626753641e-04	1.819700858609983e-04
2723	1.775604677420883e-04	1.778279410038923e-04
2746	1.732585063132230e-04	1.737800828749376e-04
2762	1.697184029929577e-04	1.698243652461744e-04
2816	1.655788761053545e-04	1.659586907437562e-04
2892	1.621621826009001e-04	1.621810097358930e-04
2994	1.584874423085081e-04	1.584893192461114e-04
3042	1.548671324189677e-04	1.548816618912481e-04
3109	1.498042859502391e-04	1.513561248436209e-04
3153	1.456182497759917e-04	1.479108388168207e-04
3191	1.445234757335712e-04	1.445439770745928e-04
3297	1.396198216088163e-04	1.412537544622754e-04
3382	1.366284545880614e-04	1.380384264602885e-04
3415	1.343819113834854e-04	1.348962882591653e-04
3426	1.318215617095442e-04	1.318256738556407e-04
3585	1.288169129253225e-04	1.288249551693134e-04
3678	1.258386520599508e-04	1.258925411794167e-04
3805	1.218906865071423e-04	1.230268770812381e-04
3842	1.198522504456401e-04	1.202264434617413e-04
4014	1.174583340242119e-04	1.174897554939529e-04
6857	1.148151488865601e-04	1.148153621496883e-04
7062	1.121807273577469e-04	1.122018454301963e-04
7241	1.096186920930275e-04	1.096478196143185e-04
7569	1.071497180483716e-04	1.071519305237606e-04
7712	1.047117752199789e-04	1.047128548050900e-04
7892	1.020285194904824e-04	1.023292992280754e-04
8002	1.001187593839825e-04	1.023292992280754e-04
%
% index = 83, name = bbob_f001_i09_d02__bbob_f020_i10_d02
% instance = 4, reference value = 9.483423909057870e-01
% function evaluation | indicator value | target hit
1	1.898911491242875e+01	1.905460717963247e+01
96	9.210450369469786e+00	9.332543007969910e+00
185	9.110828760620786e+00	9.120108393559097e+00
196	6.077702618200287e+00	6.165950018614822e+00
218	5.731390774812787e+00	5.754399373371569e+00
243	8.676427030758569e-01	8.709635899560807e-01
329	7.134574778400133e-01	7.244359600749900e-01
338	5.211937135130560e-01	5.248074602497725e-01
388	3.228254374889118e-01	3.235936569296283e-01
406	3.148508337739034e-01	3.162277660168379e-01
446	1.263166966060568e-01	1.288249551693134e-01
447	1.024011779965663e-01	1.047128548050900e-01
457	8.304518519027704e-02	8.317637711026708e-02
470	6.111750386961812e-02	6.165950018614822e-02
472	5.904595832464421e-02	6.025595860743578e-02
489	5.090867800030396e-02	5.128613839913648e-02
522	4.541067911646679e-02	4.570881896148749e-02
534	4.379392799664295e-02	4.466835921509630e-02
544	4.122409812899441e-02	4.168693834703355e-02
545	3.967165385665750e-02	3.981071705534973e-02
554	3.878944274769880e-02	3.890451449942807e-02
561	3.801449177986926e-02	3.801893963205612e-02
562	3.674037758660820e-02	3.715352290971726e-02
563	3.261340202448981e-02	3.311311214825911e-02
569	3.224672158908048e-02	3.235936569296283e-02
580	2.834988070823663e-02	2.884031503126606e-02
591	2.785050869069661e-02	2.818382931264454e-02
594	2.722186789025882e-02	2.754228703338166e-02
598	2.684444218383730e-02	2.691534803926915e-02
602	2.564029040490501e-02	2.570395782768863e-02
618	2.499269837536444e-02	2.511886431509579e-02
622	2.413311681845809e-02	2.454708915685030e-02
630	2.377798543266507e-02	2.398832919019490e-02
646	2.321479549640881e-02	2.344228815319923e-02
650	2.285359923918417e-02	2.290867652767773e-02
668	2.206447430977532e-02	2.238721138568340e-02
678	2.182594530548931e-02	2.187761623949553e-02
690	2.062887584608175e-02	2.089296130854040e-02
691	2.028824574758592e-02	2.041737944669529e-02
701	1.993192056233162e-02	1.995262314968880e-02
725	1.948755451680539e-02	1.949844599758046e-02
735	1.903845005687876e-02	1.905460717963247e-02
746	1.858372671159325e-02	1.862087136662868e-02
752	1.792004330236008e-02	1.819700858609984e-02
755	1.765734372500527e-02	1.778279410038923e-02
762	1.735847766525500e-02	1.737800828749375e-02
765	1.663574225267983e-02	1.698243652461744e-02
766	1.651451355809441e-02	1.659586907437561e-02
768	1.597567513711784e-02	1.621810097358930e-02
775	1.582190051512988e-02	1.584893192461113e-02
779	1.536035794106272e-02	1.548816618912481e-02
792	1.489695341983099e-02	1.513561248436208e-02
793	1.439671451797275e-02	1.445439770745927e-02
805	1.409283373111614e-02	1.412537544622754e-02
813	1.339804583363635e-02	1.348962882591653e-02
824	1.308856685138682e-02	1.318256738556407e-02
827	1.278805591934051e-02	1.288249551693134e-02
833	1.256017025034750e-02	1.258925411794167e-02
843	1.223925418916827e-02	1.230268770812382e-02
858	1.199460075515357e-02	1.202264434617413e-02
864	1.147946245833742e-02	1.148153621496883e-02
878	1.114632699944118e-02	1.122018454301964e-02
889	1.088102651273715e-02	1.096478196143185e-02
894	1.065154561072656e-02	1.071519305237606e-02
901	1.018070835222606e-02	1.023292992280754e-02
910	9.887469737014265e-03	1.000000000000000e-02
912	9.709375143924337e-03	9.772372209558112e-03
917	9.530227517020262e-03	9.549925860214359e-03
927	9.169411542706674e-03	9.332543007969915e-03
934	8.942731448304264e-03	9.120108393559097e-03
936	8.891059832016990e-03	8.912509381337459e-03
944	8.632974261142068e-03	8.709635899560805e-03
952	8.426908694705415e-03	8.511380382023767e-03
956	8.301717033620926e-03	8.317637711026709e-03
970	8.128024115190202e-03	8.128305161640995e-03
976	7.923309531312372e-03	7.943282347242814e-03
986	7.709051777613829e-03	7.762471166286920e-03
994	7.547322702024517e-03	7.585775750291836e-03
1004	7.399678032008805e-03	7.413102413009177e-03
1016	7.243883322761380e-03	7.244359600749898e-03
1038	7.003405363421145e-03	7.079457843841380e-03
1047	6.876871462318301e-03	6.918309709189363e-03
1060	6.740044860245487e-03	6.760829753919818e-03
1070	6.496261979934581e-03	6.606934480075957e-03
1073	6.449910083841437e-03	6.456542290346556e-03
1096	6.298946806522654e-03	6.309573444801930e-03
1109	6.014606197579320e-03	6.025595860743574e-03
1122	5.721801281844963e-03	5.754399373371567e-03
1128	5.618533748839805e-03	5.623413251903491e-03
1135	5.401058486845578e-03	5.495408738576248e-03
1137	5.326077635077087e-03	5.370317963702527e-03
1163	5.211524042784910e-03	5.248074602497728e-03
1175	5.126179721918978e-03	5.128613839913648e-03
1203	4.986438511435431e-03	5.011872336272725e-03
1215	4.892916832953120e-03	4.897788193684461e-03
1230	4.767195435022908e-03	4.786300923226385e-03
1246	4.671465530182939e-03	4.677351412871981e-03
1261	4.570663756080728e-03	4.570881896148752e-03
1285	4.441178077729147e-03	4.466835921509630e-03
1298	4.363811798258954e-03	4.365158322401661e-03
1319	4.259288805550820e-03	4.265795188015926e-03
1328	4.162720572589151e-03	4.168693834703355e-03
1339	4.072788489171919e-03	4.073802778041126e-03
1356	3.973172105057543e-03	3.981071705534973e-03
1364	3.877935597362048e-03	3.890451449942805e-03
1383	3.794848635534920e-03	3.801893963205613e-03
1401	3.707032751311345e-03	3.715352290971724e-03
1428	3.624883413466229e-03	3.630780547701014e-03
1440	3.508531189063357e-03	3.548133892335753e-03
1454	3.433806272209239e-03	3.467368504525317e-03
1472	3.384700645753469e-03	3.388441561392024e-03
1502	3.309614495966895e-03	3.311311214825911e-03
1517	3.234984525362750e-03	3.235936569296281e-03
1556	3.155882338520488e-03	3.162277660168379e-03
1585	3.084221473545146e-03	3.090295432513592e-03
1626	2.995740972089878e-03	3.019951720402016e-03
1665	2.950940672097890e-03	2.951209226666387e-03
1697	2.880592603123677e-03	2.884031503126605e-03
1701	2.812881327935446e-03	2.818382931264455e-03
1746	2.754093242800737e-03	2.754228703338166e-03
1757	2.666479297941837e-03	2.691534803926917e-03
1780	2.607245158303018e-03	2.630267991895381e-03
1794	2.564909101533952e-03	2.570395782768865e-03
1826	2.507918254110342e-03	2.511886431509579e-03
1868	2.450211052935303e-03	2.454708915685031e-03
1906	2.397499609833265e-03	2.398832919019490e-03
1931	2.308255697667794e-03	2.344228815319923e-03
1950	2.289256650509608e-03	2.290867652767772e-03
1989	2.229230011732586e-03	2.238721138568340e-03
2005	2.177979225013726e-03	2.187761623949552e-03
2013	2.071321382451030e-03	2.089296130854039e-03
2031	2.040833121597196e-03	2.041737944669530e-03
2040	1.967033008208663e-03	1.995262314968879e-03
2054	1.947876302206386e-03	1.949844599758046e-03
2075	1.901037543993289e-03	1.905460717963246e-03
2094	1.805475813521862e-03	1.819700858609983e-03
2126	1.778278126668087e-03	1.778279410038923e-03
2153	1.734703996663756e-03	1.737800828749376e-03
2171	1.694874026421211e-03	1.698243652461744e-03
2210	1.658928241196733e-03	1.659586907437561e-03
2233	1.618987812153527e-03	1.621810097358930e-03
2242	1.535519707420940e-03	1.548816618912481e-03
2255	1.511589225147159e-03	1.513561248436209e-03
2281	1.478581960775438e-03	1.479108388168207e-03
2312	1.402993786935314e-03	1.412537544622754e-03
2341	1.370608437468501e-03	1.380384264602885e-03
2356	1.346788619517425e-03	1.348962882591653e-03
2390	1.316175193621372e-03	1.318256738556408e-03
2423	1.280801665353937e-03	1.288249551693134e-03
2444	1.257474105735179e-03	1.258925411794167e-03
2452	1.173635412948348e-03	1.174897554939529e-03
2453	1.122557780808386e-03	1.148153621496883e-03
2456	1.121252591635868e-03	1.122018454301963e-03
2485	1.096401380588530e-03	1.096478196143185e-03
2494	1.032049155569204e-03	1.047128548050900e-03
2498	1.016584340483795e-03	1.023292992280754e-03
2507	9.934614623828830e-04	1.000000000000000e-03
2540	9.771019822285565e-04	9.772372209558111e-04
2569	9.456052714124086e-04	9.549925860214359e-04
2579	9.230961706094831e-04	9.332543007969915e-04
2614	8.996321295423604e-04	9.120108393559096e-04
2663	8.912195830254044e-04	8.912509381337459e-04
2697	8.706658099909559e-04	8.709635899560805e-04
2703	8.374491883577084e-04	8.511380382023768e-04
2712	8.312859218080337e-04	8.317637711026709e-04
2766	8.128280683562528e-04	8.128305161640995e-04
2839	7.913626508774252e-04	7.943282347242813e-04
2879	7.760479047590474e-04	7.762471166286919e-04
2887	7.530352020279629e-04	7.585775750291835e-04
2935	7.400671260270331e-04	7.413102413009177e-04
2958	7.234242971725369e-04	7.244359600749898e-04
3012	7.072178821037056e-04	7.079457843841380e-04
3058	6.914132519448835e-04	6.918309709189362e-04
3098	6.756921438633157e-04	6.760829753919819e-04
3123	6.606859113897912e-04	6.606934480075957e-04
3178	6.456537506940307e-04	6.456542290346556e-04
3297	6.301521947794653e-04	6.309573444801930e-04
3354	6.164626213363000e-04	6.165950018614823e-04
3416	6.025477576162563e-04	6.025595860743575e-04
3505	5.887474846829610e-04	5.888436553555889e-04
3653	5.754209799887500e-04	5.754399373371566e-04
3823	5.617064305631914e-04	5.623413251903491e-04
3976	5.453778735168280e-04	5.495408738576248e-04
4673	5.361740026480488e-04	5.370317963702527e-04
4763	5.055049221659447e-04	5.128613839913648e-04
4764	4.988242374941443e-04	5.011872336272725e-04
4777	4.756505248789678e-04	4.786300923226385e-04
4781	4.673025801907871e-04	4.677351412871981e-04
4825	4.388942619092395e-04	4.466835921509630e-04
4897	4.289872314031662e-04	4.365158322401661e-04
4946	4.226232842072797e-04	4.265795188015926e-04
5121	4.168692857776657e-04	4.168693834703355e-04
5305	4.073735366135756e-04	4.073802778041126e-04
5417	3.974525050554067e-04	3.981071705534974e-04
5603	3.888602602012403e-04	3.890451449942805e-04
5946	3.798186197182529e-04	3.801893963205612e-04
6270	3.705889942353657e-04	3.715352290971724e-04
6596	3.630635232396706e-04	3.630780547701014e-04
6942	3.547551931513127e-04	3.548133892335753e-04
7580	3.466824054242368e-04	3.467368504525317e-04
7825	3.383882863365884e-04	3.388441561392024e-04
8002	3.353047143477283e-04	3.388441561392024e-04
%
% index = 84, name = bbob_f001_i11_d02__bbob_f020_i12_d02
% instance = 5, reference value = 8.607802878819319e-01
% function evaluation | indicator value | target hit
1	6.064953207690432e+00	6.165950018614822e+00
326	5.762542704047932e+00	5.888436553555890e+00
327	3.972452539658931e+00	3.981071705534972e+00
366	3.788864654178932e+00	3.801893963205611e+00
370	2.357380658353432e+00	2.398832919019490e+00
416	2.146336085200432e+00	2.187761623949553e+00
432	1.624281726486432e+00	1.659586907437561e+00
452	1.496048971144932e+00	1.513561248436208e+00
453	8.588715769977547e-01	8.709635899560807e-01
467	6.768490884176668e-01	6.918309709189365e-01
499	6.414525270781600e-01	6.456542290346555e-01
524	5.312645123664878e-01	5.370317963702527e-01
538	4.351545001299881e-01	4.365158322401660e-01
547	2.782697522330151e-01	2.818382931264454e-01
563	1.923910203541672e-01	1.949844599758045e-01
598	1.656974604790036e-01	1.659586907437560e-01
612	1.399154724313736e-01	1.412537544622754e-01
634	1.255854367927283e-01	1.258925411794167e-01
664	1.150733812038235e-01	1.174897554939529e-01
665	9.548060196792052e-02	9.549925860214359e-02
691	8.896573940336494e-02	8.912509381337455e-02
697	8.665409951719349e-02	8.709635899560805e-02
701	6.592630645769693e-02	6.606934480075961e-02
706	5.629985243950064e-02	5.754399373371569e-02
713	5.617405720401691e-02	5.623413251903491e-02
720	5.221799440556363e-02	5.248074602497726e-02
730	4.855501484619418e-02	4.897788193684462e-02
745	4.564695285778719e-02	4.570881896148749e-02
751	3.867266630576638e-02	3.890451449942807e-02
760	3.624353646481526e-02	3.630780547701014e-02
765	3.373320764274834e-02	3.388441561392026e-02
768	3.272055377555338e-02	3.311311214825911e-02
770	3.221582842536919e-02	3.235936569296283e-02
773	3.154013369176745e-02	3.162277660168379e-02
778	3.048491679626786e-02	3.090295432513590e-02
781	2.968973860484703e-02	3.019951720402016e-02
782	2.940493394089549e-02	2.951209226666385e-02
785	2.874951758630429e-02	2.884031503126606e-02
788	2.732099919429498e-02	2.754228703338166e-02
791	2.680807163170484e-02	2.691534803926915e-02
802	2.585935871645140e-02	2.630267991895381e-02
809	2.545666494064347e-02	2.570395782768863e-02
816	2.502610641209080e-02	2.511886431509579e-02
825	2.453020938191719e-02	2.454708915685030e-02
826	2.394662270807812e-02	2.398832919019490e-02
831	2.336807181948886e-02	2.344228815319923e-02
835	2.275316206446731e-02	2.290867652767773e-02
845	2.232489686768169e-02	2.238721138568340e-02
855	2.177924214309213e-02	2.187761623949553e-02
861	2.136220537949807e-02	2.137962089502233e-02
874	2.076233956499818e-02	2.089296130854040e-02
892	2.029062245118052e-02	2.041737944669529e-02
896	1.984911965748926e-02	1.995262314968880e-02
918	1.947167469157529e-02	1.949844599758046e-02
925	1.905167487512405e-02	1.905460717963247e-02
933	1.861717637893712e-02	1.862087136662868e-02
941	1.709166767524339e-02	1.737800828749375e-02
952	1.693485474481382e-02	1.698243652461744e-02
958	1.656531119348037e-02	1.659586907437561e-02
980	1.222397591343316e-02	1.230268770812382e-02
993	1.139457731049809e-02	1.148153621496883e-02
1002	1.014653872118421e-02	1.023292992280754e-02
1003	9.775551698740004e-03	1.000000000000000e-02
1005	9.724921972308453e-03	9.772372209558112e-03
1014	9.417749293284761e-03	9.549925860214359e-03
1021	9.273288703261939e-03	9.332543007969915e-03
1032	9.077104758278609e-03	9.120108393559097e-03
1043	8.908901639795963e-03	8.912509381337459e-03
1075	8.623416866607503e-03	8.709635899560805e-03
1087	8.425581396240167e-03	8.511380382023767e-03
1103	7.969692950164031e-03	8.128305161640995e-03
1104	7.934339032491078e-03	7.943282347242814e-03
1125	7.614803872246112e-03	7.762471166286920e-03
1126	7.511148446038507e-03	7.585775750291836e-03
1127	7.404064769659047e-03	7.413102413009177e-03
1146	7.240083012017950e-03	7.244359600749898e-03
1159	7.073568848136258e-03	7.079457843841380e-03
1168	6.909910661197949e-03	6.918309709189363e-03
1181	6.755020878375428e-03	6.760829753919818e-03
1204	6.603914800819122e-03	6.606934480075957e-03
1206	6.451990631611171e-03	6.456542290346556e-03
1218	6.303466888023301e-03	6.309573444801930e-03
1238	6.162374840225859e-03	6.165950018614822e-03
1243	5.959115082989186e-03	6.025595860743574e-03
1250	5.874026986448122e-03	5.888436553555890e-03
1258	5.753153211223161e-03	5.754399373371567e-03
1283	5.620761636558225e-03	5.623413251903491e-03
1291	5.469154638071183e-03	5.495408738576248e-03
1308	5.362751505148533e-03	5.370317963702527e-03
1325	5.247998309636626e-03	5.248074602497728e-03
1344	5.128419886597402e-03	5.128613839913648e-03
1368	4.962940834511653e-03	5.011872336272725e-03
1385	4.893218112183240e-03	4.897788193684461e-03
1417	4.781554031941915e-03	4.786300923226385e-03
1471	4.677299449048267e-03	4.677351412871981e-03
1494	4.554402599006635e-03	4.570881896148752e-03
1515	4.466421049504676e-03	4.466835921509630e-03
1559	4.041394615606597e-03	4.073802778041126e-03
1583	3.980968403111351e-03	3.981071705534973e-03
1619	3.890411889332146e-03	3.890451449942805e-03
1624	3.588676478276098e-03	3.630780547701014e-03
1628	3.487585983312336e-03	3.548133892335753e-03
1629	3.433096930403612e-03	3.467368504525317e-03
1649	3.376584565143448e-03	3.388441561392024e-03
1655	3.266495377510004e-03	3.311311214825911e-03
1676	3.201301280211233e-03	3.235936569296281e-03
1677	3.120864956194458e-03	3.162277660168379e-03
1692	3.075188264921480e-03	3.090295432513592e-03
1699	2.665529518322884e-03	2.691534803926917e-03
1708	2.629313343862405e-03	2.630267991895381e-03
1725	2.415053460433580e-03	2.454708915685031e-03
1735	2.395261489938849e-03	2.398832919019490e-03
1741	2.343382735279564e-03	2.344228815319923e-03
1743	2.273959943552839e-03	2.290867652767772e-03
1771	2.238194202846544e-03	2.238721138568340e-03
1793	2.185344147078161e-03	2.187761623949552e-03
1806	2.045379355704480e-03	2.089296130854039e-03
1807	2.038276512589476e-03	2.041737944669530e-03
1831	1.994100827917067e-03	1.995262314968879e-03
1877	1.948863118462651e-03	1.949844599758046e-03
1880	1.878652657553048e-03	1.905460717963246e-03
1890	1.861704511740836e-03	1.862087136662868e-03
1907	1.807485495459504e-03	1.819700858609983e-03
1937	1.713286418882576e-03	1.737800828749376e-03
1948	1.679326025078698e-03	1.698243652461744e-03
1955	1.656102308172480e-03	1.659586907437561e-03
1984	1.619780442023155e-03	1.621810097358930e-03
2003	1.584889480378049e-03	1.584893192461114e-03
2049	1.548752281479771e-03	1.548816618912481e-03
2076	1.512215757930369e-03	1.513561248436209e-03
2118	1.478734510980573e-03	1.479108388168207e-03
2192	1.445060288492894e-03	1.445439770745928e-03
2199	1.410636805738053e-03	1.412537544622754e-03
2237	1.374499746983560e-03	1.380384264602885e-03
2239	1.299120020183175e-03	1.318256738556408e-03
2240	1.287327831942742e-03	1.288249551693134e-03
2307	1.258606328243261e-03	1.258925411794167e-03
2329	1.217375186019387e-03	1.230268770812381e-03
2332	1.201644296688231e-03	1.202264434617413e-03
2395	1.174498955323622e-03	1.174897554939529e-03
2465	1.146527899165029e-03	1.148153621496883e-03
2573	1.121852661684630e-03	1.122018454301963e-03
2640	1.080835120602530e-03	1.096478196143185e-03
2668	1.071499824313760e-03	1.071519305237606e-03
2700	9.972791549822668e-04	1.000000000000000e-03
2767	9.767936853558590e-04	9.772372209558111e-04
2820	8.572863333382585e-04	8.709635899560805e-04
2828	8.490327724917091e-04	8.511380382023768e-04
2870	8.242394368093153e-04	8.317637711026709e-04
2900	8.116321373561330e-04	8.128305161640995e-04
2905	7.713975606080670e-04	7.762471166286919e-04
2936	7.563757527008219e-04	7.585775750291835e-04
2958	7.369556044247716e-04	7.413102413009177e-04
2961	7.240788038478385e-04	7.244359600749898e-04
2991	7.070757410149175e-04	7.079457843841380e-04
3042	6.883535520149087e-04	6.918309709189362e-04
3095	6.742436428760490e-04	6.760829753919819e-04
3114	6.406262195450818e-04	6.456542290346556e-04
3187	6.261813013751505e-04	6.309573444801930e-04
3209	6.123123790974239e-04	6.165950018614823e-04
3231	5.941802025049014e-04	6.025595860743575e-04
3259	5.888178253260490e-04	5.888436553555889e-04
3284	5.745127422267515e-04	5.754399373371566e-04
3344	5.623331049374736e-04	5.623413251903491e-04
3386	5.493111855384702e-04	5.495408738576248e-04
3468	5.369870500026019e-04	5.370317963702527e-04
3523	5.242488037386916e-04	5.248074602497728e-04
3580	5.128340319693336e-04	5.128613839913648e-04
3676	5.011608466412021e-04	5.011872336272725e-04
3807	4.897527454723605e-04	4.897788193684461e-04
3905	4.786101086560191e-04	4.786300923226385e-04
4020	4.660596717844800e-04	4.677351412871981e-04
7682	4.458328468590622e-04	4.466835921509630e-04
8002	4.458328468590622e-04	4.466835921509630e-04
%
% index = 85, name = bbob_f001_i13_d02__bbob_f020_i14_d02
% instance = 6, reference value = 9.573681687615710e-01
% function evaluation | indicator value | target hit
1	4.424356523359842e+01	4.466835921509630e+01
206	1.258868769152676e+01	1.258925411794167e+01
345	2.110593547404918e-01	2.137962089502232e-01
402	2.036817660698594e-01	2.041737944669530e-01
403	1.984172055986805e-01	1.995262314968880e-01
449	9.189487869785851e-02	9.332543007969910e-02
454	9.060004556302703e-02	9.120108393559097e-02
478	8.818356914571790e-02	8.912509381337455e-02
498	4.926193280320035e-02	5.011872336272722e-02
523	4.481792975761911e-02	4.570881896148749e-02
548	4.431864804520647e-02	4.466835921509630e-02
550	3.341359742844041e-02	3.388441561392026e-02
560	3.086018209122532e-02	3.090295432513590e-02
567	2.917631756946737e-02	2.951209226666385e-02
573	2.851500128471984e-02	2.884031503126606e-02
574	2.750580167340677e-02	2.754228703338166e-02
593	2.616590768724092e-02	2.630267991895381e-02
594	2.346017529640354e-02	2.398832919019490e-02
601	2.071669565190670e-02	2.089296130854040e-02
605	2.010885797120454e-02	2.041737944669529e-02
606	1.981287931632059e-02	1.995262314968880e-02
607	1.938266869771321e-02	1.949844599758046e-02
620	1.819658805493463e-02	1.819700858609984e-02
624	1.705404757120388e-02	1.737800828749375e-02
625	1.689222567000426e-02	1.698243652461744e-02
647	1.650385591904346e-02	1.659586907437561e-02
651	1.616843341567187e-02	1.621810097358930e-02
655	1.584049074779226e-02	1.584893192461113e-02
657	1.456134950341126e-02	1.479108388168207e-02
662	1.437623483143069e-02	1.445439770745927e-02
666	1.404032231942420e-02	1.412537544622754e-02
682	1.375983618785037e-02	1.380384264602885e-02
699	1.311889554998724e-02	1.318256738556407e-02
702	1.271253281941009e-02	1.288249551693134e-02
703	1.250948662146056e-02	1.258925411794167e-02
708	1.191144063610805e-02	1.202264434617413e-02
713	1.168820237624979e-02	1.174897554939530e-02
727	1.146904461605713e-02	1.148153621496883e-02
760	1.121668561458267e-02	1.122018454301964e-02
766	1.076846265453513e-02	1.096478196143185e-02
770	1.065205412746228e-02	1.071519305237606e-02
781	1.043575497198779e-02	1.047128548050900e-02
814	1.001378292019506e-02	1.023292992280754e-02
816	9.997009019103942e-03	1.000000000000000e-02
831	9.771996389901227e-03	9.772372209558112e-03
871	9.549899830479269e-03	9.549925860214359e-03
927	9.331433789878329e-03	9.332543007969915e-03
988	9.107866976525325e-03	9.120108393559097e-03
1006	8.912432357692457e-03	8.912509381337459e-03
1050	8.709008246158834e-03	8.709635899560805e-03
1169	8.462238882188999e-03	8.511380382023767e-03
1390	8.316291855731794e-03	8.317637711026709e-03
2039	8.127092110082001e-03	8.128305161640995e-03
4451	6.420902987011701e-03	6.456542290346556e-03
4634	6.273180374830711e-03	6.309573444801930e-03
4716	6.161378338704226e-03	6.165950018614822e-03
8002	6.078244363080798e-03	6.165950018614822e-03
%
% index = 86, name = bbob_f001_i15_d02__bbob_f020_i16_d02
% instance = 7, reference value = 9.905453360567620e-01
% function evaluation | indicator value | target hit
1	7.496066781386761e+00	7.585775750291837e+00
222	2.465775465683262e+00	2.511886431509580e+00
272	1.063616013701262e+00	1.071519305237606e+00
340	4.933228612776653e-01	5.011872336272722e-01
341	4.871154229233606e-01	4.897788193684462e-01
354	4.451794833810441e-02	4.466835921509630e-02
376	4.330958839140020e-02	4.365158322401658e-02
430	2.449189934207108e-02	2.454708915685030e-02
436	2.357337755050537e-02	2.398832919019490e-02
446	1.553564880968072e-02	1.584893192461113e-02
459	1.419981171298612e-02	1.445439770745927e-02
474	1.027596747660364e-02	1.047128548050900e-02
482	1.013613190248008e-02	1.023292992280754e-02
483	9.844136610032805e-03	1.000000000000000e-02
494	9.499738902072008e-03	9.549925860214359e-03
495	8.807810793573623e-03	8.912509381337459e-03
510	8.642303214822955e-03	8.709635899560805e-03
523	7.907108110676186e-03	7.943282347242814e-03
528	7.421889985952723e-03	7.585775750291836e-03
529	7.399430523322370e-03	7.413102413009177e-03
536	7.087858278852277e-03	7.244359600749898e-03
537	6.988950421075169e-03	7.079457843841380e-03
545	6.892573113269962e-03	6.918309709189363e-03
553	6.706482068283615e-03	6.760829753919818e-03
554	6.600008391167478e-03	6.606934480075957e-03
570	6.419488117797578e-03	6.456542290346556e-03
574	5.066937889359968e-03	5.128613839913648e-03
576	4.896465060533983e-03	4.897788193684461e-03
578	4.729197993150303e-03	4.786300923226385e-03
588	4.625709139827516e-03	4.677351412871981e-03
600	4.559561736300233e-03	4.570881896148752e-03
606	4.270152773377389e-03	4.365158322401661e-03
607	4.257446584575608e-03	4.265795188015926e-03
610	4.162241446894366e-03	4.168693834703355e-03
611	3.870405065726223e-03	3.890451449942805e-03
618	3.788671094432150e-03	3.801893963205613e-03
620	3.649036510771753e-03	3.715352290971724e-03
623	3.625155414862191e-03	3.630780547701014e-03
628	3.536423127731281e-03	3.548133892335753e-03
629	3.288931615935464e-03	3.311311214825911e-03
642	3.232115275688452e-03	3.235936569296281e-03
650	3.148964791580000e-03	3.162277660168379e-03
660	3.082050293351180e-03	3.090295432513592e-03
670	3.019852552232694e-03	3.019951720402016e-03
675	2.885592706439399e-03	2.951209226666387e-03
678	2.827616015596668e-03	2.884031503126605e-03
681	2.817733549178469e-03	2.818382931264455e-03
682	2.713227631514936e-03	2.754228703338166e-03
683	2.637556524527684e-03	2.691534803926917e-03
685	2.623592882048498e-03	2.630267991895381e-03
704	2.566495983267414e-03	2.570395782768865e-03
715	2.507834011918897e-03	2.511886431509579e-03
719	2.447745951243974e-03	2.454708915685031e-03
723	2.398719554732587e-03	2.398832919019490e-03
742	2.342897200062866e-03	2.344228815319923e-03
761	2.289163423222051e-03	2.290867652767772e-03
782	2.235594041959277e-03	2.238721138568340e-03
801	2.123975592838945e-03	2.137962089502233e-03
835	2.045421527410274e-03	2.089296130854039e-03
846	2.034964527052208e-03	2.041737944669530e-03
852	1.994744127450487e-03	1.995262314968879e-03
909	1.947349414234578e-03	1.949844599758046e-03
979	1.905379981923971e-03	1.905460717963246e-03
1167	1.861924182392838e-03	1.862087136662868e-03
1356	1.819657438257738e-03	1.819700858609983e-03
2303	1.778247348956596e-03	1.778279410038923e-03
4467	1.093017875457902e-03	1.096478196143185e-03
4720	8.564114504752141e-04	8.709635899560805e-04
4724	8.494376898049438e-04	8.511380382023768e-04
6204	8.294880595739462e-04	8.317637711026709e-04
8002	8.253021528153992e-04	8.317637711026709e-04
%
% index = 87, name = bbob_f001_i17_d02__bbob_f020_i18_d02
% instance = 8, reference value = 8.894672297261160e-01
% function evaluation | indicator value | target hit
1	7.776283429635606e+00	7.943282347242816e+00
183	6.331133177527371e+00	6.456542290346556e+00
214	2.883349613183050e+00	2.884031503126606e+00
352	2.483209337025521e+00	2.511886431509580e+00
432	1.754408201883616e+00	1.778279410038923e+00
441	8.742700790841839e-01	8.912509381337456e-01
489	6.384916917563817e-01	6.456542290346555e-01
554	5.841425471633064e-01	5.888436553555889e-01
555	5.400010216831382e-01	5.495408738576245e-01
574	3.053202868830003e-01	3.090295432513591e-01
575	2.953757901571391e-01	3.019951720402016e-01
576	2.890151210526666e-01	2.951209226666385e-01
587	2.522157101811717e-01	2.570395782768864e-01
607	2.121577894649911e-01	2.137962089502232e-01
614	1.972253181770763e-01	1.995262314968880e-01
619	1.825665003752046e-01	1.862087136662867e-01
639	1.798528852351619e-01	1.819700858609984e-01
644	1.766831246386755e-01	1.778279410038923e-01
648	1.733113143449322e-01	1.737800828749375e-01
656	1.691927594920978e-01	1.698243652461744e-01
660	1.266045278613080e-01	1.288249551693134e-01
672	1.075541700093139e-01	1.096478196143185e-01
679	1.069301195209513e-01	1.071519305237607e-01
685	1.021048753036428e-01	1.023292992280754e-01
688	9.941509845601670e-02	1.000000000000000e-01
696	9.330519496817247e-02	9.332543007969910e-02
697	8.958749869653559e-02	9.120108393559097e-02
713	8.866068810322636e-02	8.912509381337455e-02
724	8.200354307286328e-02	8.317637711026708e-02
730	7.980868083118720e-02	8.128305161640990e-02
731	7.926054760472823e-02	7.943282347242814e-02
753	7.622935764593641e-02	7.762471166286916e-02
754	7.404629504463323e-02	7.413102413009177e-02
768	6.301790157453191e-02	6.309573444801933e-02
770	6.151472424272530e-02	6.165950018614822e-02
775	5.961693400032908e-02	6.025595860743578e-02
777	5.787331055758693e-02	5.888436553555890e-02
785	5.718770306663168e-02	5.754399373371569e-02
787	5.603751890103181e-02	5.623413251903491e-02
792	5.481711161096092e-02	5.495408738576246e-02
793	5.302893738034065e-02	5.370317963702527e-02
798	5.173452136236700e-02	5.248074602497726e-02
803	5.098924755914147e-02	5.128613839913648e-02
814	4.988553237551030e-02	5.011872336272722e-02
815	4.608235052254084e-02	4.677351412871981e-02
827	4.509890885447720e-02	4.570881896148749e-02
828	4.198837413684697e-02	4.265795188015926e-02
833	4.041293197969409e-02	4.073802778041128e-02
834	3.893478771498393e-02	3.981071705534973e-02
835	3.861320499368082e-02	3.890451449942807e-02
844	3.795178909881991e-02	3.801893963205612e-02
847	3.701473283552115e-02	3.715352290971726e-02
851	3.618994240279039e-02	3.630780547701014e-02
871	3.293238498387419e-02	3.311311214825911e-02
877	3.229630835200381e-02	3.235936569296283e-02
879	3.158300817210458e-02	3.162277660168379e-02
880	3.062174064294343e-02	3.090295432513590e-02
884	2.832667599771366e-02	2.884031503126606e-02
891	2.814654380135262e-02	2.818382931264454e-02
903	2.611569635080557e-02	2.630267991895381e-02
910	2.509983635735358e-02	2.511886431509579e-02
929	2.449888350881746e-02	2.454708915685030e-02
940	2.397307120448877e-02	2.398832919019490e-02
949	2.340576258045668e-02	2.344228815319923e-02
961	2.177508259153416e-02	2.187761623949553e-02
966	2.137050436098287e-02	2.137962089502233e-02
977	2.082897748675494e-02	2.089296130854040e-02
982	2.030296665694586e-02	2.041737944669529e-02
988	1.976460974281258e-02	1.995262314968880e-02
992	1.941401709351365e-02	1.949844599758046e-02
999	1.832639792276625e-02	1.862087136662868e-02
1002	1.808689952971176e-02	1.819700858609984e-02
1011	1.764886183862402e-02	1.778279410038923e-02
1021	1.732522148769977e-02	1.737800828749375e-02
1030	1.683408264727770e-02	1.698243652461744e-02
1036	1.625768127245830e-02	1.659586907437561e-02
1037	1.601447624761576e-02	1.621810097358930e-02
1041	1.578334326465303e-02	1.584893192461113e-02
1050	1.546899395601053e-02	1.548816618912481e-02
1070	1.509827059069824e-02	1.513561248436208e-02
1087	1.476520080618726e-02	1.479108388168207e-02
1099	1.441903717472814e-02	1.445439770745927e-02
1111	1.411520681872824e-02	1.412537544622754e-02
1126	1.379871638741825e-02	1.380384264602885e-02
1157	1.348345002277374e-02	1.348962882591653e-02
1160	1.308356290861368e-02	1.318256738556407e-02
1167	1.227752340917276e-02	1.230268770812382e-02
1186	1.201137564076060e-02	1.202264434617413e-02
1203	1.174652502235940e-02	1.174897554939530e-02
1214	1.148002665324577e-02	1.148153621496883e-02
1226	1.116224912263664e-02	1.122018454301964e-02
1240	1.094723401455044e-02	1.096478196143185e-02
1260	1.071472843835475e-02	1.071519305237606e-02
1288	1.046115160293049e-02	1.047128548050900e-02
1301	1.016897649920012e-02	1.023292992280754e-02
1322	9.995020518772102e-03	1.000000000000000e-02
1341	9.692288544259409e-03	9.772372209558112e-03
1362	9.547471985626887e-03	9.549925860214359e-03
1384	9.269825677352905e-03	9.332543007969915e-03
1405	9.105376037258472e-03	9.120108393559097e-03
1442	8.889528874397978e-03	8.912509381337459e-03
1474	8.691845422133526e-03	8.709635899560805e-03
1507	8.479113676822303e-03	8.511380382023767e-03
1548	8.317443506529409e-03	8.317637711026709e-03
1595	8.121327616441021e-03	8.128305161640995e-03
1637	7.880671545231976e-03	7.943282347242814e-03
1669	7.733788094281047e-03	7.762471166286920e-03
1699	7.395514970130135e-03	7.413102413009177e-03
1736	7.099523844101729e-03	7.244359600749898e-03
1737	7.059459488961140e-03	7.079457843841380e-03
1752	6.912502731171721e-03	6.918309709189363e-03
1777	6.755820920638644e-03	6.760829753919818e-03
1786	6.590115309625943e-03	6.606934480075957e-03
1802	6.429859918243630e-03	6.456542290346556e-03
1805	6.274217630368395e-03	6.309573444801930e-03
1813	6.155767322895689e-03	6.165950018614822e-03
1816	6.013763730732480e-03	6.025595860743574e-03
1827	5.826926697684476e-03	5.888436553555890e-03
1853	5.710298731495755e-03	5.754399373371567e-03
1862	5.601831764043164e-03	5.623413251903491e-03
1893	5.483346722079063e-03	5.495408738576248e-03
1905	5.347138864240208e-03	5.370317963702527e-03
1921	5.188489903366178e-03	5.248074602497728e-03
1948	5.120827414601403e-03	5.128613839913648e-03
1976	4.972189134075378e-03	5.011872336272725e-03
1997	4.883594402201097e-03	4.897788193684461e-03
2035	4.727171080227910e-03	4.786300923226385e-03
2054	4.646936188271167e-03	4.677351412871981e-03
2055	4.542005906058910e-03	4.570881896148752e-03
2058	4.418461149980235e-03	4.466835921509630e-03
2064	4.321991242290157e-03	4.365158322401661e-03
2065	4.085987482357778e-03	4.168693834703355e-03
2079	3.943286366058452e-03	3.981071705534973e-03
2084	3.783689188185058e-03	3.801893963205613e-03
2095	3.617446417709336e-03	3.630780547701014e-03
2112	3.453454321138971e-03	3.467368504525317e-03
2126	3.246285067908250e-03	3.311311214825911e-03
2137	3.227944400765126e-03	3.235936569296281e-03
2150	3.116896993062057e-03	3.162277660168379e-03
2166	3.076595603713650e-03	3.090295432513592e-03
2176	2.895522479625545e-03	2.951209226666387e-03
2183	2.876538108492199e-03	2.884031503126605e-03
2195	2.802368055095483e-03	2.818382931264455e-03
2203	2.556632389465352e-03	2.570395782768865e-03
2217	2.492845380501651e-03	2.511886431509579e-03
2225	2.451935901215507e-03	2.454708915685031e-03
2250	2.185258910849197e-03	2.187761623949552e-03
2253	2.115322955246968e-03	2.137962089502233e-03
2257	2.058007073607371e-03	2.089296130854039e-03
2279	2.032830951330111e-03	2.041737944669530e-03
2286	1.964782895332862e-03	1.995262314968879e-03
2287	1.946972224462273e-03	1.949844599758046e-03
2325	1.902264883054450e-03	1.905460717963246e-03
2340	1.852610469042504e-03	1.862087136662868e-03
2357	1.810014670084237e-03	1.819700858609983e-03
2368	1.776625672066934e-03	1.778279410038923e-03
2393	1.733269618629518e-03	1.737800828749376e-03
2420	1.697727410568284e-03	1.698243652461744e-03
2437	1.655313242967082e-03	1.659586907437561e-03
2440	1.607554257627375e-03	1.621810097358930e-03
2448	1.580806110883293e-03	1.584893192461114e-03
2471	1.546881362534225e-03	1.548816618912481e-03
2488	1.512353523343890e-03	1.513561248436209e-03
2575	1.478424689569935e-03	1.479108388168207e-03
2590	1.443522773889039e-03	1.445439770745928e-03
2603	1.365471862355916e-03	1.380384264602885e-03
2625	1.346686199042324e-03	1.348962882591653e-03
2633	1.304399021742064e-03	1.318256738556408e-03
2666	1.280443939103093e-03	1.288249551693134e-03
2676	1.235955500693220e-03	1.258925411794167e-03
2688	1.229691708166114e-03	1.230268770812381e-03
2777	1.184268749656270e-03	1.202264434617413e-03
2802	1.174186805281474e-03	1.174897554939529e-03
2829	1.138823809544109e-03	1.148153621496883e-03
2886	1.120638986974343e-03	1.122018454301963e-03
2957	1.093779719286925e-03	1.096478196143185e-03
3078	1.071118482307898e-03	1.071519305237606e-03
3114	1.044792285637808e-03	1.047128548050900e-03
3118	1.006346693975591e-03	1.023292992280754e-03
3119	9.969722406022452e-04	1.000000000000000e-03
3144	9.736273810132534e-04	9.772372209558111e-04
3196	9.429292499425479e-04	9.549925860214359e-04
3244	9.306938460503789e-04	9.332543007969915e-04
3302	8.879259007580353e-04	8.912509381337459e-04
3354	8.660340139035050e-04	8.709635899560805e-04
3359	8.506949024000843e-04	8.511380382023768e-04
3364	8.312552015958818e-04	8.317637711026709e-04
3403	8.103159819051742e-04	8.128305161640995e-04
3428	7.937713050765183e-04	7.943282347242813e-04
3455	7.653594814240883e-04	7.762471166286919e-04
3488	7.583097468790712e-04	7.585775750291835e-04
3497	7.278698267795258e-04	7.413102413009177e-04
3501	7.206437903011231e-04	7.244359600749898e-04
3536	7.072345115584078e-04	7.079457843841380e-04
3552	6.696980549329989e-04	6.760829753919819e-04
3581	6.597141310412669e-04	6.606934480075957e-04
3613	6.447806556528768e-04	6.456542290346556e-04
3677	6.309354454080429e-04	6.309573444801930e-04
3740	6.156457406901739e-04	6.165950018614823e-04
3830	6.008351829336345e-04	6.025595860743575e-04
3885	5.877628438776261e-04	5.888436553555889e-04
3983	5.752092312525381e-04	5.754399373371566e-04
4045	5.552874836028954e-04	5.623413251903491e-04
4637	5.219614952004514e-04	5.248074602497728e-04
4650	5.119760407661378e-04	5.128613839913648e-04
4741	5.002697764696640e-04	5.011872336272725e-04
4792	4.705180790313124e-04	4.786300923226385e-04
4924	4.663609895163567e-04	4.677351412871981e-04
5004	4.507123064879659e-04	4.570881896148752e-04
5054	4.466004344590990e-04	4.466835921509630e-04
5102	4.294936505960800e-04	4.365158322401661e-04
5137	4.263471647066863e-04	4.265795188015926e-04
5259	4.168560011872380e-04	4.168693834703355e-04
5441	4.073799556759683e-04	4.073802778041126e-04
5498	3.971523508073949e-04	3.981071705534974e-04
5572	3.886498037699582e-04	3.890451449942805e-04
5647	3.801205165923083e-04	3.801893963205612e-04
5726	3.715066295655323e-04	3.715352290971724e-04
5798	3.550520878020658e-04	3.630780547701014e-04
5810	3.547922282667315e-04	3.548133892335753e-04
5812	3.458071190857170e-04	3.467368504525317e-04
5994	3.388308342684443e-04	3.388441561392024e-04
6186	3.311305085245131e-04	3.311311214825911e-04
6301	3.234415414820058e-04	3.235936569296281e-04
6442	3.158760119105208e-04	3.162277660168379e-04
6496	3.084983113386119e-04	3.090295432513592e-04
6556	3.013139973936374e-04	3.019951720402016e-04
6651	2.873504670122262e-04	2.884031503126605e-04
6671	2.818139175704282e-04	2.818382931264455e-04
6726	2.745868540230401e-04	2.754228703338166e-04
6866	2.688541478467199e-04	2.691534803926917e-04
6946	2.629854902823636e-04	2.630267991895381e-04
7001	2.569220201305011e-04	2.570395782768865e-04
7122	2.508484965214608e-04	2.511886431509580e-04
7193	2.451146347007827e-04	2.454708915685031e-04
7330	2.397285919609748e-04	2.398832919019490e-04
7425	2.343665845164766e-04	2.344228815319923e-04
7675	2.289853165244882e-04	2.290867652767772e-04
7749	2.237313426528553e-04	2.238721138568340e-04
7967	2.186951987517283e-04	2.187761623949552e-04
8002	2.182291793861868e-04	2.187761623949552e-04
%
% index = 88, name = bbob_f001_i19_d02__bbob_f020_i21_d02
% instance = 9, reference value = 9.504457329121830e-01
% function evaluation | indicator value | target hit
1	2.566406813646046e-01	2.570395782768864e-01
247	1.447292763188595e-01	1.479108388168208e-01
292	1.148296187511978e-01	1.174897554939529e-01
325	1.148068843016764e-01	1.148153621496883e-01
349	7.449570553375495e-02	7.585775750291836e-02
369	6.760510554900523e-02	6.760829753919818e-02
380	5.419453193850055e-02	5.495408738576246e-02
387	5.271806963726144e-02	5.370317963702527e-02
419	4.891626806088545e-02	4.897788193684462e-02
429	3.902180973953451e-02	3.981071705534973e-02
446	3.743021182603956e-02	3.801893963205612e-02
451	3.537303144567605e-02	3.548133892335755e-02
470	3.117909929148255e-02	3.162277660168379e-02
471	3.062744866903577e-02	3.090295432513590e-02
477	2.956144050477749e-02	3.019951720402016e-02
480	2.808520856649921e-02	2.818382931264454e-02
481	2.419243174071828e-02	2.454708915685030e-02
482	2.372883561843420e-02	2.398832919019490e-02
485	2.041140232624350e-02	2.041737944669529e-02
486	1.978029643167578e-02	1.995262314968880e-02
502	1.930637483425002e-02	1.949844599758046e-02
503	1.826540401448384e-02	1.862087136662868e-02
507	1.787157518134119e-02	1.819700858609984e-02
513	1.694957161482158e-02	1.698243652461744e-02
514	1.628373208553069e-02	1.659586907437561e-02
521	1.610600972386667e-02	1.621810097358930e-02
523	1.584461103625667e-02	1.584893192461113e-02
537	1.512925088597006e-02	1.513561248436208e-02
546	1.461849192645881e-02	1.479108388168207e-02
547	1.444970131684065e-02	1.445439770745927e-02
554	1.409917517086368e-02	1.412537544622754e-02
567	1.260942161776857e-02	1.288249551693134e-02
571	1.257416744213147e-02	1.258925411794167e-02
582	1.206866733935785e-02	1.230268770812382e-02
584	1.194479556246275e-02	1.202264434617413e-02
588	1.120760077407923e-02	1.122018454301964e-02
590	1.065341134635600e-02	1.071519305237606e-02
591	1.045828088916723e-02	1.047128548050900e-02
597	1.022071746823494e-02	1.023292992280754e-02
602	9.975666852546250e-03	1.000000000000000e-02
609	9.723244403971987e-03	9.772372209558112e-03
611	9.263351491634930e-03	9.332543007969915e-03
612	8.304432018068852e-03	8.317637711026709e-03
614	7.149655845106295e-03	7.244359600749898e-03
618	7.017147377255784e-03	7.079457843841380e-03
624	6.856719421725610e-03	6.918309709189363e-03
635	6.743370934105819e-03	6.760829753919818e-03
644	6.350740581479997e-03	6.456542290346556e-03
645	6.101043187412780e-03	6.165950018614822e-03
649	6.024516902735644e-03	6.025595860743574e-03
651	5.817522023963795e-03	5.888436553555890e-03
660	5.703231013304721e-03	5.754399373371567e-03
678	5.500138613663386e-03	5.623413251903491e-03
679	5.467040924025501e-03	5.495408738576248e-03
689	4.891248204284659e-03	4.897788193684461e-03
696	4.740006630800209e-03	4.786300923226385e-03
710	4.643784032013931e-03	4.677351412871981e-03
727	4.548380221080617e-03	4.570881896148752e-03
728	4.296087866247911e-03	4.365158322401661e-03
739	4.263663445990162e-03	4.265795188015926e-03
763	4.130536500132176e-03	4.168693834703355e-03
769	4.011799407457883e-03	4.073802778041126e-03
777	3.954439671092991e-03	3.981071705534973e-03
805	3.884630547586032e-03	3.890451449942805e-03
813	3.751737517335041e-03	3.801893963205613e-03
823	3.714576346432463e-03	3.715352290971724e-03
851	3.625602884709145e-03	3.630780547701014e-03
864	3.539553906085402e-03	3.548133892335753e-03
883	3.466952280337443e-03	3.467368504525317e-03
890	3.294246752760244e-03	3.311311214825911e-03
899	3.229573602565261e-03	3.235936569296281e-03
915	3.151527187361447e-03	3.162277660168379e-03
924	2.851664381701480e-03	2.884031503126605e-03
936	2.800411633349875e-03	2.818382931264455e-03
973	2.754094492539938e-03	2.754228703338166e-03
1029	2.690100501444914e-03	2.691534803926917e-03
1063	2.619400394760496e-03	2.630267991895381e-03
1069	2.563775875053187e-03	2.570395782768865e-03
1135	2.509976208887377e-03	2.511886431509579e-03
1230	2.452091171769033e-03	2.454708915685031e-03
1244	2.322144514540936e-03	2.344228815319923e-03
1276	2.288585509185537e-03	2.290867652767772e-03
1367	2.180584243023032e-03	2.187761623949552e-03
1478	1.088741890193812e-03	1.096478196143185e-03
1484	1.020528814704380e-03	1.023292992280754e-03
1505	9.987647681344303e-04	1.000000000000000e-03
1564	9.771843667709668e-04	9.772372209558111e-04
1583	8.670774673329440e-04	8.709635899560805e-04
1652	8.509686159723362e-04	8.511380382023768e-04
1664	8.162276044645367e-04	8.317637711026709e-04
1674	8.128103583663338e-04	8.128305161640995e-04
1676	7.513894582931169e-04	7.585775750291835e-04
1695	7.315896271192779e-04	7.413102413009177e-04
1717	6.632896424367818e-04	6.760829753919819e-04
1732	6.604929184224062e-04	6.606934480075957e-04
1775	6.455544615930897e-04	6.456542290346556e-04
1797	6.187594164906995e-04	6.309573444801930e-04
1809	6.160716832196433e-04	6.165950018614823e-04
1813	4.888736842296737e-04	4.897788193684461e-04
1889	4.786273678646369e-04	4.786300923226385e-04
1910	4.008183654929942e-04	4.073802778041126e-04
1920	3.525783383657721e-04	3.548133892335753e-04
1946	3.457019061647859e-04	3.467368504525317e-04
1999	3.387957390014185e-04	3.388441561392024e-04
2075	3.311284770021183e-04	3.311311214825911e-04
2179	3.234365502489123e-04	3.235936569296281e-04
2226	3.077142406745503e-04	3.090295432513592e-04
2289	3.019270497949256e-04	3.019951720402016e-04
2389	2.950775401631134e-04	2.951209226666387e-04
2488	2.881539767906061e-04	2.884031503126605e-04
2620	2.348408217994757e-04	2.398832919019490e-04
2621	2.247823282884864e-04	2.290867652767772e-04
2642	2.238424374894077e-04	2.238721138568340e-04
2680	2.173962728325707e-04	2.187761623949552e-04
2726	2.137950353469087e-04	2.137962089502232e-04
2813	2.089286557502845e-04	2.089296130854039e-04
2894	2.036797473227159e-04	2.041737944669530e-04
2974	1.992471296092813e-04	1.995262314968879e-04
3065	1.935957165438706e-04	1.949844599758046e-04
3142	1.901671792255977e-04	1.905460717963246e-04
3201	1.808077249820794e-04	1.819700858609983e-04
3225	1.740024120465700e-04	1.778279410038923e-04
3242	1.730456062151164e-04	1.737800828749376e-04
3326	1.695031313327933e-04	1.698243652461744e-04
3425	1.652239400109501e-04	1.659586907437562e-04
3430	1.605859172031376e-04	1.621810097358930e-04
3506	1.580647269965318e-04	1.584893192461114e-04
3538	1.519861573079373e-04	1.548816618912481e-04
3556	1.501771900330739e-04	1.513561248436209e-04
3586	1.460487201863092e-04	1.479108388168207e-04
3619	1.443994908613133e-04	1.445439770745928e-04
3649	1.412422019227977e-04	1.412537544622754e-04
3694	1.368298298340953e-04	1.380384264602885e-04
3713	1.347720256955620e-04	1.348962882591653e-04
3834	1.318008419307626e-04	1.318256738556407e-04
4017	1.287146321676813e-04	1.288249551693134e-04
4327	1.115539712062130e-04	1.122018454301963e-04
8002	1.115412802484839e-04	1.122018454301963e-04
%
% index = 89, name = bbob_f001_i21_d02__bbob_f020_i22_d02
% instance = 10, reference value = 8.698475119776000e-01
% function evaluation | indicator value | target hit
1	6.522771394418100e+00	6.606934480075959e+00
128	4.597282116602099e+00	4.677351412871983e+00
216	9.716551611465999e-01	9.772372209558107e-01
217	5.451256194995315e-01	5.495408738576245e-01
306	4.575133585453549e-01	4.677351412871982e-01
342	4.221266245078021e-01	4.265795188015927e-01
362	4.084486500254764e-01	4.168693834703354e-01
376	4.056021153438596e-01	4.073802778041127e-01
414	3.512296327578223e-01	3.548133892335755e-01
426	3.399842222741177e-01	3.467368504525316e-01
429	3.329420710850263e-01	3.388441561392025e-01
431	3.292631675346163e-01	3.311311214825911e-01
452	3.233968832959642e-01	3.235936569296283e-01
453	3.151553517361757e-01	3.162277660168379e-01
460	2.594989301578029e-01	2.630267991895382e-01
462	2.563038267640019e-01	2.570395782768864e-01
468	1.677784520863849e-01	1.698243652461744e-01
469	1.337179913187960e-01	1.348962882591654e-01
486	1.031612532716376e-01	1.047128548050900e-01
487	9.715195704395785e-02	9.772372209558107e-02
514	9.478571378864276e-02	9.549925860214359e-02
563	9.286396997714708e-02	9.332543007969910e-02
564	8.799149760093339e-02	8.912509381337455e-02
565	8.334803223740295e-02	8.511380382023763e-02
570	7.269971275620135e-02	7.413102413009177e-02
572	6.918141605708028e-02	6.918309709189366e-02
573	6.686556506232788e-02	6.760829753919818e-02
574	6.482415499941119e-02	6.606934480075961e-02
578	6.449066814923077e-02	6.456542290346556e-02
589	6.055193425513683e-02	6.165950018614822e-02
598	5.972974969588429e-02	6.025595860743578e-02
602	5.861002229854673e-02	5.888436553555890e-02
606	5.671979267298077e-02	5.754399373371569e-02
608	5.331967242148117e-02	5.370317963702527e-02
609	5.164271283123612e-02	5.248074602497726e-02
610	4.885413763625190e-02	4.897788193684462e-02
616	3.679013239928464e-02	3.715352290971726e-02
622	3.609759954007496e-02	3.630780547701014e-02
626	3.338964771620712e-02	3.388441561392026e-02
627	3.234112187298921e-02	3.235936569296283e-02
629	3.143822590573409e-02	3.162277660168379e-02
650	3.015848525390952e-02	3.019951720402016e-02
656	2.870184609959148e-02	2.884031503126606e-02
660	2.774088384289564e-02	2.818382931264454e-02
666	2.742024674626231e-02	2.754228703338166e-02
668	2.675532054300789e-02	2.691534803926915e-02
671	2.570712168588341e-02	2.630267991895381e-02
675	2.517851831165208e-02	2.570395782768863e-02
685	2.510553011558114e-02	2.511886431509579e-02
688	2.422487158823938e-02	2.454708915685030e-02
690	2.388981437596960e-02	2.398832919019490e-02
696	2.171655910003711e-02	2.187761623949553e-02
707	2.111964727439075e-02	2.137962089502233e-02
709	2.050932814161088e-02	2.089296130854040e-02
710	2.040655470599251e-02	2.041737944669529e-02
714	1.990638202758854e-02	1.995262314968880e-02
716	1.823785066794326e-02	1.862087136662868e-02
718	1.808090298389475e-02	1.819700858609984e-02
729	1.766806718658287e-02	1.778279410038923e-02
732	1.729533342763279e-02	1.737800828749375e-02
733	1.682054949430434e-02	1.698243652461744e-02
734	1.640267799572959e-02	1.659586907437561e-02
737	1.616886097641379e-02	1.621810097358930e-02
740	1.575231498103236e-02	1.584893192461113e-02
752	1.540503465283993e-02	1.548816618912481e-02
759	1.512324951807686e-02	1.513561248436208e-02
760	1.384361059213435e-02	1.412537544622754e-02
764	1.379704047420927e-02	1.380384264602885e-02
776	1.287597779857430e-02	1.288249551693134e-02
782	1.246342585683002e-02	1.258925411794167e-02
788	1.218382756683900e-02	1.230268770812382e-02
791	1.157151361365216e-02	1.174897554939530e-02
794	1.135021089244759e-02	1.148153621496883e-02
807	1.119254307149964e-02	1.122018454301964e-02
810	9.285786057504963e-03	9.332543007969915e-03
814	8.875616868237457e-03	8.912509381337459e-03
824	8.696666339917281e-03	8.709635899560805e-03
830	7.476066005689175e-03	7.585775750291836e-03
833	7.402327598395875e-03	7.413102413009177e-03
838	7.238975018448168e-03	7.244359600749898e-03
851	6.320555121833604e-03	6.456542290346556e-03
852	6.163190402863949e-03	6.165950018614822e-03
856	5.966634179661923e-03	6.025595860743574e-03
862	5.867042955544410e-03	5.888436553555890e-03
864	5.739401075164352e-03	5.754399373371567e-03
872	5.621537550262734e-03	5.623413251903491e-03
878	5.352377915020079e-03	5.370317963702527e-03
884	5.224059449043139e-03	5.248074602497728e-03
888	5.122958618184570e-03	5.128613839913648e-03
896	4.915925014570721e-03	5.011872336272725e-03
898	4.885839483326548e-03	4.897788193684461e-03
910	4.782054149815584e-03	4.786300923226385e-03
920	4.585107164524982e-03	4.677351412871981e-03
923	4.570209864207087e-03	4.570881896148752e-03
936	4.453123730704056e-03	4.466835921509630e-03
944	4.345282149823659e-03	4.365158322401661e-03
955	3.863288104160811e-03	3.890451449942805e-03
960	3.799432044993556e-03	3.801893963205613e-03
975	3.714140745895045e-03	3.715352290971724e-03
994	3.608307897385532e-03	3.630780547701014e-03
1010	3.546257657908281e-03	3.548133892335753e-03
1026	3.450023720777518e-03	3.467368504525317e-03
1027	3.369519137304100e-03	3.388441561392024e-03
1040	3.310866466986084e-03	3.311311214825911e-03
1069	3.234447094650261e-03	3.235936569296281e-03
1090	3.153346601449725e-03	3.162277660168379e-03
1117	3.082880796344445e-03	3.090295432513592e-03
1128	3.019404527025316e-03	3.019951720402016e-03
1161	2.951072192200699e-03	2.951209226666387e-03
1205	2.875651454914196e-03	2.884031503126605e-03
1220	2.810206068812215e-03	2.818382931264455e-03
1254	2.751771784292090e-03	2.754228703338166e-03
1317	2.685060175691589e-03	2.691534803926917e-03
1342	2.627075782454802e-03	2.630267991895381e-03
1386	2.570364325736096e-03	2.570395782768865e-03
1393	2.347195789742962e-03	2.398832919019490e-03
1397	2.342184000973524e-03	2.344228815319923e-03
1443	2.288113504884781e-03	2.290867652767772e-03
1476	2.224557478938793e-03	2.238721138568340e-03
1496	2.182123945860481e-03	2.187761623949552e-03
1514	2.137502293944826e-03	2.137962089502233e-03
1548	2.084748497954814e-03	2.089296130854039e-03
1603	2.039433456329842e-03	2.041737944669530e-03
1642	1.993630730889318e-03	1.995262314968879e-03
1733	1.946764915533250e-03	1.949844599758046e-03
1820	1.898226035774719e-03	1.905460717963246e-03
1833	1.861846082549579e-03	1.862087136662868e-03
1893	1.464962092028288e-03	1.479108388168207e-03
1931	1.213844973290246e-03	1.230268770812381e-03
1940	1.111851595596791e-03	1.122018454301963e-03
1971	1.096085728744089e-03	1.096478196143185e-03
2011	1.068545562519563e-03	1.071519305237606e-03
2063	1.045172729247201e-03	1.047128548050900e-03
2064	1.022445615265655e-03	1.023292992280754e-03
2119	9.998649059097531e-04	1.000000000000000e-03
2150	9.192719064992083e-04	9.332543007969915e-04
2156	9.088201093430115e-04	9.120108393559096e-04
2232	8.902319910233381e-04	8.912509381337459e-04
2308	8.705392409149582e-04	8.709635899560805e-04
2334	8.509417014241905e-04	8.511380382023768e-04
2438	8.315789309657484e-04	8.317637711026709e-04
2522	8.128281447424834e-04	8.128305161640995e-04
2618	7.901898715263478e-04	7.943282347242813e-04
2727	7.760705745765151e-04	7.762471166286919e-04
2793	7.509544939676704e-04	7.585775750291835e-04
2894	7.410748342178142e-04	7.413102413009177e-04
3062	6.828193023337148e-04	6.918309709189362e-04
3077	6.707929219668118e-04	6.760829753919819e-04
3115	6.578031488559954e-04	6.606934480075957e-04
3250	6.456435683870332e-04	6.456542290346556e-04
3353	6.306966040783291e-04	6.309573444801930e-04
3485	6.145987991055257e-04	6.165950018614823e-04
3553	5.635261282230797e-04	5.754399373371566e-04
3572	5.603088137848822e-04	5.623413251903491e-04
3593	5.391614302246994e-04	5.495408738576248e-04
3628	5.366605986831807e-04	5.370317963702527e-04
3651	5.247949271335317e-04	5.248074602497728e-04
3702	5.128576310098332e-04	5.128613839913648e-04
3940	5.009916716565144e-04	5.011872336272725e-04
3987	4.896235564469942e-04	4.897788193684461e-04
4073	4.785749420480601e-04	4.786300923226385e-04
6245	3.910274526059965e-04	3.981071705534974e-04
6321	3.850283859451187e-04	3.890451449942805e-04
6347	3.322368722630253e-04	3.388441561392024e-04
6371	3.278359429492728e-04	3.311311214825911e-04
6372	3.230124006061708e-04	3.235936569296281e-04
6411	3.122269115852783e-04	3.162277660168379e-04
6506	2.917292461139809e-04	2.951209226666387e-04
6507	2.881776961647375e-04	2.884031503126605e-04
6553	2.817056849196975e-04	2.818382931264455e-04
6657	2.752136544724726e-04	2.754228703338166e-04
6745	2.683044567818316e-04	2.691534803926917e-04
7094	2.620407532927249e-04	2.630267991895381e-04
7226	2.569281609214880e-04	2.570395782768865e-04
7361	2.505230131328862e-04	2.511886431509580e-04
7497	2.452648298528759e-04	2.454708915685031e-04
7638	2.398575344696452e-04	2.398832919019490e-04
7850	2.339733190778182e-04	2.344228815319923e-04
8002	2.294339096515774e-04	2.344228815319923e-04
