%
% index = 340, name = bbob_f013_i02_d02__bbob_f013_i04_d02
% instance = 1, reference value = 9.281631289544110e-01
% function evaluation | indicator value | target hit
1	7.900612064141482e-01	7.943282347242815e-01
356	7.729159317762337e-01	7.762471166286917e-01
382	6.664581424090905e-01	6.760829753919817e-01
569	6.511497787212177e-01	6.606934480075960e-01
602	5.186087641706726e-01	5.248074602497725e-01
734	4.943441617009346e-01	5.011872336272722e-01
805	4.431714678245512e-01	4.466835921509631e-01
814	4.187347190659897e-01	4.265795188015927e-01
847	3.375496223619301e-01	3.388441561392025e-01
862	3.265824309586833e-01	3.311311214825911e-01
871	3.214725615831888e-01	3.235936569296283e-01
914	2.622966125165358e-01	2.630267991895382e-01
1041	2.611400662624845e-01	2.630267991895382e-01
%
% index = 341, name = bbob_f013_i03_d02__bbob_f013_i05_d02
% instance = 2, reference value = 5.024416478989699e-01
% function evaluation | indicator value | target hit
1	2.521468513499595e-01	2.570395782768864e-01
101	2.143626011389100e-01	2.187761623949552e-01
163	1.656231557399693e-01	1.659586907437560e-01
188	1.583222470880855e-01	1.584893192461113e-01
193	1.502338764118738e-01	1.513561248436208e-01
199	1.403822323880508e-01	1.412537544622754e-01
272	1.340550743031277e-01	1.348962882591654e-01
296	1.314065306331129e-01	1.318256738556407e-01
327	1.222408471286355e-01	1.230268770812381e-01
331	1.165919912561903e-01	1.174897554939529e-01
347	1.143092971239271e-01	1.148153621496883e-01
349	9.798545994378915e-02	1.000000000000000e-01
352	9.591450250278893e-02	9.772372209558107e-02
355	9.498102319202695e-02	9.549925860214359e-02
401	9.325888731431548e-02	9.332543007969910e-02
441	9.115796468676890e-02	9.120108393559097e-02
542	8.899833335144514e-02	8.912509381337455e-02
576	8.709002525624432e-02	8.709635899560805e-02
628	8.242710616727472e-02	8.317637711026708e-02
686	8.011138208157620e-02	8.128305161640990e-02
741	7.885998706473524e-02	7.943282347242814e-02
799	7.722967356669563e-02	7.762471166286916e-02
812	7.403319732458924e-02	7.413102413009177e-02
873	7.197549888879023e-02	7.244359600749903e-02
883	7.073324340283488e-02	7.079457843841380e-02
931	6.892160620437549e-02	6.918309709189366e-02
944	6.746988081431582e-02	6.760829753919818e-02
984	6.600571828222895e-02	6.606934480075961e-02
1041	6.556771255471205e-02	6.606934480075961e-02
%
% index = 342, name = bbob_f013_i07_d02__bbob_f013_i08_d02
% instance = 3, reference value = 8.754950499235490e-01
% function evaluation | indicator value | target hit
1	6.329399493300482e-01	6.456542290346555e-01
56	6.220125262376550e-01	6.309573444801932e-01
61	4.264823253023252e-01	4.265795188015927e-01
88	3.256555327725009e-01	3.311311214825911e-01
105	3.031452564467341e-01	3.090295432513591e-01
155	2.906545679775041e-01	2.951209226666385e-01
282	2.749970358720114e-01	2.754228703338166e-01
338	2.685680334723826e-01	2.691534803926916e-01
345	2.622486804017397e-01	2.630267991895382e-01
418	2.561385329444368e-01	2.570395782768864e-01
487	2.494842687213648e-01	2.511886431509580e-01
563	1.698562504313710e-01	1.737800828749375e-01
578	1.695116137743822e-01	1.698243652461744e-01
639	1.368997769148649e-01	1.380384264602885e-01
641	1.159284638928575e-01	1.174897554939529e-01
658	1.119248737288899e-01	1.122018454301964e-01
701	1.070851037323178e-01	1.071519305237607e-01
706	9.197430316893673e-02	9.332543007969910e-02
805	8.207043921025714e-02	8.317637711026708e-02
819	7.759579599247224e-02	7.762471166286916e-02
822	7.292697396282977e-02	7.413102413009177e-02
826	7.222341097963925e-02	7.244359600749903e-02
849	7.076850698206361e-02	7.079457843841380e-02
867	6.774138029639054e-02	6.918309709189366e-02
874	6.430175334141719e-02	6.456542290346556e-02
894	5.977166204822548e-02	6.025595860743578e-02
938	5.864123570734381e-02	5.888436553555890e-02
973	5.729475520857319e-02	5.754399373371569e-02
988	5.555449520206956e-02	5.623413251903491e-02
992	5.334101728473295e-02	5.370317963702527e-02
1027	5.221553748709129e-02	5.248074602497726e-02
1041	5.221553748709129e-02	5.248074602497726e-02
%
% index = 343, name = bbob_f013_i09_d02__bbob_f013_i10_d02
% instance = 4, reference value = 8.182495508956290e-01
% function evaluation | indicator value | target hit
1	1.122930268949629e+00	1.148153621496883e+00
340	1.112742391917629e+00	1.122018454301963e+00
366	5.257485099406934e-01	5.370317963702527e-01
595	4.735750704666429e-01	4.786300923226383e-01
602	4.413163100855576e-01	4.466835921509631e-01
673	4.331759421882437e-01	4.365158322401660e-01
724	3.524738644131157e-01	3.548133892335755e-01
809	3.415580216620636e-01	3.467368504525316e-01
828	3.368645224048994e-01	3.388441561392025e-01
850	3.222557951005735e-01	3.235936569296283e-01
893	3.057645248753763e-01	3.090295432513591e-01
915	3.016424854674378e-01	3.019951720402016e-01
1015	2.942268197594221e-01	2.951209226666385e-01
1041	2.933003266053205e-01	2.951209226666385e-01
%
% index = 344, name = bbob_f013_i11_d02__bbob_f013_i12_d02
% instance = 5, reference value = 5.727753042133310e-01
% function evaluation | indicator value | target hit
1	3.242976883317524e-01	3.311311214825911e-01
151	1.948327652412593e-01	1.949844599758045e-01
336	1.714656712622617e-01	1.737800828749375e-01
380	1.304018266783969e-01	1.318256738556407e-01
408	1.210408709203916e-01	1.230268770812381e-01
422	1.148233683103925e-01	1.174897554939529e-01
431	1.147573989401061e-01	1.148153621496883e-01
472	1.050365100648595e-01	1.071519305237607e-01
518	9.794130366438536e-02	1.000000000000000e-01
535	7.962428552312939e-02	8.128305161640990e-02
547	7.797494769947583e-02	7.943282347242814e-02
562	7.394573344642502e-02	7.413102413009177e-02
564	6.905835865240895e-02	6.918309709189366e-02
569	6.424162439423076e-02	6.456542290346556e-02
577	6.289859017513866e-02	6.309573444801933e-02
579	6.131496041905815e-02	6.165950018614822e-02
583	6.003606581865029e-02	6.025595860743578e-02
584	5.759575191220889e-02	5.888436553555890e-02
585	5.671675836320100e-02	5.754399373371569e-02
595	4.513817898661521e-02	4.570881896148749e-02
599	4.374179013379520e-02	4.466835921509630e-02
601	4.337447904701797e-02	4.365158322401658e-02
602	4.199509261805334e-02	4.265795188015926e-02
604	4.155028071462230e-02	4.168693834703355e-02
616	3.911656489095949e-02	3.981071705534973e-02
619	3.887995090634089e-02	3.890451449942807e-02
620	3.719133213316950e-02	3.801893963205612e-02
627	3.714315368927601e-02	3.715352290971726e-02
630	3.629403561231304e-02	3.630780547701014e-02
638	3.539198065178872e-02	3.548133892335755e-02
663	3.426348419504843e-02	3.467368504525317e-02
678	3.370801132482759e-02	3.388441561392026e-02
695	3.283452013043564e-02	3.311311214825911e-02
703	3.155016152044654e-02	3.162277660168379e-02
728	3.086501108909268e-02	3.090295432513590e-02
735	3.009086626296098e-02	3.019951720402016e-02
740	2.934718904506417e-02	2.951209226666385e-02
754	2.857610889435791e-02	2.884031503126606e-02
763	2.751142848079247e-02	2.754228703338166e-02
784	2.690500427837927e-02	2.691534803926915e-02
802	2.622458624406809e-02	2.630267991895381e-02
805	2.482418694861355e-02	2.511886431509579e-02
816	2.446452089036166e-02	2.454708915685030e-02
827	2.384324969482787e-02	2.398832919019490e-02
832	2.336064534695859e-02	2.344228815319923e-02
851	2.245502705822611e-02	2.290867652767773e-02
853	2.228519251804284e-02	2.238721138568340e-02
855	2.174433637966078e-02	2.187761623949553e-02
872	2.123754823787083e-02	2.137962089502233e-02
886	2.053814740601634e-02	2.089296130854040e-02
892	2.024051406804994e-02	2.041737944669529e-02
906	1.993774946176530e-02	1.995262314968880e-02
916	1.947656749228643e-02	1.949844599758046e-02
930	1.902460156389740e-02	1.905460717963247e-02
931	1.860482038953182e-02	1.862087136662868e-02
938	1.813867508196465e-02	1.819700858609984e-02
957	1.767202312162419e-02	1.778279410038923e-02
983	1.737134066063895e-02	1.737800828749375e-02
1018	1.692968815515705e-02	1.698243652461744e-02
1019	1.636611602825888e-02	1.659586907437561e-02
1024	1.616027054968250e-02	1.621810097358930e-02
1037	1.572952839855202e-02	1.584893192461113e-02
1041	1.572750108357690e-02	1.584893192461113e-02
%
% index = 345, name = bbob_f013_i13_d02__bbob_f013_i14_d02
% instance = 6, reference value = 9.805267944248840e-01
% function evaluation | indicator value | target hit
1	4.178450572992234e-01	4.265795188015927e-01
113	3.061959737919483e-01	3.090295432513591e-01
139	2.392589944927622e-01	2.398832919019490e-01
147	2.054771620559185e-01	2.089296130854039e-01
265	2.030601966958026e-01	2.041737944669530e-01
340	1.970869213055036e-01	1.995262314968880e-01
343	1.927678361394983e-01	1.949844599758045e-01
348	1.881394558038300e-01	1.905460717963247e-01
358	1.602325673693795e-01	1.621810097358930e-01
362	1.582821575273734e-01	1.584893192461113e-01
401	1.531462523436948e-01	1.548816618912481e-01
428	1.503932756364633e-01	1.513561248436208e-01
450	1.444784127481390e-01	1.445439770745928e-01
490	1.400144882183548e-01	1.412537544622754e-01
544	1.362649055130720e-01	1.380384264602885e-01
550	1.342780255251494e-01	1.348962882591654e-01
552	1.317252218944764e-01	1.318256738556407e-01
585	1.287637388540107e-01	1.288249551693134e-01
598	1.257458332457499e-01	1.258925411794167e-01
607	1.193049642939156e-01	1.202264434617413e-01
697	1.154219734322871e-01	1.174897554939529e-01
714	1.081264634416170e-01	1.096478196143185e-01
750	1.071181765548017e-01	1.071519305237607e-01
818	1.041232640923268e-01	1.047128548050900e-01
845	1.008852570965738e-01	1.023292992280754e-01
851	9.997114741635549e-02	1.000000000000000e-01
876	9.769868189422337e-02	9.772372209558107e-02
912	9.506492411293699e-02	9.549925860214359e-02
1041	9.338245167459547e-02	9.549925860214359e-02
%
% index = 346, name = bbob_f013_i15_d02__bbob_f013_i16_d02
% instance = 7, reference value = 9.900944911641670e-01
% function evaluation | indicator value | target hit
1	9.210460578191972e-01	9.332543007969910e-01
88	7.502194603140795e-01	7.585775750291838e-01
143	6.413651493247488e-01	6.456542290346555e-01
264	3.640351819166383e-01	3.715352290971726e-01
270	1.712817697091015e-01	1.737800828749375e-01
344	1.311836072049192e-01	1.318256738556407e-01
393	5.703866418979697e-02	5.754399373371569e-02
563	4.300832646655883e-02	4.365158322401658e-02
574	3.969161800099186e-02	3.981071705534973e-02
587	2.919358822626372e-02	2.951209226666385e-02
668	2.482923136488968e-02	2.511886431509579e-02
790	2.431952929022385e-02	2.454708915685030e-02
822	2.161885725438129e-02	2.187761623949553e-02
859	2.133789390740137e-02	2.137962089502233e-02
905	1.907327679343951e-02	1.949844599758046e-02
985	1.903501116044026e-02	1.905460717963247e-02
1041	1.868740910645783e-02	1.905460717963247e-02
%
% index = 347, name = bbob_f013_i17_d02__bbob_f013_i18_d02
% instance = 8, reference value = 5.850234135962740e-01
% function evaluation | indicator value | target hit
1	3.130462093093114e-01	3.162277660168379e-01
171	2.957659741184004e-01	3.019951720402016e-01
266	2.924640488672387e-01	2.951209226666385e-01
323	2.822796131283614e-01	2.884031503126606e-01
325	2.776448353106874e-01	2.818382931264454e-01
330	2.609597664781627e-01	2.630267991895382e-01
451	1.693366808300216e-01	1.698243652461744e-01
522	1.573399902056004e-01	1.584893192461113e-01
599	1.543556299504906e-01	1.548816618912481e-01
629	1.509376974518917e-01	1.513561248436208e-01
672	1.477001561145759e-01	1.479108388168208e-01
674	1.381190981774045e-01	1.412537544622754e-01
683	1.378518444416274e-01	1.380384264602885e-01
692	1.095140812994368e-01	1.096478196143185e-01
704	1.064979744349761e-01	1.071519305237607e-01
725	9.934489378580946e-02	1.000000000000000e-01
818	9.721012837045917e-02	9.772372209558107e-02
848	9.196416909208865e-02	9.332543007969910e-02
850	8.837529714841147e-02	8.912509381337455e-02
855	8.328149194865619e-02	8.511380382023763e-02
867	8.290376578867797e-02	8.317637711026708e-02
909	8.128138023755671e-02	8.128305161640990e-02
935	6.818412154837494e-02	6.918309709189366e-02
938	6.692569429351936e-02	6.760829753919818e-02
963	6.573187840894457e-02	6.606934480075961e-02
977	6.339825807573696e-02	6.456542290346556e-02
1021	6.263237707382696e-02	6.309573444801933e-02
1041	6.231626321308892e-02	6.309573444801933e-02
%
% index = 348, name = bbob_f013_i19_d02__bbob_f013_i21_d02
% instance = 9, reference value = 8.119801499280680e-01
% function evaluation | indicator value | target hit
1	6.425594646414720e-01	6.456542290346555e-01
199	6.263345614524021e-01	6.309573444801932e-01
233	4.693158890859013e-01	4.786300923226383e-01
255	4.653519232259993e-01	4.677351412871982e-01
283	3.614704855029853e-01	3.630780547701014e-01
323	3.391014817392409e-01	3.467368504525316e-01
335	3.330658117251083e-01	3.388441561392025e-01
352	3.285224662576975e-01	3.311311214825911e-01
377	3.128874951388265e-01	3.162277660168379e-01
418	3.068816753033050e-01	3.090295432513591e-01
451	2.932669907119394e-01	2.951209226666385e-01
453	2.534884976267909e-01	2.570395782768864e-01
530	2.501378532240958e-01	2.511886431509580e-01
565	2.294515938210020e-01	2.344228815319922e-01
597	2.228897979607923e-01	2.238721138568339e-01
703	2.035357471430664e-01	2.041737944669530e-01
761	1.969619975434419e-01	1.995262314968880e-01
794	1.943678909698208e-01	1.949844599758045e-01
809	1.900071599349927e-01	1.905460717963247e-01
829	1.856025673510878e-01	1.862087136662867e-01
850	1.806405364611277e-01	1.819700858609984e-01
898	1.760665694311204e-01	1.778279410038923e-01
945	1.730148119158903e-01	1.737800828749375e-01
970	1.682812909753458e-01	1.698243652461744e-01
986	1.630766130908508e-01	1.659586907437560e-01
994	1.603316976915767e-01	1.621810097358930e-01
1041	1.587776279792991e-01	1.621810097358930e-01
%
% index = 349, name = bbob_f013_i21_d02__bbob_f013_i22_d02
% instance = 10, reference value = 9.975307324723141e-01
% function evaluation | indicator value | target hit
1	4.180707422658784e+00	4.265795188015927e+00
354	3.743276121217314e+00	3.801893963205611e+00
369	3.437238718258555e+00	3.467368504525317e+00
698	3.374094054297682e+00	3.388441561392026e+00
811	3.115915456873551e+00	3.162277660168380e+00
892	2.874370358238210e+00	2.884031503126606e+00
1041	2.874370358238210e+00	2.884031503126606e+00
