%
% index = 10, name = bbob_f001_i02_d02__bbob_f002_i04_d02
% instance = 1, reference value = 9.958225560608430e-01
% function evaluation | indicator value | target hit
1	2.371154359423378e+01	2.398832919019490e+01
331	2.315846793261949e+01	2.344228815319923e+01
427	1.193163409455130e+01	1.202264434617413e+01
563	9.441562439994343e+00	9.549925860214358e+00
586	5.808223983595985e+00	5.888436553555890e+00
767	5.293094611684539e+00	5.370317963702527e+00
813	1.013510690374343e+00	1.023292992280754e+00
949	1.124192299361018e-01	1.148153621496883e-01
963	8.966933939950705e-02	9.120108393559097e-02
1041	8.966933939950705e-02	9.120108393559097e-02
%
% index = 11, name = bbob_f001_i03_d02__bbob_f002_i05_d02
% instance = 2, reference value = 9.178927663757430e-01
% function evaluation | indicator value | target hit
1	8.563792552979094e-01	8.709635899560807e-01
113	8.372892550518684e-01	8.511380382023764e-01
143	8.219281762126892e-01	8.317637711026710e-01
201	4.312640898846883e-01	4.365158322401660e-01
219	4.214312408536154e-01	4.265795188015927e-01
358	3.573459161709553e-01	3.630780547701014e-01
372	3.541086183158397e-01	3.548133892335755e-01
396	2.762538809671444e-01	2.818382931264454e-01
418	1.912607805016759e-01	1.949844599758045e-01
471	1.889392155345047e-01	1.905460717963247e-01
504	1.418622591609779e-01	1.445439770745928e-01
563	1.402254328355540e-01	1.412537544622754e-01
566	9.464624040173875e-02	9.549925860214359e-02
570	9.052242592523307e-02	9.120108393559097e-02
624	8.550444027277471e-02	8.709635899560805e-02
630	8.240276152887105e-02	8.317637711026708e-02
631	7.633367793140255e-02	7.762471166286916e-02
633	6.971272459040001e-02	7.079457843841380e-02
649	5.824596060436571e-02	5.888436553555890e-02
690	5.337665208925868e-02	5.370317963702527e-02
707	4.738150935961605e-02	4.786300923226382e-02
746	4.573929944975064e-02	4.677351412871981e-02
779	4.330090615859472e-02	4.365158322401658e-02
785	3.926685787236672e-02	3.981071705534973e-02
803	2.984456653452783e-02	3.019951720402016e-02
804	2.842009419504921e-02	2.884031503126606e-02
813	2.792979359595338e-02	2.818382931264454e-02
825	2.587405567473700e-02	2.630267991895381e-02
831	2.569924878603247e-02	2.570395782768863e-02
838	2.493401082893587e-02	2.511886431509579e-02
875	2.301046139309992e-02	2.344228815319923e-02
880	2.162323941592870e-02	2.187761623949553e-02
881	2.021193611264938e-02	2.041737944669529e-02
908	1.974377757350310e-02	1.995262314968880e-02
909	1.861541195852778e-02	1.862087136662868e-02
923	1.785791856092234e-02	1.819700858609984e-02
933	1.756981978690431e-02	1.778279410038923e-02
946	1.732648870291909e-02	1.737800828749375e-02
984	1.694906273949714e-02	1.698243652461744e-02
1004	1.515255610657285e-02	1.548816618912481e-02
1005	1.384988270186671e-02	1.412537544622754e-02
1006	1.363095919324397e-02	1.380384264602885e-02
1009	1.240286329994900e-02	1.258925411794167e-02
1010	1.226765698671872e-02	1.230268770812382e-02
1041	1.208047312290383e-02	1.230268770812382e-02
%
% index = 12, name = bbob_f001_i07_d02__bbob_f002_i08_d02
% instance = 3, reference value = 9.909791548166910e-01
% function evaluation | indicator value | target hit
1	1.891142610863191e+00	1.905460717963247e+00
231	1.408833205230691e+00	1.412537544622754e+00
366	1.302612889671191e+00	1.318256738556407e+00
406	1.282057315591191e+00	1.288249551693134e+00
465	1.096188993551691e+00	1.096478196143185e+00
481	1.045010520104191e+00	1.047128548050900e+00
578	6.230987823728539e-01	6.309573444801932e-01
778	2.477725514205995e-01	2.511886431509580e-01
814	3.989386272056661e-02	4.073802778041128e-02
838	3.323084751694760e-02	3.388441561392026e-02
899	3.156987057169958e-02	3.162277660168379e-02
1041	3.103829305806305e-02	3.162277660168379e-02
%
% index = 13, name = bbob_f001_i09_d02__bbob_f002_i10_d02
% instance = 4, reference value = 9.562802206446380e-01
% function evaluation | indicator value | target hit
1	1.497676710743507e+00	1.513561248436208e+00
149	1.116507910788585e+00	1.122018454301963e+00
351	1.061315788119638e+00	1.071519305237606e+00
555	9.611037527561380e-01	9.772372209558107e-01
607	9.544843745273904e-01	9.549925860214360e-01
936	9.077848787233018e-01	9.120108393559098e-01
1041	9.000977705428811e-01	9.120108393559098e-01
%
% index = 14, name = bbob_f001_i11_d02__bbob_f002_i12_d02
% instance = 5, reference value = 9.607492860742310e-01
% function evaluation | indicator value | target hit
1	4.620400102083456e+01	4.677351412871981e+01
191	3.499805468807305e+01	3.548133892335755e+01
333	1.688788358663663e+01	1.698243652461744e+01
591	5.142153768947033e+00	5.248074602497725e+00
809	2.527240982254697e+00	2.570395782768863e+00
1041	2.527240982254697e+00	2.570395782768863e+00
%
% index = 15, name = bbob_f001_i13_d02__bbob_f002_i14_d02
% instance = 6, reference value = 8.753399863795390e-01
% function evaluation | indicator value | target hit
1	5.819304392400846e-01	5.888436553555889e-01
96	4.181139370861370e-01	4.265795188015927e-01
134	4.150506886891827e-01	4.168693834703354e-01
210	2.006970521785745e-01	2.041737944669530e-01
405	1.968067076101259e-01	1.995262314968880e-01
427	1.942679800752625e-01	1.949844599758045e-01
542	1.904530860409578e-01	1.905460717963247e-01
562	1.715933402832921e-01	1.737800828749375e-01
572	1.643521816399720e-01	1.659586907437560e-01
573	9.799327219723342e-02	1.000000000000000e-01
576	9.745099283969605e-02	9.772372209558107e-02
603	9.472441850736524e-02	9.549925860214359e-02
620	9.227666255718492e-02	9.332543007969910e-02
642	9.042955501283845e-02	9.120108393559097e-02
652	8.839429118856379e-02	8.912509381337455e-02
664	8.187284347064683e-02	8.317637711026708e-02
709	7.058654975822165e-02	7.079457843841380e-02
725	5.007133108140527e-02	5.011872336272722e-02
743	4.831430453164665e-02	4.897788193684462e-02
759	4.672069176328275e-02	4.677351412871981e-02
805	3.936357588242978e-02	3.981071705534973e-02
806	3.443795927163729e-02	3.467368504525317e-02
815	3.136367919115490e-02	3.162277660168379e-02
817	2.982772610831164e-02	3.019951720402016e-02
823	2.932546203326603e-02	2.951209226666385e-02
845	2.877927380385870e-02	2.884031503126606e-02
888	2.758906207767919e-02	2.818382931264454e-02
892	2.519192300355255e-02	2.570395782768863e-02
893	2.510769516801492e-02	2.511886431509579e-02
894	2.369522024314163e-02	2.398832919019490e-02
919	2.339787425715900e-02	2.344228815319923e-02
956	2.273443135124431e-02	2.290867652767773e-02
977	2.217963667060674e-02	2.238721138568340e-02
982	2.041061291535784e-02	2.041737944669529e-02
1041	2.035998889088497e-02	2.041737944669529e-02
%
% index = 16, name = bbob_f001_i15_d02__bbob_f002_i16_d02
% instance = 7, reference value = 8.323533355583180e-01
% function evaluation | indicator value | target hit
1	4.149131656829819e+00	4.168693834703354e+00
118	2.850954993512818e+00	2.884031503126606e+00
257	1.711794507323318e+00	1.737800828749375e+00
261	1.260829306381318e+00	1.288249551693134e+00
527	9.455312714808181e-01	9.549925860214360e-01
1041	9.455312714808181e-01	9.549925860214360e-01
%
% index = 17, name = bbob_f001_i17_d02__bbob_f002_i18_d02
% instance = 8, reference value = 8.294165112709000e-01
% function evaluation | indicator value | target hit
1	1.132807331444900e+00	1.148153621496883e+00
229	8.762712031004001e-01	8.912509381337456e-01
569	8.688209654379000e-01	8.709635899560807e-01
581	8.264833926714600e-01	8.317637711026710e-01
676	8.083069539276456e-01	8.128305161640993e-01
812	7.846092467741426e-01	7.943282347242815e-01
1041	7.846042266426814e-01	7.943282347242815e-01
%
% index = 18, name = bbob_f001_i19_d02__bbob_f002_i21_d02
% instance = 9, reference value = 9.918762323774470e-01
% function evaluation | indicator value | target hit
1	7.481316492909446e+00	7.585775750291837e+00
382	7.137131781537446e+00	7.244359600749901e+00
390	1.669850445436947e+00	1.698243652461744e+00
520	1.030321096326447e+00	1.047128548050900e+00
624	8.996584132230951e-01	9.120108393559098e-01
720	6.452716402000680e-01	6.456542290346555e-01
773	6.138612846302117e-01	6.165950018614822e-01
806	6.020761489979682e-01	6.025595860743578e-01
837	3.050181471454476e-01	3.090295432513591e-01
1041	3.050181471454476e-01	3.090295432513591e-01
%
% index = 19, name = bbob_f001_i21_d02__bbob_f002_i22_d02
% instance = 10, reference value = 9.474123664886910e-01
% function evaluation | indicator value | target hit
1	4.495871162876678e-01	4.570881896148750e-01
149	3.973990376108882e-01	3.981071705534972e-01
177	2.324047602567844e-01	2.344228815319922e-01
311	1.563853750735925e-01	1.584893192461113e-01
367	1.470484745241890e-01	1.479108388168208e-01
503	1.420095061698302e-01	1.445439770745928e-01
571	1.329281300260162e-01	1.348962882591654e-01
618	1.037496365520726e-01	1.047128548050900e-01
631	8.614308451726449e-02	8.709635899560805e-02
647	5.673091778883010e-02	5.754399373371569e-02
690	4.473183706444728e-02	4.570881896148749e-02
772	4.465248678304368e-02	4.466835921509630e-02
782	3.495567384405607e-02	3.548133892335755e-02
812	3.443050136789894e-02	3.467368504525317e-02
836	2.549333705604229e-02	2.570395782768863e-02
851	2.392088237903056e-02	2.398832919019490e-02
855	2.324117270663983e-02	2.344228815319923e-02
857	2.215586034919259e-02	2.238721138568340e-02
913	2.182876938812850e-02	2.187761623949553e-02
950	2.131675640239472e-02	2.137962089502233e-02
968	1.918685502988793e-02	1.949844599758046e-02
992	1.903677955152627e-02	1.905460717963247e-02
1021	1.846674464421538e-02	1.862087136662868e-02
1041	1.842221083582551e-02	1.862087136662868e-02
