%
% index = 520, name = bbob_f020_i02_d02__bbob_f020_i04_d02
% instance = 1, reference value = 9.978756790820220e-01
% function evaluation | indicator value | target hit
1	3.288609022773316e-01	3.311311214825911e-01
25	1.916810689711461e-01	1.949844599758045e-01
128	6.332679621463333e-02	6.456542290346556e-02
234	6.192924450822357e-02	6.309573444801933e-02
249	5.555303833881642e-02	5.623413251903491e-02
261	4.956031046628628e-02	5.011872336272722e-02
269	4.690434245163833e-02	4.786300923226382e-02
299	4.527199761976153e-02	4.570881896148749e-02
305	4.312404431811978e-02	4.365158322401658e-02
316	3.799441255473868e-02	3.801893963205612e-02
320	2.846238383222133e-02	2.884031503126606e-02
324	2.400691081097117e-02	2.454708915685030e-02
325	1.102847058880951e-02	1.122018454301964e-02
331	5.156706491114216e-03	5.248074602497728e-03
365	4.453517556547215e-03	4.466835921509630e-03
375	4.182869498669084e-03	4.265795188015926e-03
379	3.433665131512331e-03	3.467368504525317e-03
408	3.322011838017058e-03	3.388441561392024e-03
417	2.898286385843329e-03	2.951209226666387e-03
420	2.821313830259187e-03	2.884031503126605e-03
423	2.681159088306018e-03	2.691534803926917e-03
434	2.612551453721523e-03	2.630267991895381e-03
436	2.460779901195087e-03	2.511886431509579e-03
450	2.432800323526996e-03	2.454708915685031e-03
457	2.245838091992636e-03	2.290867652767772e-03
482	2.061587975166201e-03	2.089296130854039e-03
484	2.029502156961294e-03	2.041737944669530e-03
485	1.969116218540012e-03	1.995262314968879e-03
490	1.648161581265684e-03	1.659586907437561e-03
498	1.538954220237976e-03	1.548816618912481e-03
501	1.513542833187720e-03	1.513561248436209e-03
504	1.049981413740020e-03	1.071519305237606e-03
505	1.041530005835400e-03	1.047128548050900e-03
511	9.318533807318730e-04	9.332543007969915e-04
518	8.893130724029197e-04	8.912509381337459e-04
520	8.378378682931675e-04	8.511380382023768e-04
521	8.041522925275046e-04	8.128305161640995e-04
527	7.761148120829509e-04	7.762471166286919e-04
544	6.766016775316963e-04	6.918309709189362e-04
549	6.642775576746196e-04	6.760829753919819e-04
552	6.436212695403176e-04	6.456542290346556e-04
559	6.276115598157217e-04	6.309573444801930e-04
567	5.977728935091520e-04	6.025595860743575e-04
571	5.537324406137412e-04	5.623413251903491e-04
576	5.388934542952528e-04	5.495408738576248e-04
584	5.001626499941958e-04	5.011872336272725e-04
601	4.873452295828251e-04	4.897788193684461e-04
606	4.770852858996255e-04	4.786300923226385e-04
609	4.620267377456466e-04	4.677351412871981e-04
612	4.539441755017082e-04	4.570881896148752e-04
621	4.404365315747727e-04	4.466835921509630e-04
623	4.300193119856077e-04	4.365158322401661e-04
625	4.261067457507206e-04	4.265795188015926e-04
635	4.153111974043444e-04	4.168693834703355e-04
644	4.006749897474959e-04	4.073802778041126e-04
645	3.955689452239675e-04	3.981071705534974e-04
648	3.804340059384570e-04	3.890451449942805e-04
650	3.696031713948944e-04	3.715352290971724e-04
653	3.626560297668169e-04	3.630780547701014e-04
662	3.534676663468073e-04	3.548133892335753e-04
672	3.442759061239586e-04	3.467368504525317e-04
677	3.386766279162012e-04	3.388441561392024e-04
684	3.274340777601470e-04	3.311311214825911e-04
686	3.218464195339221e-04	3.235936569296281e-04
687	3.154532780205166e-04	3.162277660168379e-04
700	3.057321658211931e-04	3.090295432513592e-04
720	3.010120953038653e-04	3.019951720402016e-04
728	2.716746031165007e-04	2.754228703338166e-04
732	2.540478692705239e-04	2.570395782768865e-04
733	2.502609525546484e-04	2.511886431509580e-04
741	2.446495463930276e-04	2.454708915685031e-04
754	2.393092168717637e-04	2.398832919019490e-04
768	2.326271507204769e-04	2.344228815319923e-04
778	2.282532382584801e-04	2.290867652767772e-04
783	2.208989481830015e-04	2.238721138568340e-04
790	2.183983697678915e-04	2.187761623949552e-04
816	2.136386362483478e-04	2.137962089502232e-04
830	2.073884023092720e-04	2.089296130854039e-04
845	2.041711133873303e-04	2.041737944669530e-04
876	1.993511655412616e-04	1.995262314968879e-04
891	1.896188336364402e-04	1.905460717963246e-04
910	1.845235594628569e-04	1.862087136662868e-04
924	1.802686616415583e-04	1.819700858609983e-04
941	1.776837447526880e-04	1.778279410038923e-04
965	1.735173427941383e-04	1.737800828749376e-04
992	1.697661698656372e-04	1.698243652461744e-04
1025	1.659296908848029e-04	1.659586907437562e-04
1048	1.612936814577859e-04	1.621810097358930e-04
1098	1.581150510711060e-04	1.584893192461114e-04
1145	1.543788358835396e-04	1.548816618912481e-04
1254	1.513508235676531e-04	1.513561248436209e-04
1439	1.479041922262114e-04	1.479108388168207e-04
1631	1.442004791525342e-04	1.445439770745928e-04
1728	1.412438588461740e-04	1.412537544622754e-04
1887	1.366495950525515e-04	1.380384264602885e-04
1954	1.348640495106856e-04	1.348962882591653e-04
2001	1.324180973095723e-04	1.348962882591653e-04
%
% index = 521, name = bbob_f020_i03_d02__bbob_f020_i05_d02
% instance = 2, reference value = 9.757307235296390e-01
% function evaluation | indicator value | target hit
1	1.572446378873575e-01	1.584893192461113e-01
212	1.194536107883470e-01	1.202264434617413e-01
258	9.278991867751818e-02	9.332543007969910e-02
267	8.878258103132664e-02	8.912509381337455e-02
286	3.739987783899457e-02	3.801893963205612e-02
297	2.919642420370516e-02	2.951209226666385e-02
315	2.116497458641486e-02	2.137962089502233e-02
355	1.769827945408919e-02	1.778279410038923e-02
361	1.682619656088824e-02	1.698243652461744e-02
382	1.657307456795953e-02	1.659586907437561e-02
389	1.481110181125267e-02	1.513561248436208e-02
404	1.408556152432172e-02	1.412537544622754e-02
410	1.329572705161741e-02	1.348962882591653e-02
412	1.282700964032246e-02	1.288249551693134e-02
415	9.789090670626610e-03	1.000000000000000e-02
418	9.098048049476448e-03	9.120108393559097e-03
424	8.906060097076063e-03	8.912509381337459e-03
449	7.581903274702428e-03	7.585775750291836e-03
455	7.051056293526647e-03	7.079457843841380e-03
464	6.880215126033429e-03	6.918309709189363e-03
467	6.042198129302512e-03	6.165950018614822e-03
471	5.979549938854412e-03	6.025595860743574e-03
475	5.641919662940920e-03	5.754399373371567e-03
477	5.621041270150617e-03	5.623413251903491e-03
482	4.291158207458401e-03	4.365158322401661e-03
484	4.264747221820131e-03	4.265795188015926e-03
492	4.078831438505848e-03	4.168693834703355e-03
493	4.044990324331144e-03	4.073802778041126e-03
502	3.911114407887717e-03	3.981071705534973e-03
503	3.875554077788168e-03	3.890451449942805e-03
504	3.792404656901005e-03	3.801893963205613e-03
511	3.697413151571793e-03	3.715352290971724e-03
513	3.200405477665536e-03	3.235936569296281e-03
516	3.024287584492580e-03	3.090295432513592e-03
519	2.978349408585435e-03	3.019951720402016e-03
520	2.900347797155867e-03	2.951209226666387e-03
521	2.816525275927573e-03	2.818382931264455e-03
535	2.736594375163715e-03	2.754228703338166e-03
541	2.448079443946094e-03	2.454708915685031e-03
552	2.221536474188879e-03	2.238721138568340e-03
555	2.184847844977744e-03	2.187761623949552e-03
562	2.128310241223619e-03	2.137962089502233e-03
569	2.078096979093669e-03	2.089296130854039e-03
575	1.929272746421073e-03	1.949844599758046e-03
577	1.904775038055750e-03	1.905460717963246e-03
581	1.856889922417948e-03	1.862087136662868e-03
590	1.799434920495280e-03	1.819700858609983e-03
593	1.761859629633045e-03	1.778279410038923e-03
594	1.674649299761133e-03	1.698243652461744e-03
596	1.645693286972394e-03	1.659586907437561e-03
599	1.587274962984608e-03	1.621810097358930e-03
600	1.581771433757817e-03	1.584893192461114e-03
604	1.538927820442515e-03	1.548816618912481e-03
614	1.467333030660267e-03	1.479108388168207e-03
619	1.432100255782220e-03	1.445439770745928e-03
623	1.323335698506622e-03	1.348962882591653e-03
625	1.315949730567478e-03	1.318256738556408e-03
627	1.113341143497704e-03	1.122018454301963e-03
629	1.089462535032393e-03	1.096478196143185e-03
634	1.070040048849363e-03	1.071519305237606e-03
639	1.037957538641554e-03	1.047128548050900e-03
648	1.021317427426838e-03	1.023292992280754e-03
658	9.836873494091236e-04	1.000000000000000e-03
660	9.669019401111756e-04	9.772372209558111e-04
664	9.542331301276574e-04	9.549925860214359e-04
671	9.023327810695481e-04	9.120108393559096e-04
676	8.454671282505100e-04	8.511380382023768e-04
683	7.965801450328103e-04	8.128305161640995e-04
686	7.942119712074369e-04	7.943282347242813e-04
700	7.755455558635660e-04	7.762471166286919e-04
714	7.553231054100440e-04	7.585775750291835e-04
722	7.410225283128735e-04	7.413102413009177e-04
735	7.231559242426577e-04	7.244359600749898e-04
744	6.928261207536091e-04	7.079457843841380e-04
745	6.721717708476627e-04	6.760829753919819e-04
754	6.496758955493176e-04	6.606934480075957e-04
761	6.436452301253892e-04	6.456542290346556e-04
766	6.234452407264390e-04	6.309573444801930e-04
773	6.137525013064637e-04	6.165950018614823e-04
779	6.006868815984223e-04	6.025595860743575e-04
794	5.878973778830066e-04	5.888436553555889e-04
813	5.718864104453658e-04	5.754399373371566e-04
823	5.620880122849670e-04	5.623413251903491e-04
831	5.495083893666264e-04	5.495408738576248e-04
846	5.361705917574788e-04	5.370317963702527e-04
865	5.247166578313811e-04	5.248074602497728e-04
883	4.431017737031029e-04	4.466835921509630e-04
900	4.363948118425443e-04	4.365158322401661e-04
919	4.213162341608623e-04	4.265795188015926e-04
932	4.148544534583465e-04	4.168693834703355e-04
937	4.024813378865622e-04	4.073802778041126e-04
944	3.980544552720788e-04	3.981071705534974e-04
969	3.880170747804224e-04	3.890451449942805e-04
1010	3.493130822553869e-04	3.548133892335753e-04
1024	3.455524951038180e-04	3.467368504525317e-04
1059	3.386413179680137e-04	3.388441561392024e-04
1081	3.294451801606479e-04	3.311311214825911e-04
1109	3.224411877311706e-04	3.235936569296281e-04
1146	3.155313440054153e-04	3.162277660168379e-04
1168	3.079599491135898e-04	3.090295432513592e-04
1198	3.019697464603510e-04	3.019951720402016e-04
1231	2.948117625439783e-04	2.951209226666387e-04
1261	2.877930292988218e-04	2.884031503126605e-04
1306	2.797851810091290e-04	2.818382931264455e-04
1319	2.748883214502840e-04	2.754228703338166e-04
1351	2.687953674489485e-04	2.691534803926917e-04
1403	2.629718438640349e-04	2.630267991895381e-04
1414	2.244228676359095e-04	2.290867652767772e-04
1420	2.238617059570069e-04	2.238721138568340e-04
1463	2.182456140363831e-04	2.187761623949552e-04
1498	2.137648606055365e-04	2.137962089502232e-04
1539	2.083343943718452e-04	2.089296130854039e-04
1581	2.041434912032347e-04	2.041737944669530e-04
1667	1.995059764112739e-04	1.995262314968879e-04
1690	1.948090460083263e-04	1.949844599758046e-04
1691	1.657471667040333e-04	1.659586907437562e-04
1739	1.620351517606089e-04	1.621810097358930e-04
1797	1.583218356684402e-04	1.584893192461114e-04
1818	1.531101489481435e-04	1.548816618912481e-04
1836	1.500129047975474e-04	1.513561248436209e-04
1869	1.478691451598513e-04	1.479108388168207e-04
1955	1.442346747537737e-04	1.445439770745928e-04
2001	1.423662608227572e-04	1.445439770745928e-04
%
% index = 522, name = bbob_f020_i07_d02__bbob_f020_i08_d02
% instance = 3, reference value = 9.757307224936760e-01
% function evaluation | indicator value | target hit
1	1.572446368513946e-01	1.584893192461113e-01
247	1.270180525042504e-01	1.288249551693134e-01
275	7.731967384171867e-02	7.762471166286916e-02
331	6.233790613600254e-02	6.309573444801933e-02
349	5.744508166692497e-02	5.754399373371569e-02
358	5.622801707599667e-02	5.623413251903491e-02
413	4.544941258075619e-02	4.570881896148749e-02
434	4.366467318969569e-02	4.466835921509630e-02
437	4.247345013737669e-02	4.265795188015926e-02
440	4.121756539006982e-02	4.168693834703355e-02
445	2.967260656746651e-02	3.019951720402016e-02
466	2.884634118981433e-02	2.951209226666385e-02
467	2.816827600992278e-02	2.818382931264454e-02
477	2.729588263016247e-02	2.754228703338166e-02
508	2.634216488485996e-02	2.691534803926915e-02
510	2.625397514206806e-02	2.630267991895381e-02
536	2.107117591996888e-02	2.137962089502233e-02
545	1.144904875896491e-02	1.148153621496883e-02
549	5.856853809690032e-03	5.888436553555890e-03
556	5.722371525569203e-03	5.754399373371567e-03
570	5.560262517840031e-03	5.623413251903491e-03
576	3.574893433604287e-03	3.630780547701014e-03
581	3.536530219691469e-03	3.548133892335753e-03
594	2.982516001207913e-03	3.019951720402016e-03
605	2.903986118489188e-03	2.951209226666387e-03
606	2.641730582606416e-03	2.691534803926917e-03
609	2.579491647083487e-03	2.630267991895381e-03
610	2.492189520409527e-03	2.511886431509579e-03
614	2.436500680259690e-03	2.454708915685031e-03
616	2.368277830462784e-03	2.398832919019490e-03
617	2.197298842338102e-03	2.238721138568340e-03
618	2.083248592523845e-03	2.089296130854039e-03
621	2.032915988431361e-03	2.041737944669530e-03
626	1.911351643334336e-03	1.949844599758046e-03
627	1.891181558253074e-03	1.905460717963246e-03
630	1.833047479877115e-03	1.862087136662868e-03
632	1.797072187106563e-03	1.819700858609983e-03
634	1.753219406719464e-03	1.778279410038923e-03
639	1.711364751176059e-03	1.737800828749376e-03
641	1.690769044963347e-03	1.698243652461744e-03
650	1.657082181438896e-03	1.659586907437561e-03
655	1.609708696297840e-03	1.621810097358930e-03
657	1.579675417302528e-03	1.584893192461114e-03
672	1.241218011100220e-03	1.258925411794167e-03
673	1.037607827797049e-03	1.047128548050900e-03
674	1.009639825302000e-03	1.023292992280754e-03
676	9.964245138331940e-04	1.000000000000000e-03
681	9.724540906459467e-04	9.772372209558111e-04
685	9.449372861107808e-04	9.549925860214359e-04
694	8.948115851359351e-04	9.120108393559096e-04
696	8.855459474920169e-04	8.912509381337459e-04
701	8.664621144301998e-04	8.709635899560805e-04
705	8.482778844518535e-04	8.511380382023768e-04
713	7.721783750312960e-04	7.762471166286919e-04
719	7.505654477907298e-04	7.585775750291835e-04
720	7.263635443210958e-04	7.413102413009177e-04
728	7.178371129050731e-04	7.244359600749898e-04
732	6.996200507000117e-04	7.079457843841380e-04
738	6.875956725033161e-04	6.918309709189362e-04
740	6.575275703321060e-04	6.606934480075957e-04
744	6.260736243665077e-04	6.309573444801930e-04
750	6.126315556358453e-04	6.165950018614823e-04
752	5.965510679785124e-04	6.025595860743575e-04
763	5.842185645076325e-04	5.888436553555889e-04
769	5.688543252144740e-04	5.754399373371566e-04
774	5.615013159990800e-04	5.623413251903491e-04
775	5.492150007034846e-04	5.495408738576248e-04
782	5.367811010581480e-04	5.370317963702527e-04
793	5.231058977803738e-04	5.248074602497728e-04
798	5.124035886227007e-04	5.128613839913648e-04
807	4.986442548906567e-04	5.011872336272725e-04
811	4.842537354562415e-04	4.897788193684461e-04
819	4.782503397160465e-04	4.786300923226385e-04
837	4.673542877378090e-04	4.677351412871981e-04
856	4.569436129212567e-04	4.570881896148752e-04
870	4.448485259426205e-04	4.466835921509630e-04
878	4.362856907704771e-04	4.365158322401661e-04
889	4.230311028493583e-04	4.265795188015926e-04
901	4.168423555517276e-04	4.168693834703355e-04
923	4.065017469436771e-04	4.073802778041126e-04
943	3.965429197632098e-04	3.981071705534974e-04
956	3.889906437034574e-04	3.890451449942805e-04
964	3.792666802663325e-04	3.801893963205612e-04
967	3.706015760085446e-04	3.715352290971724e-04
969	3.605455523887358e-04	3.630780547701014e-04
981	3.547016287760441e-04	3.548133892335753e-04
986	3.413814109494151e-04	3.467368504525317e-04
989	3.318369822790102e-04	3.388441561392024e-04
992	3.288329428980941e-04	3.311311214825911e-04
1003	3.231168276390806e-04	3.235936569296281e-04
1012	3.080738884952972e-04	3.090295432513592e-04
1021	3.017896367388806e-04	3.019951720402016e-04
1047	2.950905553282812e-04	2.951209226666387e-04
1083	2.874320847920941e-04	2.884031503126605e-04
1103	2.810159207998764e-04	2.818382931264455e-04
1111	2.737932426788436e-04	2.754228703338166e-04
1126	2.685745883517221e-04	2.691534803926917e-04
1131	2.604336259003359e-04	2.630267991895381e-04
1147	2.569590134311461e-04	2.570395782768865e-04
1176	2.510426534525489e-04	2.511886431509580e-04
1189	2.448022131480432e-04	2.454708915685031e-04
1209	2.398495626431130e-04	2.398832919019490e-04
1238	2.343975477285820e-04	2.344228815319923e-04
1256	2.280609872306050e-04	2.290867652767772e-04
1303	2.238425114402531e-04	2.238721138568340e-04
1315	2.185737346714900e-04	2.187761623949552e-04
1334	2.137733734229874e-04	2.137962089502232e-04
1390	2.067764885734791e-04	2.089296130854039e-04
1392	2.028258582496001e-04	2.041737944669530e-04
1424	1.995198606350446e-04	1.995262314968879e-04
1481	1.945440998352144e-04	1.949844599758046e-04
1505	1.904453437192588e-04	1.905460717963246e-04
1540	1.860751387872117e-04	1.862087136662868e-04
1567	1.817491392982484e-04	1.819700858609983e-04
1601	1.778070891464978e-04	1.778279410038923e-04
1678	1.737025093518918e-04	1.737800828749376e-04
1763	1.696351757296544e-04	1.698243652461744e-04
1819	1.658717340380367e-04	1.659586907437562e-04
1868	1.621665214819323e-04	1.621810097358930e-04
1999	1.584542654834431e-04	1.584893192461114e-04
2001	1.581527659938464e-04	1.584893192461114e-04
%
% index = 523, name = bbob_f020_i09_d02__bbob_f020_i10_d02
% instance = 4, reference value = 9.978756790389620e-01
% function evaluation | indicator value | target hit
1	3.288609022342716e-01	3.311311214825911e-01
21	2.422745334773059e-01	2.454708915685030e-01
135	1.917554463008709e-01	1.949844599758045e-01
190	1.693621433124155e-01	1.698243652461744e-01
245	7.889358222378418e-02	7.943282347242814e-02
257	7.553650364713138e-02	7.585775750291836e-02
313	2.422591540192254e-02	2.454708915685030e-02
340	2.117012023829479e-02	2.137962089502233e-02
389	2.052855664260655e-02	2.089296130854040e-02
392	1.942627793971285e-02	1.949844599758046e-02
413	1.152589507520818e-02	1.174897554939530e-02
416	1.145054925144318e-02	1.148153621496883e-02
417	1.117006476275573e-02	1.122018454301964e-02
420	8.729792590170260e-03	8.912509381337459e-03
432	8.503802449364994e-03	8.511380382023767e-03
434	8.137274919440607e-03	8.317637711026709e-03
448	7.409881383373174e-03	7.413102413009177e-03
455	6.360026456079804e-03	6.456542290346556e-03
456	6.180062044562229e-03	6.309573444801930e-03
475	6.151122772879436e-03	6.165950018614822e-03
503	5.760504822746815e-03	5.888436553555890e-03
507	5.649316002970917e-03	5.754399373371567e-03
509	5.478700186351659e-03	5.495408738576248e-03
535	4.123448777726968e-03	4.168693834703355e-03
550	4.019533500898564e-03	4.073802778041126e-03
551	3.616300507483294e-03	3.630780547701014e-03
565	3.211507480316955e-03	3.235936569296281e-03
569	2.849932637035368e-03	2.884031503126605e-03
577	2.328562517502464e-03	2.344228815319923e-03
580	2.029375506038655e-03	2.041737944669530e-03
581	1.975521103226519e-03	1.995262314968879e-03
582	1.929236286417058e-03	1.949844599758046e-03
592	1.865079423569838e-03	1.905460717963246e-03
605	1.851633547942710e-03	1.862087136662868e-03
607	1.669828122202510e-03	1.698243652461744e-03
612	1.603265586779146e-03	1.621810097358930e-03
613	1.422302146981802e-03	1.445439770745928e-03
618	1.407257000297868e-03	1.412537544622754e-03
628	1.111311672570281e-03	1.122018454301963e-03
629	1.024545839948821e-03	1.047128548050900e-03
631	1.017210902044652e-03	1.023292992280754e-03
641	9.881718162308983e-04	1.000000000000000e-03
658	9.071486102442128e-04	9.120108393559096e-04
661	7.374647704792014e-04	7.413102413009177e-04
667	6.819171773635446e-04	6.918309709189362e-04
668	6.454882471681467e-04	6.456542290346556e-04
674	6.218056503920488e-04	6.309573444801930e-04
676	6.116309733262826e-04	6.165950018614823e-04
679	5.722517296607998e-04	5.754399373371566e-04
694	5.576927582625624e-04	5.623413251903491e-04
698	5.317018232657844e-04	5.370317963702527e-04
710	5.214091013918676e-04	5.248074602497728e-04
712	4.527446008923963e-04	4.570881896148752e-04
718	4.427803611662950e-04	4.466835921509630e-04
726	4.351828531046209e-04	4.365158322401661e-04
730	4.180910494741008e-04	4.265795188015926e-04
732	4.168022190397247e-04	4.168693834703355e-04
743	4.070221898129223e-04	4.073802778041126e-04
752	3.979099812231324e-04	3.981071705534974e-04
763	3.864722681655719e-04	3.890451449942805e-04
767	3.775079477023047e-04	3.801893963205612e-04
772	3.514782278105644e-04	3.548133892335753e-04
774	3.467114587353270e-04	3.467368504525317e-04
782	3.375590791120375e-04	3.388441561392024e-04
795	3.289063711228168e-04	3.311311214825911e-04
797	3.109305545628827e-04	3.162277660168379e-04
801	3.077907714108541e-04	3.090295432513592e-04
815	2.972709742892210e-04	3.019951720402016e-04
816	2.929937235133240e-04	2.951209226666387e-04
824	2.879032860608755e-04	2.884031503126605e-04
851	2.740371236198413e-04	2.754228703338166e-04
852	2.680161046164642e-04	2.691534803926917e-04
866	2.610971694250175e-04	2.630267991895381e-04
867	2.557106538140230e-04	2.570395782768865e-04
868	2.465974906447066e-04	2.511886431509580e-04
871	2.436179652510750e-04	2.454708915685031e-04
878	2.365410850057037e-04	2.398832919019490e-04
883	2.339843392163976e-04	2.344228815319923e-04
896	2.283010763484139e-04	2.290867652767772e-04
899	2.219210501874791e-04	2.238721138568340e-04
905	2.151577969182750e-04	2.187761623949552e-04
907	2.118586715122994e-04	2.137962089502232e-04
917	2.081969671734463e-04	2.089296130854039e-04
927	1.949704927406426e-04	1.949844599758046e-04
950	1.885507431059752e-04	1.905460717963246e-04
959	1.861646444716314e-04	1.862087136662868e-04
962	1.804350611704919e-04	1.819700858609983e-04
977	1.778022247563849e-04	1.778279410038923e-04
989	1.736997792886052e-04	1.737800828749376e-04
996	1.676499105712770e-04	1.698243652461744e-04
1012	1.654102005528291e-04	1.659586907437562e-04
1026	1.580729696049055e-04	1.584893192461114e-04
1042	1.535521525730665e-04	1.548816618912481e-04
1043	1.460025521659025e-04	1.479108388168207e-04
1057	1.443353511816348e-04	1.445439770745928e-04
1077	1.410387797814439e-04	1.412537544622754e-04
1110	1.379234546365904e-04	1.380384264602885e-04
1126	1.346215844065801e-04	1.348962882591653e-04
1169	1.317892818711863e-04	1.318256738556407e-04
1203	1.286871642028897e-04	1.288249551693134e-04
1256	1.258218772957065e-04	1.258925411794167e-04
1267	1.226154265367985e-04	1.230268770812381e-04
1315	1.200767839079075e-04	1.202264434617413e-04
1357	1.174838955474433e-04	1.174897554939529e-04
1419	1.147333752788970e-04	1.148153621496883e-04
1494	1.119858270979268e-04	1.122018454301963e-04
1599	1.096207030664154e-04	1.096478196143185e-04
1702	1.071516495527725e-04	1.071519305237606e-04
1967	1.047061071730582e-04	1.047128548050900e-04
2001	1.042861788956850e-04	1.047128548050900e-04
%
% index = 524, name = bbob_f020_i11_d02__bbob_f020_i12_d02
% instance = 5, reference value = 7.061009973340709e-01
% function evaluation | indicator value | target hit
1	1.225791289666533e+03	1.230268770812381e+03
378	5.537890133409744e+02	5.623413251903490e+02
383	2.994079842889093e+02	3.019951720402016e+02
405	2.108965081763372e+02	2.137962089502232e+02
445	4.672442779240271e-01	4.677351412871982e-01
602	4.322719926530599e-01	4.365158322401660e-01
621	3.931993056545667e-01	3.981071705534972e-01
634	3.852427913275664e-01	3.890451449942806e-01
648	3.156942850659488e-01	3.162277660168379e-01
695	2.647757488090741e-01	2.691534803926916e-01
707	2.424477019506393e-01	2.454708915685030e-01
721	2.338785768055016e-01	2.344228815319922e-01
753	2.240722354851928e-01	2.290867652767773e-01
799	2.214074658687626e-01	2.238721138568339e-01
816	2.185879111594130e-01	2.187761623949552e-01
926	2.132827359106708e-01	2.137962089502232e-01
986	2.085849727960267e-01	2.089296130854039e-01
1058	1.935113696138919e-01	1.949844599758045e-01
1161	1.655697515161415e-01	1.659586907437560e-01
1237	1.538874650401652e-01	1.548816618912481e-01
1244	1.505017567752975e-01	1.513561248436208e-01
1259	1.471763139173315e-01	1.479108388168208e-01
1265	1.406624205459338e-01	1.412537544622754e-01
1324	1.338320259624191e-01	1.348962882591654e-01
1371	1.305990501584081e-01	1.318256738556407e-01
1391	1.287770405927861e-01	1.288249551693134e-01
1502	1.253163320941804e-01	1.258925411794167e-01
1563	1.227914683422711e-01	1.230268770812381e-01
1649	1.197632408394834e-01	1.202264434617413e-01
1852	1.148293663376898e-01	1.174897554939529e-01
1853	1.146294303713001e-01	1.148153621496883e-01
2001	1.127929068209921e-01	1.148153621496883e-01
%
% index = 525, name = bbob_f020_i13_d02__bbob_f020_i14_d02
% instance = 6, reference value = 9.757248216348871e-01
% function evaluation | indicator value | target hit
1	1.572387359926056e-01	1.584893192461113e-01
261	1.213371060734050e-01	1.230268770812381e-01
294	1.073547269558978e-01	1.096478196143185e-01
302	9.422457224048997e-02	9.549925860214359e-02
303	9.056840977083758e-02	9.120108393559097e-02
330	5.399769697850987e-02	5.495408738576246e-02
331	4.131643972774302e-02	4.168693834703355e-02
359	3.857052243150938e-02	3.890451449942807e-02
366	2.163220579120417e-02	2.187761623949553e-02
367	1.498475487764561e-02	1.513561248436208e-02
410	1.476046274207188e-02	1.479108388168207e-02
424	1.377729768468250e-02	1.380384264602885e-02
426	1.329102800603543e-02	1.348962882591653e-02
434	1.205202456606480e-02	1.230268770812382e-02
435	1.147631143304273e-02	1.148153621496883e-02
454	7.658191950937643e-03	7.762471166286920e-03
456	7.107065242904498e-03	7.244359600749898e-03
457	6.792148746912474e-03	6.918309709189363e-03
458	6.683217277854703e-03	6.760829753919818e-03
465	6.483182632014861e-03	6.606934480075957e-03
470	6.035134186036517e-03	6.165950018614822e-03
471	6.025400343760090e-03	6.025595860743574e-03
472	5.731505649601787e-03	5.754399373371567e-03
473	5.210935693196528e-03	5.248074602497728e-03
480	4.650156191715493e-03	4.677351412871981e-03
483	4.508092589303070e-03	4.570881896148752e-03
487	3.712676038748031e-03	3.715352290971724e-03
491	3.523138118515678e-03	3.548133892335753e-03
496	3.274498840028950e-03	3.311311214825911e-03
497	3.084463765327894e-03	3.090295432513592e-03
500	2.874299826087778e-03	2.884031503126605e-03
504	2.816378491002136e-03	2.818382931264455e-03
509	2.753122470359970e-03	2.754228703338166e-03
521	2.634190098273370e-03	2.691534803926917e-03
523	2.135750824636018e-03	2.137962089502233e-03
525	2.087225061860987e-03	2.089296130854039e-03
533	2.013943696746456e-03	2.041737944669530e-03
540	1.974510536446816e-03	1.995262314968879e-03
541	1.906883438995366e-03	1.949844599758046e-03
542	1.875789592882926e-03	1.905460717963246e-03
543	1.846080141475026e-03	1.862087136662868e-03
553	1.812145903941520e-03	1.819700858609983e-03
557	1.767998136129378e-03	1.778279410038923e-03
563	1.725105066117560e-03	1.737800828749376e-03
568	1.682545188479434e-03	1.698243652461744e-03
571	1.615922653660284e-03	1.621810097358930e-03
574	1.558798841434617e-03	1.584893192461114e-03
576	1.530307274131948e-03	1.548816618912481e-03
582	1.505910627478624e-03	1.513561248436209e-03
588	1.435918409671721e-03	1.445439770745928e-03
589	1.402248962396824e-03	1.412537544622754e-03
590	1.366853589671368e-03	1.380384264602885e-03
592	1.336917777261637e-03	1.348962882591653e-03
593	1.293142203311337e-03	1.318256738556408e-03
595	1.287753335800446e-03	1.288249551693134e-03
596	1.248565176426131e-03	1.258925411794167e-03
599	1.195988260873859e-03	1.202264434617413e-03
607	1.166275783591630e-03	1.174897554939529e-03
615	1.142332878442232e-03	1.148153621496883e-03
624	1.100899865688509e-03	1.122018454301963e-03
625	1.089995094069041e-03	1.096478196143185e-03
629	1.070940502902573e-03	1.071519305237606e-03
630	1.007355760622830e-03	1.023292992280754e-03
631	9.601623278263638e-04	9.772372209558111e-04
634	9.426615100145419e-04	9.549925860214359e-04
637	9.079287727780105e-04	9.120108393559096e-04
638	7.957341064883661e-04	8.128305161640995e-04
640	7.920781587512638e-04	7.943282347242813e-04
649	7.519663753796646e-04	7.585775750291835e-04
657	7.313544593126053e-04	7.413102413009177e-04
658	7.195614968574793e-04	7.244359600749898e-04
674	7.022513554262311e-04	7.079457843841380e-04
683	6.901221716844042e-04	6.918309709189362e-04
689	6.432142555719000e-04	6.456542290346556e-04
709	6.099116909041857e-04	6.165950018614823e-04
710	5.998399024622625e-04	6.025595860743575e-04
715	5.810497041908169e-04	5.888436553555889e-04
717	5.585553467795101e-04	5.623413251903491e-04
722	5.490417324572894e-04	5.495408738576248e-04
732	5.365973159096038e-04	5.370317963702527e-04
755	5.240423507558711e-04	5.248074602497728e-04
765	5.120225757592189e-04	5.128613839913648e-04
771	5.010211845850598e-04	5.011872336272725e-04
773	4.853180730692852e-04	4.897788193684461e-04
778	4.749838357723801e-04	4.786300923226385e-04
794	4.662557367275388e-04	4.677351412871981e-04
804	4.569662586857426e-04	4.570881896148752e-04
826	4.465841200054221e-04	4.466835921509630e-04
839	4.364447175670971e-04	4.365158322401661e-04
855	4.262813597968318e-04	4.265795188015926e-04
869	4.164052738303559e-04	4.168693834703355e-04
881	4.058448004888859e-04	4.073802778041126e-04
888	3.980414969960711e-04	3.981071705534974e-04
893	3.749789136439086e-04	3.801893963205612e-04
895	3.706378556579404e-04	3.715352290971724e-04
908	3.566505056633584e-04	3.630780547701014e-04
916	3.486060025175153e-04	3.548133892335753e-04
923	3.461489720882893e-04	3.467368504525317e-04
932	3.387985811516003e-04	3.388441561392024e-04
944	3.292320976786556e-04	3.311311214825911e-04
952	3.221537328380597e-04	3.235936569296281e-04
974	3.154681127812697e-04	3.162277660168379e-04
975	3.058951994532322e-04	3.090295432513592e-04
981	3.015576074099080e-04	3.019951720402016e-04
994	2.920234782133324e-04	2.951209226666387e-04
1019	2.875855295577656e-04	2.884031503126605e-04
1026	2.810541417117562e-04	2.818382931264455e-04
1033	2.752540949557680e-04	2.754228703338166e-04
1051	2.689963534745488e-04	2.691534803926917e-04
1069	2.611317279930248e-04	2.630267991895381e-04
1098	2.570346611834307e-04	2.570395782768865e-04
1133	2.510961524657684e-04	2.511886431509580e-04
1194	2.454067202051213e-04	2.454708915685031e-04
1214	2.398745148934900e-04	2.398832919019490e-04
1222	2.337705082621211e-04	2.344228815319923e-04
1264	2.117721419159224e-04	2.137962089502232e-04
1284	2.088730691048868e-04	2.089296130854039e-04
1327	2.041251059166083e-04	2.041737944669530e-04
1369	1.995017015453682e-04	1.995262314968879e-04
1394	1.931358610853806e-04	1.949844599758046e-04
1418	1.903876739727250e-04	1.905460717963246e-04
1461	1.858859980785610e-04	1.862087136662868e-04
1518	1.819655965697997e-04	1.819700858609983e-04
1570	1.778193856142307e-04	1.778279410038923e-04
1611	1.737776606354213e-04	1.737800828749376e-04
1698	1.697674716579778e-04	1.698243652461744e-04
1802	1.657257542602153e-04	1.659586907437562e-04
1886	1.620022280834910e-04	1.621810097358930e-04
1908	1.569975405852908e-04	1.584893192461114e-04
1949	1.547635026808436e-04	1.548816618912481e-04
2001	1.515293660837580e-04	1.548816618912481e-04
%
% index = 526, name = bbob_f020_i15_d02__bbob_f020_i16_d02
% instance = 7, reference value = 9.757246941955310e-01
% function evaluation | indicator value | target hit
1	1.572386085532496e-01	1.584893192461113e-01
12	1.408153055783845e-01	1.412537544622754e-01
88	9.868460726155159e-02	1.000000000000000e-01
220	8.225506279781325e-02	8.317637711026708e-02
296	7.918033928869839e-02	7.943282347242814e-02
302	5.704137589807468e-02	5.754399373371569e-02
343	5.598337046932633e-02	5.623413251903491e-02
352	4.843445640362598e-02	4.897788193684462e-02
360	4.734467266218867e-02	4.786300923226382e-02
380	4.330853577858551e-02	4.365158322401658e-02
403	4.252089391418157e-02	4.265795188015926e-02
443	3.400995089428627e-02	3.467368504525317e-02
457	3.255642436778639e-02	3.311311214825911e-02
464	2.836227774155964e-02	2.884031503126606e-02
470	2.806989764424828e-02	2.818382931264454e-02
474	2.721211436363635e-02	2.754228703338166e-02
480	2.601242876711629e-02	2.630267991895381e-02
482	2.479678561478571e-02	2.511886431509579e-02
484	2.423353720399546e-02	2.454708915685030e-02
486	2.239124304395435e-02	2.290867652767773e-02
487	2.238623054278921e-02	2.238721138568340e-02
497	1.526263269175454e-02	1.548816618912481e-02
500	1.126350211326055e-02	1.148153621496883e-02
501	1.042027414796731e-02	1.047128548050900e-02
515	9.707583179973889e-03	9.772372209558112e-03
516	8.071518906749620e-03	8.128305161640995e-03
518	7.628082503530975e-03	7.762471166286920e-03
519	7.054111696941368e-03	7.079457843841380e-03
524	6.602218318608744e-03	6.606934480075957e-03
533	6.372731341408366e-03	6.456542290346556e-03
542	6.276458499962390e-03	6.309573444801930e-03
544	5.971070147123059e-03	6.025595860743574e-03
545	5.850402328110516e-03	5.888436553555890e-03
548	5.686249601556947e-03	5.754399373371567e-03
552	5.584695524209815e-03	5.623413251903491e-03
553	5.450146488837015e-03	5.495408738576248e-03
554	5.198992446357908e-03	5.248074602497728e-03
560	5.098658407019840e-03	5.128613839913648e-03
562	4.919990089636395e-03	5.011872336272725e-03
570	4.891942941231853e-03	4.897788193684461e-03
571	4.705639129542472e-03	4.786300923226385e-03
573	4.645293142839568e-03	4.677351412871981e-03
583	4.448650656646236e-03	4.466835921509630e-03
585	4.298134166330514e-03	4.365158322401661e-03
586	4.224336176745891e-03	4.265795188015926e-03
587	3.786338030194347e-03	3.801893963205613e-03
603	3.642510736073912e-03	3.715352290971724e-03
606	3.543725212312276e-03	3.548133892335753e-03
608	3.465309769852265e-03	3.467368504525317e-03
609	2.708791206592842e-03	2.754228703338166e-03
612	2.551423056826652e-03	2.570395782768865e-03
613	2.509873948589036e-03	2.511886431509579e-03
616	2.441769723178888e-03	2.454708915685031e-03
618	2.396358749667260e-03	2.398832919019490e-03
623	2.314297592744929e-03	2.344228815319923e-03
624	2.186228424167935e-03	2.187761623949552e-03
627	2.107490910246312e-03	2.137962089502233e-03
631	2.060569270513346e-03	2.089296130854039e-03
635	2.041431008825034e-03	2.041737944669530e-03
648	1.983960090361392e-03	1.995262314968879e-03
652	1.939847819293794e-03	1.949844599758046e-03
654	1.828415327315258e-03	1.862087136662868e-03
656	1.797723997170930e-03	1.819700858609983e-03
660	1.765196105689149e-03	1.778279410038923e-03
663	1.710298631115714e-03	1.737800828749376e-03
665	1.677156277845704e-03	1.698243652461744e-03
667	1.614148287284567e-03	1.621810097358930e-03
670	1.579624870956198e-03	1.584893192461114e-03
672	1.548811128976979e-03	1.548816618912481e-03
674	1.497196903882947e-03	1.513561248436209e-03
678	1.438903213327847e-03	1.445439770745928e-03
680	1.381477873154902e-03	1.412537544622754e-03
681	1.374769890817085e-03	1.380384264602885e-03
684	1.344114013285824e-03	1.348962882591653e-03
689	1.245135445380297e-03	1.258925411794167e-03
692	1.228314828567001e-03	1.230268770812381e-03
697	1.185600782786733e-03	1.202264434617413e-03
701	1.174298668530582e-03	1.174897554939529e-03
710	1.146866502381050e-03	1.148153621496883e-03
725	1.117958407433783e-03	1.122018454301963e-03
731	1.095265861977723e-03	1.096478196143185e-03
732	9.529658782602146e-04	9.549925860214359e-04
735	9.081624780049591e-04	9.120108393559096e-04
743	8.909007749932085e-04	8.912509381337459e-04
746	8.695037822893381e-04	8.709635899560805e-04
751	8.485764257077921e-04	8.511380382023768e-04
759	8.312791346218873e-04	8.317637711026709e-04
764	8.094049570745998e-04	8.128305161640995e-04
772	7.868315056824837e-04	7.943282347242813e-04
777	7.750251463901625e-04	7.762471166286919e-04
779	7.485775122522131e-04	7.585775750291835e-04
781	7.383650120099672e-04	7.413102413009177e-04
791	7.216253998100219e-04	7.244359600749898e-04
797	7.007728433640059e-04	7.079457843841380e-04
800	6.336231293435635e-04	6.456542290346556e-04
801	5.937802125730585e-04	6.025595860743575e-04
806	5.886708501045002e-04	5.888436553555889e-04
810	5.667066547500044e-04	5.754399373371566e-04
819	5.593837858269834e-04	5.623413251903491e-04
825	5.482617630624409e-04	5.495408738576248e-04
832	5.170446564156661e-04	5.248074602497728e-04
837	5.104822022005129e-04	5.128613839913648e-04
840	4.996049135709280e-04	5.011872336272725e-04
845	4.862702026937615e-04	4.897788193684461e-04
855	4.739457797106050e-04	4.786300923226385e-04
858	4.594807441047344e-04	4.677351412871981e-04
861	4.526452010266135e-04	4.570881896148752e-04
876	4.457357999859690e-04	4.466835921509630e-04
880	4.362692514254807e-04	4.365158322401661e-04
882	4.253334305364120e-04	4.265795188015926e-04
896	4.125036872671961e-04	4.168693834703355e-04
910	4.066659439561082e-04	4.073802778041126e-04
914	3.919344553960924e-04	3.981071705534974e-04
921	3.890154536607682e-04	3.890451449942805e-04
933	3.801387632170750e-04	3.801893963205612e-04
940	3.693054291693532e-04	3.715352290971724e-04
945	3.625766967573218e-04	3.630780547701014e-04
953	3.518070242973792e-04	3.548133892335753e-04
960	3.413247422834331e-04	3.467368504525317e-04
963	3.384952967286914e-04	3.388441561392024e-04
974	3.286430015368991e-04	3.311311214825911e-04
989	3.215699465825006e-04	3.235936569296281e-04
994	3.159160762852276e-04	3.162277660168379e-04
1002	3.080744226859888e-04	3.090295432513592e-04
1011	3.008874379949456e-04	3.019951720402016e-04
1030	2.948629873109621e-04	2.951209226666387e-04
1040	2.881093878448482e-04	2.884031503126605e-04
1052	2.792459859272123e-04	2.818382931264455e-04
1060	2.754095340646856e-04	2.754228703338166e-04
1070	2.688565751801653e-04	2.691534803926917e-04
1081	2.621783269736166e-04	2.630267991895381e-04
1082	2.558419368164921e-04	2.570395782768865e-04
1095	2.509930089028556e-04	2.511886431509580e-04
1107	2.446931067785485e-04	2.454708915685031e-04
1113	2.391818877993668e-04	2.398832919019490e-04
1132	2.342440480238572e-04	2.344228815319923e-04
1164	2.290469744751222e-04	2.290867652767772e-04
1197	2.234192804393409e-04	2.238721138568340e-04
1211	2.187573868190906e-04	2.187761623949552e-04
1224	2.137241229892561e-04	2.137962089502232e-04
1267	2.088646690092677e-04	2.089296130854039e-04
1290	2.041112696293812e-04	2.041737944669530e-04
1310	1.994229764649136e-04	1.995262314968879e-04
1344	1.946320116674727e-04	1.949844599758046e-04
1358	1.874553988225891e-04	1.905460717963246e-04
1364	1.846332708507203e-04	1.862087136662868e-04
1392	1.818060820353296e-04	1.819700858609983e-04
1427	1.773354856303699e-04	1.778279410038923e-04
1455	1.728300063024157e-04	1.737800828749376e-04
1471	1.695156517654839e-04	1.698243652461744e-04
1482	1.599413925577053e-04	1.621810097358930e-04
1499	1.583540786673776e-04	1.584893192461114e-04
1540	1.548610365050829e-04	1.548816618912481e-04
1594	1.513419360172907e-04	1.513561248436209e-04
1627	1.478342212798411e-04	1.479108388168207e-04
1652	1.442650395889755e-04	1.445439770745928e-04
1694	1.412156314456459e-04	1.412537544622754e-04
1736	1.377792958386914e-04	1.380384264602885e-04
1792	1.347401656184299e-04	1.348962882591653e-04
1831	1.317311355532036e-04	1.318256738556407e-04
1881	1.286826739296254e-04	1.288249551693134e-04
1927	1.256749667363222e-04	1.258925411794167e-04
1970	1.229260649719954e-04	1.230268770812381e-04
2001	1.216638010413940e-04	1.230268770812381e-04
%
% index = 527, name = bbob_f020_i17_d02__bbob_f020_i18_d02
% instance = 8, reference value = 9.757246551806670e-01
% function evaluation | indicator value | target hit
1	1.572385695383856e-01	1.584893192461113e-01
208	9.510387858553782e-02	9.549925860214359e-02
333	9.015663775115235e-02	9.120108393559097e-02
337	8.895014240829879e-02	8.912509381337455e-02
350	6.181612059011976e-02	6.309573444801933e-02
364	2.632023841252884e-02	2.691534803926915e-02
368	2.590922671405205e-02	2.630267991895381e-02
372	2.064984652456658e-02	2.089296130854040e-02
390	2.026011044107157e-02	2.041737944669529e-02
391	1.954364240219808e-02	1.995262314968880e-02
395	1.284918964594739e-02	1.288249551693134e-02
404	1.142821663312732e-02	1.148153621496883e-02
410	1.115230561987413e-02	1.122018454301964e-02
444	1.011497259285488e-02	1.023292992280754e-02
472	7.615638355764287e-03	7.762471166286920e-03
480	7.333877965567726e-03	7.413102413009177e-03
484	7.228430277093856e-03	7.244359600749898e-03
490	7.053455699492561e-03	7.079457843841380e-03
495	6.713106273065539e-03	6.760829753919818e-03
505	6.088248451830647e-03	6.165950018614822e-03
511	5.778967852510419e-03	5.888436553555890e-03
514	5.731232383750728e-03	5.754399373371567e-03
527	5.376237054066979e-03	5.495408738576248e-03
528	3.817746413967593e-03	3.890451449942805e-03
540	3.338991592189422e-03	3.388441561392024e-03
546	3.217394208361979e-03	3.235936569296281e-03
550	3.132136965541932e-03	3.162277660168379e-03
556	3.089556896789358e-03	3.090295432513592e-03
557	2.850877099940363e-03	2.884031503126605e-03
560	2.818285213478045e-03	2.818382931264455e-03
562	2.494020745960168e-03	2.511886431509579e-03
566	2.451479506230814e-03	2.454708915685031e-03
567	2.356800050268060e-03	2.398832919019490e-03
569	2.329881390985888e-03	2.344228815319923e-03
570	2.261420897527233e-03	2.290867652767772e-03
574	2.234746013519140e-03	2.238721138568340e-03
578	2.044641269936531e-03	2.089296130854039e-03
580	2.038859072757804e-03	2.041737944669530e-03
587	1.992986123913854e-03	1.995262314968879e-03
590	1.941438220330660e-03	1.949844599758046e-03
594	1.754906859700589e-03	1.778279410038923e-03
595	1.572803203093831e-03	1.584893192461114e-03
601	1.538051627314352e-03	1.548816618912481e-03
604	1.502513140012041e-03	1.513561248436209e-03
610	1.412772958847341e-03	1.445439770745928e-03
611	1.396696901420524e-03	1.412537544622754e-03
616	1.116506413875951e-03	1.122018454301963e-03
622	1.094957702810873e-03	1.096478196143185e-03
630	1.033722905027790e-03	1.047128548050900e-03
635	9.939888768049077e-04	1.000000000000000e-03
643	9.457820828404628e-04	9.549925860214359e-04
646	9.311043541014863e-04	9.332543007969915e-04
653	9.109140818789330e-04	9.120108393559096e-04
658	8.862363838121334e-04	8.912509381337459e-04
669	8.519534941950901e-04	8.709635899560805e-04
670	8.485177591002202e-04	8.511380382023768e-04
679	8.009018580765748e-04	8.128305161640995e-04
680	7.847237932715467e-04	7.943282347242813e-04
682	7.635138087779270e-04	7.762471166286919e-04
685	7.495947963607197e-04	7.585775750291835e-04
692	7.394865968692876e-04	7.413102413009177e-04
698	7.236936087439139e-04	7.244359600749898e-04
707	7.075926868590487e-04	7.079457843841380e-04
716	6.913321175260334e-04	6.918309709189362e-04
727	6.741586169176639e-04	6.760829753919819e-04
738	6.596308323068012e-04	6.606934480075957e-04
751	6.453839360582858e-04	6.456542290346556e-04
754	6.293930924768931e-04	6.309573444801930e-04
757	5.927827255066687e-04	6.025595860743575e-04
761	5.878940298968960e-04	5.888436553555889e-04
783	5.747344445293789e-04	5.754399373371566e-04
785	5.359627630133756e-04	5.370317963702527e-04
791	5.066063070702231e-04	5.128613839913648e-04
793	4.955626188173357e-04	5.011872336272725e-04
804	4.879764020485622e-04	4.897788193684461e-04
810	4.506350463761022e-04	4.570881896148752e-04
812	4.456062511580816e-04	4.466835921509630e-04
820	4.362624401059723e-04	4.365158322401661e-04
837	4.263426070579834e-04	4.265795188015926e-04
840	4.142373548863265e-04	4.168693834703355e-04
858	4.049553905316472e-04	4.073802778041126e-04
868	3.943883425547856e-04	3.981071705534974e-04
875	3.889774144393288e-04	3.890451449942805e-04
890	3.801437790730278e-04	3.801893963205612e-04
903	3.714207529311730e-04	3.715352290971724e-04
923	3.591018443795946e-04	3.630780547701014e-04
935	3.547733271507258e-04	3.548133892335753e-04
954	3.460875220014925e-04	3.467368504525317e-04
966	3.282963740495193e-04	3.311311214825911e-04
987	3.235462895165853e-04	3.235936569296281e-04
1027	3.161952297122683e-04	3.162277660168379e-04
1041	3.088774158667151e-04	3.090295432513592e-04
1066	3.017279765743508e-04	3.019951720402016e-04
1107	2.944450843563873e-04	2.951209226666387e-04
1150	2.883250913504609e-04	2.884031503126605e-04
1186	2.817031984229112e-04	2.818382931264455e-04
1223	2.713908313859426e-04	2.754228703338166e-04
1230	2.651698144402470e-04	2.691534803926917e-04
1242	2.580036664613372e-04	2.630267991895381e-04
1250	2.569205846798539e-04	2.570395782768865e-04
1301	2.511529845794502e-04	2.511886431509580e-04
1339	2.447663202516104e-04	2.454708915685031e-04
1356	2.398257888037714e-04	2.398832919019490e-04
1385	2.294791498449467e-04	2.344228815319923e-04
1392	2.289334745431137e-04	2.290867652767772e-04
1394	2.203908297551127e-04	2.238721138568340e-04
1404	2.183844726542095e-04	2.187761623949552e-04
1429	2.137550155956180e-04	2.137962089502232e-04
1440	2.043455985427656e-04	2.089296130854039e-04
1441	2.023192106070937e-04	2.041737944669530e-04
1451	1.993101744115489e-04	1.995262314968879e-04
1502	1.922137976206884e-04	1.949844599758046e-04
1534	1.904916365718101e-04	1.905460717963246e-04
1588	1.858558476235395e-04	1.862087136662868e-04
1644	1.818983356363102e-04	1.819700858609983e-04
1722	1.778175228306367e-04	1.778279410038923e-04
1766	1.737695602048728e-04	1.737800828749376e-04
1817	1.698128957341449e-04	1.698243652461744e-04
1891	1.648622557717250e-04	1.659586907437562e-04
1922	1.478544502973023e-04	1.479108388168207e-04
1964	1.439356832544370e-04	1.445439770745928e-04
2001	1.421720661448633e-04	1.445439770745928e-04
%
% index = 528, name = bbob_f020_i19_d02__bbob_f020_i21_d02
% instance = 9, reference value = 9.978734439738181e-01
% function evaluation | indicator value | target hit
1	3.288586671691276e-01	3.311311214825911e-01
237	1.611566169451880e-01	1.621810097358930e-01
239	1.574002041026665e-01	1.584893192461113e-01
283	1.492690117663203e-01	1.513561248436208e-01
310	1.415413403736538e-01	1.445439770745928e-01
311	1.281939757931473e-01	1.288249551693134e-01
334	8.948486421145807e-02	9.120108393559097e-02
338	4.858136529166301e-02	4.897788193684462e-02
352	4.619249176500750e-02	4.677351412871981e-02
353	4.518817968423339e-02	4.570881896148749e-02
365	3.841963600085863e-02	3.890451449942807e-02
378	3.661230783683234e-02	3.715352290971726e-02
379	3.474043298369989e-02	3.548133892335755e-02
398	3.238465279013492e-02	3.311311214825911e-02
404	2.421443575462690e-02	2.454708915685030e-02
408	2.314866078064226e-02	2.344228815319923e-02
411	2.284009247033159e-02	2.290867652767773e-02
415	1.975386866806228e-02	1.995262314968880e-02
424	1.946927985617608e-02	1.949844599758046e-02
428	1.655004215456990e-02	1.659586907437561e-02
429	1.017872428154221e-02	1.023292992280754e-02
436	5.390789819252784e-03	5.495408738576248e-03
452	5.210462934817750e-03	5.248074602497728e-03
460	5.061841862634031e-03	5.128613839913648e-03
472	4.436637916679698e-03	4.466835921509630e-03
492	4.323902543638791e-03	4.365158322401661e-03
510	3.605334500701440e-03	3.630780547701014e-03
523	3.506827085882125e-03	3.548133892335753e-03
525	3.458287843229324e-03	3.467368504525317e-03
570	3.251363148743969e-03	3.311311214825911e-03
572	2.968552200721120e-03	3.019951720402016e-03
582	2.817589445114121e-03	2.818382931264455e-03
586	2.708966510781896e-03	2.754228703338166e-03
587	2.679157063446014e-03	2.691534803926917e-03
588	1.869790311881725e-03	1.905460717963246e-03
589	1.708024877337566e-03	1.737800828749376e-03
590	1.671150481580619e-03	1.698243652461744e-03
595	1.616019746501829e-03	1.621810097358930e-03
613	1.532465128826321e-03	1.548816618912481e-03
624	1.252221512335505e-03	1.258925411794167e-03
649	1.228549504845633e-03	1.230268770812381e-03
651	1.172237633780049e-03	1.174897554939529e-03
655	1.120045725165553e-03	1.122018454301963e-03
660	1.091472819122474e-03	1.096478196143185e-03
666	1.055936756441778e-03	1.071519305237606e-03
674	1.033892104961853e-03	1.047128548050900e-03
677	9.399384607072792e-04	9.549925860214359e-04
685	9.137396448798407e-04	9.332543007969915e-04
690	9.119335201447365e-04	9.120108393559096e-04
695	8.875100472450770e-04	8.912509381337459e-04
698	8.231289327945701e-04	8.317637711026709e-04
700	8.006179296750071e-04	8.128305161640995e-04
701	7.812093033999767e-04	7.943282347242813e-04
704	7.730854354212058e-04	7.762471166286919e-04
717	7.535852990850911e-04	7.585775750291835e-04
734	7.391339990394652e-04	7.413102413009177e-04
745	7.229749868137292e-04	7.244359600749898e-04
758	7.073490784342829e-04	7.079457843841380e-04
764	6.689879672016064e-04	6.760829753919819e-04
765	6.392477446500733e-04	6.456542290346556e-04
778	6.273106366371239e-04	6.309573444801930e-04
780	6.141500411976919e-04	6.165950018614823e-04
803	6.005884138252648e-04	6.025595860743575e-04
815	5.879613098208614e-04	5.888436553555889e-04
837	5.741742709169939e-04	5.754399373371566e-04
852	5.620927367113726e-04	5.623413251903491e-04
880	5.494461854145261e-04	5.495408738576248e-04
939	5.370026880788803e-04	5.370317963702527e-04
1123	5.247814470850098e-04	5.248074602497728e-04
1469	5.128591478336109e-04	5.128613839913648e-04
1775	4.574100622777300e-04	4.677351412871981e-04
1786	4.561105026900103e-04	4.570881896148752e-04
2001	4.482457864098954e-04	4.570881896148752e-04
%
% index = 529, name = bbob_f020_i21_d02__bbob_f020_i22_d02
% instance = 10, reference value = 7.059119112346610e-01
% function evaluation | indicator value | target hit
1	1.225791100580433e+03	1.230268770812381e+03
297	1.748934261665653e+02	1.778279410038923e+02
369	6.055402825199447e-01	6.165950018614822e-01
458	5.818106388195317e-01	5.888436553555889e-01
472	4.297642492270849e-01	4.365158322401660e-01
527	3.912952156289994e-01	3.981071705534972e-01
569	3.623995240858151e-01	3.630780547701014e-01
625	3.540948821978677e-01	3.548133892335755e-01
658	3.464466520597579e-01	3.467368504525316e-01
661	3.344677619121085e-01	3.388441561392025e-01
669	3.067352486727686e-01	3.090295432513591e-01
674	3.006233816846143e-01	3.019951720402016e-01
782	2.884256734005257e-01	2.951209226666385e-01
791	2.874962311583621e-01	2.884031503126606e-01
800	2.654693211571580e-01	2.691534803926916e-01
836	2.465918028519629e-01	2.511886431509580e-01
880	2.253193685077611e-01	2.290867652767773e-01
881	2.231610736739738e-01	2.238721138568339e-01
1009	2.130521796758746e-01	2.137962089502232e-01
1033	2.006950488384822e-01	2.041737944669530e-01
1079	1.915910398967096e-01	1.949844599758045e-01
1097	1.892329818493729e-01	1.905460717963247e-01
1117	1.830685933256172e-01	1.862087136662867e-01
1129	1.785804518190693e-01	1.819700858609984e-01
1131	1.724828813647663e-01	1.737800828749375e-01
1145	1.608547174127221e-01	1.621810097358930e-01
1153	1.553636892131552e-01	1.584893192461113e-01
1162	1.512829683253888e-01	1.513561248436208e-01
1169	1.133164660296715e-01	1.148153621496883e-01
1178	1.104960630713644e-01	1.122018454301964e-01
1212	1.094444966922242e-01	1.096478196143185e-01
1235	9.597138529365357e-02	9.772372209558107e-02
1240	9.278300537283990e-02	9.332543007969910e-02
1281	9.108657396190545e-02	9.120108393559097e-02
1291	8.900553859367666e-02	8.912509381337455e-02
1309	8.687883762138737e-02	8.709635899560805e-02
1327	8.487109127488690e-02	8.511380382023763e-02
1336	7.404724659733386e-02	7.413102413009177e-02
1364	6.612873999700553e-02	6.760829753919818e-02
1371	6.367519675257105e-02	6.456542290346556e-02
1372	6.306308060956967e-02	6.309573444801933e-02
1422	5.969933595838406e-02	6.025595860743578e-02
1453	5.826376201328087e-02	5.888436553555890e-02
1469	5.518151150516659e-02	5.623413251903491e-02
1486	5.369053557221570e-02	5.370317963702527e-02
1506	4.880960838848392e-02	4.897788193684462e-02
1533	4.783620305964742e-02	4.786300923226382e-02
1548	4.671862065472931e-02	4.677351412871981e-02
1598	4.559118792720473e-02	4.570881896148749e-02
1599	4.463342273776183e-02	4.466835921509630e-02
1651	4.289518933927894e-02	4.365158322401658e-02
1662	4.260250443826130e-02	4.265795188015926e-02
1669	4.153562190751259e-02	4.168693834703355e-02
1702	4.073067203466507e-02	4.073802778041128e-02
1716	3.975064414417329e-02	3.981071705534973e-02
1726	3.820385652874880e-02	3.890451449942807e-02
1727	3.788175992626563e-02	3.801893963205612e-02
1747	3.637640637663131e-02	3.715352290971726e-02
1753	3.624122717143363e-02	3.630780547701014e-02
1796	3.276185381990304e-02	3.311311214825911e-02
1817	3.228000666403219e-02	3.235936569296283e-02
1906	3.159266529316618e-02	3.162277660168379e-02
1952	3.081757933820251e-02	3.090295432513590e-02
1976	2.809519184816489e-02	2.818382931264454e-02
1986	2.720218674803065e-02	2.754228703338166e-02
1990	2.405148598421969e-02	2.454708915685030e-02
2001	2.403751292064871e-02	2.454708915685030e-02
