%
% index = 250, name = bbob_f006_i02_d02__bbob_f020_i04_d02
% instance = 1, reference value = 9.789219357187090e-01
% function evaluation | indicator value | target hit
1	1.929901534932298e-01	1.949844599758045e-01
103	1.558657142456960e-01	1.584893192461113e-01
107	1.510466854487275e-01	1.513561248436208e-01
132	1.442418768180600e-01	1.445439770745928e-01
148	1.307868558140802e-01	1.318256738556407e-01
205	1.190105629481872e-01	1.202264434617413e-01
211	1.152998092706600e-01	1.174897554939529e-01
215	1.006761780930782e-01	1.023292992280754e-01
233	9.713076909926899e-02	9.772372209558107e-02
237	9.275821432345532e-02	9.332543007969910e-02
285	7.109345459653882e-02	7.244359600749903e-02
286	6.724380914271422e-02	6.760829753919818e-02
305	6.602136075512555e-02	6.606934480075961e-02
307	2.395277453239875e-02	2.398832919019490e-02
316	2.314123260864687e-02	2.344228815319923e-02
347	2.287694900176929e-02	2.290867652767773e-02
356	2.199369890697889e-02	2.238721138568340e-02
357	2.119759211005756e-02	2.137962089502233e-02
368	1.284228405991950e-02	1.288249551693134e-02
372	1.235082791700337e-02	1.258925411794167e-02
376	1.229935765205425e-02	1.230268770812382e-02
379	1.178370040390508e-02	1.202264434617413e-02
382	1.139657379909531e-02	1.148153621496883e-02
385	1.120293012902696e-02	1.122018454301964e-02
397	1.095748018875786e-02	1.096478196143185e-02
406	8.617059610367850e-03	8.709635899560805e-03
410	8.166184887323458e-03	8.317637711026709e-03
411	8.103712951935571e-03	8.128305161640995e-03
436	7.729952969174669e-03	7.762471166286920e-03
450	7.569985493368625e-03	7.585775750291836e-03
460	6.804529008787252e-03	6.918309709189363e-03
468	6.671598923213229e-03	6.760829753919818e-03
488	6.600921020027850e-03	6.606934480075957e-03
496	6.380841848880991e-03	6.456542290346556e-03
514	6.236473654537722e-03	6.309573444801930e-03
521	5.846967974505790e-03	5.888436553555890e-03
523	5.630079292695545e-03	5.754399373371567e-03
525	5.510926266119376e-03	5.623413251903491e-03
530	5.391715073832404e-03	5.495408738576248e-03
533	5.369513624663202e-03	5.370317963702527e-03
536	5.013412909555481e-03	5.128613839913648e-03
538	4.828046783049933e-03	4.897788193684461e-03
553	4.623612354511586e-03	4.677351412871981e-03
567	4.559647463404426e-03	4.570881896148752e-03
576	4.166156741687077e-03	4.168693834703355e-03
612	4.062541759126792e-03	4.073802778041126e-03
643	3.669854047116616e-03	3.715352290971724e-03
671	3.626414756071283e-03	3.630780547701014e-03
675	3.396675873284738e-03	3.467368504525317e-03
678	3.387855114507343e-03	3.388441561392024e-03
684	3.204772525333022e-03	3.235936569296281e-03
703	3.162018961074820e-03	3.162277660168379e-03
721	3.085918733877313e-03	3.090295432513592e-03
747	2.987892173017315e-03	3.019951720402016e-03
755	2.897231078784479e-03	2.951209226666387e-03
766	2.859077930359777e-03	2.884031503126606e-03
773	2.722261995718678e-03	2.754228703338166e-03
780	2.676666381664194e-03	2.691534803926917e-03
784	2.623819969940100e-03	2.630267991895381e-03
787	2.556643823462212e-03	2.570395782768865e-03
800	2.504669699976314e-03	2.511886431509579e-03
801	2.393834318270560e-03	2.398832919019490e-03
805	2.297907181478598e-03	2.344228815319923e-03
808	2.233208106093731e-03	2.238721138568340e-03
820	2.030570051751002e-03	2.041737944669530e-03
837	1.976308743458333e-03	1.995262314968879e-03
847	1.893249216088355e-03	1.905460717963246e-03
853	1.860314007405162e-03	1.862087136662868e-03
858	1.801073478735593e-03	1.819700858609983e-03
866	1.776562434649298e-03	1.778279410038923e-03
873	1.736817579454764e-03	1.737800828749376e-03
892	1.674315879759192e-03	1.698243652461744e-03
898	1.619649495119946e-03	1.621810097358930e-03
910	1.577648620896044e-03	1.584893192461114e-03
938	1.538001181688675e-03	1.548816618912481e-03
959	1.500797152458655e-03	1.513561248436209e-03
970	1.474383366120047e-03	1.479108388168207e-03
981	1.445197351217287e-03	1.445439770745928e-03
987	1.409930729852849e-03	1.412537544622754e-03
997	1.368755611897865e-03	1.380384264602885e-03
1010	1.345145419906379e-03	1.348962882591653e-03
1031	1.294545925206281e-03	1.318256738556408e-03
1038	1.265960114310349e-03	1.288249551693134e-03
1039	1.255519965925100e-03	1.258925411794167e-03
1048	1.229261940784432e-03	1.230268770812381e-03
1066	1.173439902449669e-03	1.174897554939529e-03
1079	1.137152900870797e-03	1.148153621496883e-03
1081	1.119830407285693e-03	1.122018454301963e-03
1100	1.084496468056528e-03	1.096478196143185e-03
1122	1.071357165839948e-03	1.071519305237606e-03
1139	1.040769533205310e-03	1.047128548050900e-03
1143	1.017048015116817e-03	1.023292992280754e-03
1152	9.897422913804910e-04	1.000000000000000e-03
1157	9.679400102959868e-04	9.772372209558111e-04
1173	9.549395305433750e-04	9.549925860214359e-04
1180	9.277164548245898e-04	9.332543007969915e-04
1199	9.101187621316509e-04	9.120108393559096e-04
1203	8.781683340727264e-04	8.912509381337459e-04
1209	8.671454428907932e-04	8.709635899560805e-04
1219	8.479155443577024e-04	8.511380382023768e-04
1232	8.200710198195127e-04	8.317637711026709e-04
1241	8.049300748873556e-04	8.128305161640995e-04
1249	7.902252388160003e-04	7.943282347242813e-04
1268	7.760358713364557e-04	7.762471166286919e-04
1292	7.555654672900536e-04	7.585775750291835e-04
1296	7.276104925202365e-04	7.413102413009177e-04
1297	7.209554987867017e-04	7.244359600749898e-04
1324	7.077834217477097e-04	7.079457843841380e-04
1350	6.825156408020172e-04	6.918309709189362e-04
1357	6.743578225081315e-04	6.760829753919819e-04
1413	6.603674299167084e-04	6.606934480075957e-04
1432	6.449571250167763e-04	6.456542290346556e-04
1476	6.298675065152803e-04	6.309573444801930e-04
1522	6.132810061250105e-04	6.165950018614823e-04
1564	6.009067081019781e-04	6.025595860743575e-04
1594	5.883378545744611e-04	5.888436553555889e-04
1636	5.749083600682381e-04	5.754399373371566e-04
1679	5.600450767546672e-04	5.623413251903491e-04
1705	5.491572738871575e-04	5.495408738576248e-04
1742	5.366421635172314e-04	5.370317963702527e-04
1790	5.207036358964023e-04	5.248074602497728e-04
1825	5.127079096871601e-04	5.128613839913648e-04
1887	5.004602730960261e-04	5.011872336272725e-04
1962	4.896629273205555e-04	4.897788193684461e-04
2047	4.442389597349994e-04	4.466835921509630e-04
2067	4.361855015390104e-04	4.365158322401661e-04
2158	4.250750983665341e-04	4.265795188015926e-04
2228	4.166920766000004e-04	4.168693834703355e-04
2275	3.979497961754674e-04	3.981071705534974e-04
2317	3.866198866649961e-04	3.890451449942805e-04
2356	3.800635371052907e-04	3.801893963205612e-04
2440	3.702021522192789e-04	3.715352290971724e-04
2571	3.628997381911470e-04	3.630780547701014e-04
2593	3.502464401358152e-04	3.548133892335753e-04
2601	3.446725912856774e-04	3.467368504525317e-04
2735	3.388216518137588e-04	3.388441561392024e-04
2973	3.311175749433071e-04	3.311311214825911e-04
3239	3.228615800406898e-04	3.235936569296281e-04
3400	3.161253100145700e-04	3.162277660168379e-04
3447	3.059622145409335e-04	3.090295432513592e-04
3631	3.019249184972317e-04	3.019951720402016e-04
3971	2.943376968166378e-04	2.951209226666387e-04
4116	2.882718174443966e-04	2.884031503126605e-04
4215	2.803829528620350e-04	2.818382931264455e-04
4254	2.750761493528486e-04	2.754228703338166e-04
4383	2.687800358162074e-04	2.691534803926917e-04
4551	2.650184064422190e-04	2.691534803926917e-04
%
% index = 251, name = bbob_f006_i03_d02__bbob_f020_i05_d02
% instance = 2, reference value = 9.944945969669630e-01
% function evaluation | indicator value | target hit
1	2.670542400897070e+03	2.691534803926917e+03
8	3.163854063403134e+01	3.235936569296283e+01
137	3.146116711879519e+01	3.162277660168379e+01
193	2.811380059180433e+01	2.818382931264453e+01
201	1.651322800143963e+00	1.659586907437561e+00
259	1.480583718587463e+00	1.513561248436208e+00
264	1.357644080909259e+00	1.380384264602885e+00
286	1.189867643818463e+00	1.202264434617413e+00
297	1.131617727562963e+00	1.148153621496883e+00
369	1.117351401611957e+00	1.122018454301963e+00
386	1.030945416614463e+00	1.047128548050900e+00
481	2.921149903290227e-01	2.951209226666385e-01
539	2.879997853087702e-01	2.884031503126606e-01
554	2.707108057341259e-01	2.754228703338166e-01
621	1.540619272697032e-01	1.548816618912481e-01
909	1.483708654463882e-01	1.513561248436208e-01
1023	1.223289066583819e-01	1.230268770812381e-01
1681	1.062446485904007e-01	1.071519305237607e-01
1871	1.040575969190302e-01	1.047128548050900e-01
2015	8.465782457436610e-02	8.511380382023763e-02
2214	5.652469158046858e-02	5.754399373371569e-02
2329	4.781759199777724e-02	4.786300923226382e-02
2478	2.765557384331585e-02	2.818382931264454e-02
2712	2.412424557792392e-02	2.454708915685030e-02
2907	1.845974411584261e-02	1.862087136662868e-02
3142	1.495785084248469e-02	1.513561248436208e-02
4500	1.344428259216646e-02	1.348962882591653e-02
4551	1.344427213513766e-02	1.348962882591653e-02
%
% index = 252, name = bbob_f006_i07_d02__bbob_f020_i08_d02
% instance = 3, reference value = 9.998882759041270e-01
% function evaluation | indicator value | target hit
1	1.066858019312127e+00	1.071519305237606e+00
110	9.291920706597044e-01	9.332543007969910e-01
123	9.005280720934898e-01	9.120108393559098e-01
151	8.743789433353569e-01	8.912509381337456e-01
202	7.421228957263969e-01	7.585775750291838e-01
220	2.720392856100011e-01	2.754228703338166e-01
221	2.245386710364297e-01	2.290867652767773e-01
244	1.153319282245011e-01	1.174897554939529e-01
362	1.135091760000715e-01	1.148153621496883e-01
414	6.086813509824651e-04	6.165950018614823e-04
453	5.829947451606587e-04	5.888436553555889e-04
611	5.155667964432675e-04	5.248074602497728e-04
647	5.074173708575769e-04	5.128613839913648e-04
662	2.288220353823256e-04	2.290867652767772e-04
742	2.233772494271147e-04	2.238721138568340e-04
1052	2.083749657065814e-04	2.089296130854039e-04
4551	2.077178103510047e-04	2.089296130854039e-04
%
% index = 253, name = bbob_f006_i09_d02__bbob_f020_i10_d02
% instance = 4, reference value = 9.299189788655140e-01
% function evaluation | indicator value | target hit
1	8.001495631755683e+00	8.128305161640993e+00
29	5.796187561244653e+00	5.888436553555890e+00
222	5.291822824266514e+00	5.370317963702527e+00
225	1.022661680697014e+00	1.023292992280754e+00
360	5.383770376911763e-01	5.495408738576245e-01
437	4.502123896963834e-01	4.570881896148750e-01
482	4.399838889377152e-01	4.466835921509631e-01
524	2.765676880939940e-01	2.818382931264454e-01
544	2.612927231252995e-01	2.630267991895382e-01
545	2.521219066051250e-01	2.570395782768864e-01
550	2.170681166532065e-01	2.187761623949552e-01
560	2.116209632437672e-01	2.137962089502232e-01
561	1.583113117186868e-01	1.584893192461113e-01
581	1.239803644030042e-01	1.258925411794167e-01
606	1.086868821322913e-01	1.096478196143185e-01
608	9.063243087192618e-02	9.120108393559097e-02
634	8.870899491709339e-02	8.912509381337455e-02
657	8.135393426454596e-02	8.317637711026708e-02
661	8.100083544842440e-02	8.128305161640990e-02
673	7.458979359704487e-02	7.585775750291836e-02
691	7.118440854091979e-02	7.244359600749903e-02
712	7.074688484155922e-02	7.079457843841380e-02
720	4.889019532175309e-02	4.897788193684462e-02
728	4.730526014995651e-02	4.786300923226382e-02
735	4.636865167671944e-02	4.677351412871981e-02
756	3.286803615877920e-02	3.311311214825911e-02
786	3.110215115234150e-02	3.162277660168379e-02
801	2.964707155497714e-02	3.019951720402016e-02
806	2.920290615875998e-02	2.951209226666385e-02
811	2.742599379078037e-02	2.754228703338166e-02
822	2.661900936132300e-02	2.691534803926915e-02
823	2.604665678743967e-02	2.630267991895381e-02
828	2.376777312791223e-02	2.398832919019490e-02
838	2.297729583037489e-02	2.344228815319923e-02
840	2.284821767248491e-02	2.290867652767773e-02
869	2.215164581404883e-02	2.238721138568340e-02
871	1.791717560163808e-02	1.819700858609984e-02
891	1.712070992912207e-02	1.737800828749375e-02
898	1.662043093959364e-02	1.698243652461744e-02
903	1.583026505532026e-02	1.584893192461113e-02
918	1.158336905748591e-02	1.174897554939530e-02
953	1.147395856207412e-02	1.148153621496883e-02
954	1.106453300809584e-02	1.122018454301964e-02
960	1.094450232082311e-02	1.096478196143185e-02
976	9.679082007503004e-03	9.772372209558112e-03
980	9.473277379441258e-03	9.549925860214359e-03
999	9.254595024920764e-03	9.332543007969915e-03
1016	8.954524991636070e-03	9.120108393559097e-03
1035	8.820059198174968e-03	8.912509381337459e-03
1073	8.704533850139251e-03	8.709635899560805e-03
1097	7.597405492436260e-03	7.762471166286920e-03
1104	7.441780933900022e-03	7.585775750291836e-03
1111	7.325090615638130e-03	7.413102413009177e-03
1118	6.840755770001428e-03	6.918309709189363e-03
1125	6.754200735535232e-03	6.760829753919818e-03
1146	6.289026433222600e-03	6.309573444801930e-03
1164	6.096915568286287e-03	6.165950018614822e-03
1170	5.823545147841003e-03	5.888436553555890e-03
1184	5.688722848994021e-03	5.754399373371567e-03
1188	5.498932973137416e-03	5.623413251903491e-03
1195	5.298813620387643e-03	5.370317963702527e-03
1207	5.040355033402055e-03	5.128613839913648e-03
1214	4.926225099645354e-03	5.011872336272725e-03
1223	4.894730720884755e-03	4.897788193684461e-03
1225	4.584645042952085e-03	4.677351412871981e-03
1244	4.419109011741251e-03	4.466835921509630e-03
1250	4.354843024896415e-03	4.365158322401661e-03
1251	4.249298770461096e-03	4.265795188015926e-03
1282	4.046692541906038e-03	4.073802778041126e-03
1300	3.979918821466533e-03	3.981071705534973e-03
1323	3.811661280188616e-03	3.890451449942805e-03
1343	3.754873959736393e-03	3.801893963205613e-03
1392	3.699333386274928e-03	3.715352290971724e-03
1402	3.609649873824727e-03	3.630780547701014e-03
1410	3.423699279587744e-03	3.467368504525317e-03
1419	3.380578456304906e-03	3.388441561392024e-03
1445	3.282201546189301e-03	3.311311214825911e-03
1468	3.224210712265529e-03	3.235936569296281e-03
1491	3.065580298537984e-03	3.090295432513592e-03
1520	3.013707931490250e-03	3.019951720402016e-03
1532	2.923453049492375e-03	2.951209226666387e-03
1541	2.876961615963847e-03	2.884031503126606e-03
1552	2.811440346765726e-03	2.818382931264455e-03
1582	2.738846947725193e-03	2.754228703338166e-03
1637	2.687817455950814e-03	2.691534803926917e-03
1712	2.629895665314241e-03	2.630267991895381e-03
1792	2.559023178901221e-03	2.570395782768865e-03
1810	2.509281904242933e-03	2.511886431509579e-03
1817	2.352931960736715e-03	2.398832919019490e-03
1822	2.256317473808056e-03	2.290867652767772e-03
1871	2.190072029038537e-03	2.238721138568340e-03
1875	2.185932293030546e-03	2.187761623949552e-03
1938	1.707861963822110e-03	1.737800828749376e-03
1959	1.693214503981966e-03	1.698243652461744e-03
2016	1.657797664992966e-03	1.659586907437561e-03
2156	1.605378884798725e-03	1.621810097358930e-03
2195	1.584288637916487e-03	1.584893192461114e-03
2283	1.548235017779453e-03	1.548816618912481e-03
2353	1.511752905830721e-03	1.513561248436209e-03
2396	1.477311911426193e-03	1.479108388168207e-03
2422	1.443290156706190e-03	1.445439770745928e-03
2535	1.411103976662775e-03	1.412537544622754e-03
2614	1.380053135262571e-03	1.380384264602885e-03
2768	1.290716537678427e-03	1.318256738556408e-03
2770	1.282516827712854e-03	1.288249551693134e-03
2909	1.258785212973179e-03	1.258925411794167e-03
2952	1.212447431738983e-03	1.230268770812381e-03
3040	1.200161683999612e-03	1.202264434617413e-03
3146	1.172890202562948e-03	1.174897554939529e-03
3252	1.146276619095055e-03	1.148153621496883e-03
3337	1.120290581450134e-03	1.122018454301963e-03
3550	1.095911802898808e-03	1.096478196143185e-03
3740	1.070500278501862e-03	1.071519305237606e-03
3922	1.047121147914720e-03	1.047128548050900e-03
4138	1.023128540419749e-03	1.023292992280754e-03
4368	9.920189703607196e-04	1.000000000000000e-03
4539	9.768370334226617e-04	9.772372209558111e-04
4551	9.744303927973208e-04	9.772372209558111e-04
%
% index = 254, name = bbob_f006_i11_d02__bbob_f020_i12_d02
% instance = 5, reference value = 7.323589500408750e-01
% function evaluation | indicator value | target hit
1	2.601576890646733e+03	2.630267991895381e+03
71	2.017057598119233e+03	2.041737944669529e+03
147	2.141730287710875e+00	2.187761623949553e+00
212	1.924596224914875e+00	1.949844599758045e+00
288	1.817542145149875e+00	1.819700858609983e+00
399	1.487708120200375e+00	1.513561248436208e+00
427	9.883626716873749e-01	1.000000000000000e+00
513	7.815273779823749e-01	7.943282347242815e-01
517	5.661051826139838e-01	5.754399373371569e-01
1085	4.298485281942674e-01	4.365158322401660e-01
4551	4.298484786225421e-01	4.365158322401660e-01
%
% index = 255, name = bbob_f006_i13_d02__bbob_f020_i14_d02
% instance = 6, reference value = 9.982580462635590e-01
% function evaluation | indicator value | target hit
1	7.893384122949995e+00	7.943282347242816e+00
140	6.918282990424233e+00	6.918309709189364e+00
218	6.233119668382559e+00	6.309573444801933e+00
295	5.799593147240559e+00	5.888436553555890e+00
420	4.682053926891000e+00	4.786300923226384e+00
471	3.387071600148559e+00	3.388441561392026e+00
511	1.872066145369059e+00	1.905460717963247e+00
661	1.081476453282559e+00	1.096478196143185e+00
674	8.992111155320750e-01	9.120108393559098e-01
684	3.981184233519216e-01	4.073802778041127e-01
702	3.180224704007061e-01	3.235936569296283e-01
782	2.751771629565702e-01	2.754228703338166e-01
830	2.109780873870895e-01	2.137962089502232e-01
833	1.394083604472057e-01	1.412537544622754e-01
843	7.898433577552932e-02	7.943282347242814e-02
851	7.547595952764330e-02	7.585775750291836e-02
863	6.525188293448914e-02	6.606934480075961e-02
937	6.443053011763422e-02	6.456542290346556e-02
941	5.113291905776152e-02	5.128613839913648e-02
968	4.541279595903280e-02	4.570881896148749e-02
975	3.096170348465155e-02	3.162277660168379e-02
997	2.687129107140673e-02	2.691534803926915e-02
999	1.734073765338262e-02	1.737800828749375e-02
1005	1.695423633437620e-02	1.698243652461744e-02
1019	1.234223349035701e-02	1.258925411794167e-02
1023	6.191629365382090e-03	6.309573444801930e-03
1027	5.882248553611080e-03	5.888436553555890e-03
1033	5.483463836389757e-03	5.495408738576248e-03
1054	5.180228459994995e-03	5.248074602497728e-03
1065	4.884092289046071e-03	4.897788193684461e-03
1082	4.737060453677278e-03	4.786300923226385e-03
1099	3.415798467970799e-03	3.467368504525317e-03
1104	2.368874516934905e-03	2.398832919019490e-03
1106	2.343123937702418e-03	2.344228815319923e-03
1123	2.262494132671766e-03	2.290867652767772e-03
1134	2.041040255770121e-03	2.041737944669530e-03
1154	1.963640657141053e-03	1.995262314968879e-03
1170	1.928724417256333e-03	1.949844599758046e-03
1177	1.867650685203226e-03	1.905460717963246e-03
1191	1.729434044949851e-03	1.737800828749376e-03
1204	1.454020848282278e-03	1.479108388168207e-03
1208	1.424910162076021e-03	1.445439770745928e-03
1217	1.317035418474832e-03	1.318256738556408e-03
1252	1.225562435591687e-03	1.230268770812381e-03
1255	1.092073142108907e-03	1.096478196143185e-03
1256	1.015362545623621e-03	1.023292992280754e-03
1259	9.784689383471878e-04	1.000000000000000e-03
1260	9.764419382840561e-04	9.772372209558111e-04
1261	9.380334595994189e-04	9.549925860214359e-04
1263	9.315741160652591e-04	9.332543007969915e-04
1288	8.717922091917574e-04	8.912509381337459e-04
1290	7.592323931590039e-04	7.762471166286919e-04
1299	7.519551056675011e-04	7.585775750291835e-04
1314	7.333158972634424e-04	7.413102413009177e-04
1323	7.015793307293405e-04	7.079457843841380e-04
1341	6.798266141632148e-04	6.918309709189362e-04
1353	6.214837783480309e-04	6.309573444801930e-04
1370	6.089256658422526e-04	6.165950018614823e-04
1374	6.025056686016494e-04	6.025595860743575e-04
1407	5.846039708909956e-04	5.888436553555889e-04
1441	5.744902915055805e-04	5.754399373371566e-04
1449	5.568933429528355e-04	5.623413251903491e-04
1452	5.489308795691983e-04	5.495408738576248e-04
1454	5.300460912955884e-04	5.370317963702527e-04
1459	5.002240564072613e-04	5.011872336272725e-04
1476	4.894313965618791e-04	4.897788193684461e-04
1481	4.684593455693831e-04	4.786300923226385e-04
1484	4.676948042269258e-04	4.677351412871981e-04
1503	4.537526110265366e-04	4.570881896148752e-04
1518	4.458862224466786e-04	4.466835921509630e-04
1571	4.363869230696871e-04	4.365158322401661e-04
1576	4.258022438321518e-04	4.265795188015926e-04
1595	4.162257716572304e-04	4.168693834703355e-04
1616	4.066711895163166e-04	4.073802778041126e-04
1625	3.973186529068196e-04	3.981071705534974e-04
1681	3.887342948806216e-04	3.890451449942805e-04
1717	3.787110181623365e-04	3.801893963205612e-04
1730	3.712693520171451e-04	3.715352290971724e-04
1771	3.627399044758839e-04	3.630780547701014e-04
1836	3.547981691520707e-04	3.548133892335753e-04
1881	3.453045290442436e-04	3.467368504525317e-04
1948	3.374749918926279e-04	3.388441561392024e-04
2030	3.311180929228552e-04	3.311311214825911e-04
2234	3.234940204293046e-04	3.235936569296281e-04
2560	3.162226589370487e-04	3.162277660168379e-04
3257	3.090240541723244e-04	3.090295432513592e-04
3351	3.017295794071062e-04	3.019951720402016e-04
4082	2.786808402134300e-04	2.818382931264455e-04
4508	2.747359201500377e-04	2.754228703338166e-04
4551	2.746936307694847e-04	2.754228703338166e-04
%
% index = 256, name = bbob_f006_i15_d02__bbob_f020_i16_d02
% instance = 7, reference value = 9.581245448482240e-01
% function evaluation | indicator value | target hit
1	2.145072673275835e+00	2.187761623949553e+00
150	2.101525618029898e+00	2.137962089502232e+00
315	9.474138494001954e-01	9.549925860214360e-01
366	9.120217819334174e-01	9.332543007969910e-01
458	1.742151639519619e-01	1.778279410038923e-01
527	1.283084336368926e-01	1.288249551693134e-01
569	1.257801017839121e-01	1.258925411794167e-01
679	1.203647601950936e-01	1.230268770812381e-01
685	1.200834568844050e-01	1.202264434617413e-01
689	1.017442276879882e-01	1.023292992280754e-01
696	8.947903170323290e-02	9.120108393559097e-02
697	8.109996091182603e-02	8.128305161640990e-02
710	7.869184947752283e-02	7.943282347242814e-02
729	7.428548420699843e-02	7.585775750291836e-02
738	7.121722093424232e-02	7.244359600749903e-02
806	6.806760432040238e-02	6.918309709189366e-02
831	6.649291512261690e-02	6.760829753919818e-02
889	5.538007118067678e-02	5.623413251903491e-02
904	5.453328569475679e-02	5.495408738576246e-02
976	5.321744543009443e-02	5.370317963702527e-02
998	5.203126108139733e-02	5.248074602497726e-02
999	4.092404639596237e-02	4.168693834703355e-02
1000	3.817348831741962e-02	3.890451449942807e-02
1002	3.713572985488456e-02	3.715352290971726e-02
1015	3.318235291066751e-02	3.388441561392026e-02
1018	3.278631645396068e-02	3.311311214825911e-02
1031	3.181864869892936e-02	3.235936569296283e-02
1037	3.117530876945607e-02	3.162277660168379e-02
1060	3.012920461279078e-02	3.019951720402016e-02
1063	2.815044306750980e-02	2.818382931264454e-02
1066	2.481371719702041e-02	2.511886431509579e-02
1097	2.377081447976825e-02	2.398832919019490e-02
1102	2.333345949399257e-02	2.344228815319923e-02
1105	2.269286626405154e-02	2.290867652767773e-02
1108	2.024692842219888e-02	2.041737944669529e-02
1122	1.969799457084398e-02	1.995262314968880e-02
1134	1.842635486724020e-02	1.862087136662868e-02
1140	1.730103174158437e-02	1.737800828749375e-02
1158	1.690717863095914e-02	1.698243652461744e-02
1178	1.624590824313377e-02	1.659586907437561e-02
1182	1.607812114623197e-02	1.621810097358930e-02
1184	1.580823110948304e-02	1.584893192461113e-02
1201	1.319020179726260e-02	1.348962882591653e-02
1202	1.315612498901586e-02	1.318256738556407e-02
1221	1.284122891214046e-02	1.288249551693134e-02
1278	1.074243488184412e-02	1.096478196143185e-02
1280	1.070239680991036e-02	1.071519305237606e-02
1315	1.030043060384322e-02	1.047128548050900e-02
1336	1.014326898144435e-02	1.023292992280754e-02
1354	9.994572147748348e-03	1.000000000000000e-02
1404	9.737006620232913e-03	9.772372209558112e-03
1411	9.213496279292466e-03	9.332543007969915e-03
1419	8.732346747746367e-03	8.912509381337459e-03
1429	8.672486693156789e-03	8.709635899560805e-03
1441	8.075579362869401e-03	8.128305161640995e-03
1477	7.923022043010097e-03	7.943282347242814e-03
1492	6.741019357102584e-03	6.760829753919818e-03
1524	6.480153823720469e-03	6.606934480075957e-03
1552	6.453727157559430e-03	6.456542290346556e-03
1554	6.139036138212761e-03	6.165950018614822e-03
1591	6.007246229560059e-03	6.025595860743574e-03
1624	5.748273715329266e-03	5.754399373371567e-03
1662	5.620918944186259e-03	5.623413251903491e-03
1676	5.164685607158548e-03	5.248074602497728e-03
1690	5.117330438026091e-03	5.128613839913648e-03
1723	4.907614897516122e-03	5.011872336272725e-03
1734	4.887093455975045e-03	4.897788193684461e-03
1749	4.692788286195571e-03	4.786300923226385e-03
1760	4.672924817308188e-03	4.677351412871981e-03
1813	4.568542957357202e-03	4.570881896148752e-03
1835	4.378899172288730e-03	4.466835921509630e-03
1840	4.341474712098115e-03	4.365158322401661e-03
1856	4.259965189984616e-03	4.265795188015926e-03
1878	4.007503051777661e-03	4.073802778041126e-03
1908	3.940499926699204e-03	3.981071705534973e-03
1916	3.884663646074760e-03	3.890451449942805e-03
1959	3.786727380036048e-03	3.801893963205613e-03
1979	3.665348550031533e-03	3.715352290971724e-03
2036	3.628918428147609e-03	3.630780547701014e-03
2074	3.546939581868469e-03	3.548133892335753e-03
2090	3.460656431244824e-03	3.467368504525317e-03
2139	3.383552321106986e-03	3.388441561392024e-03
2158	3.257725264276146e-03	3.311311214825911e-03
2180	3.226314023711541e-03	3.235936569296281e-03
2217	3.161697089227533e-03	3.162277660168379e-03
2233	3.080620853509464e-03	3.090295432513592e-03
2250	3.019113137185947e-03	3.019951720402016e-03
2300	2.895943403647516e-03	2.951209226666387e-03
2313	2.876825371204705e-03	2.884031503126606e-03
2338	2.796283734394334e-03	2.818382931264455e-03
2403	2.751635811990782e-03	2.754228703338166e-03
2470	2.690426046478955e-03	2.691534803926917e-03
2517	2.611670279618283e-03	2.630267991895381e-03
2547	2.569867889931965e-03	2.570395782768865e-03
2644	2.494101421663064e-03	2.511886431509579e-03
2688	2.438323614358695e-03	2.454708915685031e-03
2756	2.389699552491686e-03	2.398832919019490e-03
2881	2.342554628233962e-03	2.344228815319923e-03
3000	2.278075760289378e-03	2.290867652767772e-03
3088	2.235955589250271e-03	2.238721138568340e-03
3150	2.184850234285052e-03	2.187761623949552e-03
3222	2.107073571349316e-03	2.137962089502233e-03
3261	2.075494474324202e-03	2.089296130854039e-03
3394	2.041021649672792e-03	2.041737944669530e-03
3486	1.994058247880459e-03	1.995262314968879e-03
3540	1.939075952643421e-03	1.949844599758046e-03
3578	1.897102482163127e-03	1.905460717963246e-03
3630	1.802126541644133e-03	1.819700858609983e-03
3716	1.767770211539399e-03	1.778279410038923e-03
3809	1.736455978761819e-03	1.737800828749376e-03
4058	1.698173351142862e-03	1.698243652461744e-03
4232	1.659032003272554e-03	1.659586907437561e-03
4381	1.615591240434977e-03	1.621810097358930e-03
4436	1.538126524454619e-03	1.548816618912481e-03
4551	1.519261259805060e-03	1.548816618912481e-03
%
% index = 257, name = bbob_f006_i17_d02__bbob_f020_i18_d02
% instance = 8, reference value = 8.939539761719030e-01
% function evaluation | indicator value | target hit
1	1.056188397715326e+03	1.071519305237606e+03
59	6.543473357174910e+02	6.606934480075957e+02
74	3.811641969447749e+02	3.890451449942805e+02
103	2.013250771312227e+02	2.041737944669530e+02
146	1.667899793126586e+02	1.698243652461744e+02
219	1.549248004030463e+02	1.584893192461114e+02
223	1.427257899912646e+02	1.445439770745928e+02
318	1.233360384782778e+02	1.258925411794168e+02
720	9.734689522697164e+01	9.772372209558107e+01
831	1.912095794346890e+01	1.949844599758045e+01
881	9.117555283204030e-01	9.120108393559098e-01
1298	5.833366803788846e-01	5.888436553555889e-01
1679	4.082592320526053e-01	4.168693834703354e-01
2352	3.667011195077463e-01	3.715352290971726e-01
2488	3.386006412979907e-01	3.388441561392025e-01
2606	3.278261863932997e-01	3.311311214825911e-01
4551	3.268535494365078e-01	3.311311214825911e-01
%
% index = 258, name = bbob_f006_i19_d02__bbob_f020_i21_d02
% instance = 9, reference value = 9.281578454004160e-01
% function evaluation | indicator value | target hit
1	2.267726109325462e-01	2.290867652767773e-01
23	2.008222686182204e-01	2.041737944669530e-01
60	1.925670786001530e-01	1.949844599758045e-01
67	1.733502666501586e-01	1.737800828749375e-01
94	1.637591138988603e-01	1.659586907437560e-01
127	1.603107668839223e-01	1.621810097358930e-01
167	1.483277725532836e-01	1.513561248436208e-01
205	1.409223574339873e-01	1.412537544622754e-01
280	1.380207833122519e-01	1.380384264602885e-01
327	1.317050155336390e-01	1.318256738556407e-01
356	1.278239590326065e-01	1.288249551693134e-01
392	1.258874297484844e-01	1.258925411794167e-01
462	9.500481602848754e-02	9.549925860214359e-02
473	9.100251590554587e-02	9.120108393559097e-02
503	8.848243018279467e-02	8.912509381337455e-02
516	8.281543708733163e-02	8.317637711026708e-02
533	7.810129317797188e-02	7.943282347242814e-02
540	6.759262912568942e-02	6.760829753919818e-02
541	5.640296325458904e-02	5.754399373371569e-02
543	5.591798757751643e-02	5.623413251903491e-02
567	5.039948992916776e-02	5.128613839913648e-02
572	4.389131485043496e-02	4.466835921509630e-02
573	3.788060124522941e-02	3.801893963205612e-02
575	3.678348776831997e-02	3.715352290971726e-02
621	3.212330837324029e-02	3.235936569296283e-02
624	2.655417977857399e-02	2.691534803926915e-02
648	2.579317390424474e-02	2.630267991895381e-02
655	2.567004133362027e-02	2.570395782768863e-02
694	2.493108416015544e-02	2.511886431509579e-02
700	2.160950347842050e-02	2.187761623949553e-02
711	2.083819295250366e-02	2.089296130854040e-02
716	1.919999124607485e-02	1.949844599758046e-02
747	1.662870240999392e-02	1.698243652461744e-02
754	1.623785603348216e-02	1.659586907437561e-02
761	1.601003064288986e-02	1.621810097358930e-02
769	1.584235730072203e-02	1.584893192461113e-02
790	1.484866018755593e-02	1.513561248436208e-02
801	1.138817445073581e-02	1.148153621496883e-02
825	1.092420505444569e-02	1.096478196143185e-02
833	1.070922397395702e-02	1.071519305237606e-02
834	9.254392278188250e-03	9.332543007969915e-03
868	9.114504532038548e-03	9.120108393559097e-03
897	8.910201192300460e-03	8.912509381337459e-03
899	8.009266680555571e-03	8.128305161640995e-03
919	7.916065711993325e-03	7.943282347242814e-03
925	7.734021890754006e-03	7.762471166286920e-03
956	7.303089249295680e-03	7.413102413009177e-03
973	6.900594341576638e-03	6.918309709189363e-03
976	5.073912893324817e-03	5.128613839913648e-03
982	5.003472320239122e-03	5.011872336272725e-03
988	4.860051057826831e-03	4.897788193684461e-03
994	4.773602673538102e-03	4.786300923226385e-03
1003	4.171367218264721e-03	4.265795188015926e-03
1012	4.167248407756396e-03	4.168693834703355e-03
1016	3.738233790103074e-03	3.801893963205613e-03
1020	3.648002159466035e-03	3.715352290971724e-03
1027	3.580515765719716e-03	3.630780547701014e-03
1043	3.544680700852565e-03	3.548133892335753e-03
1055	3.422781142501830e-03	3.467368504525317e-03
1065	3.387054009207802e-03	3.388441561392024e-03
1084	3.289293607831145e-03	3.311311214825911e-03
1104	3.233065884806763e-03	3.235936569296281e-03
1113	3.151135529158910e-03	3.162277660168379e-03
1115	3.056588740762978e-03	3.090295432513592e-03
1128	3.010100721375197e-03	3.019951720402016e-03
1148	2.888495936807622e-03	2.951209226666387e-03
1152	2.795624708099020e-03	2.818382931264455e-03
1158	2.702308361276939e-03	2.754228703338166e-03
1160	2.671408674639775e-03	2.691534803926917e-03
1164	2.516503413797833e-03	2.570395782768865e-03
1165	2.361418747121924e-03	2.398832919019490e-03
1167	2.326292976709610e-03	2.344228815319923e-03
1181	2.284895276892573e-03	2.290867652767772e-03
1200	2.184280999879329e-03	2.187761623949552e-03
1209	2.121537857532552e-03	2.137962089502233e-03
1218	2.070555078611980e-03	2.089296130854039e-03
1222	2.027193850192788e-03	2.041737944669530e-03
1237	1.987676298478958e-03	1.995262314968879e-03
1249	1.947107608726073e-03	1.949844599758046e-03
1259	1.861974533833965e-03	1.862087136662868e-03
1271	1.819689488337772e-03	1.819700858609983e-03
1290	1.776942236727863e-03	1.778279410038923e-03
1295	1.721548657127370e-03	1.737800828749376e-03
1298	1.695606582207687e-03	1.698243652461744e-03
1331	1.658477830091876e-03	1.659586907437561e-03
1354	1.618532079928126e-03	1.621810097358930e-03
1372	1.584752629614550e-03	1.584893192461114e-03
1406	1.545564163195401e-03	1.548816618912481e-03
1427	1.509660955519854e-03	1.513561248436209e-03
1457	1.472569576970617e-03	1.479108388168207e-03
1472	1.440293669579096e-03	1.445439770745928e-03
1485	1.410937407376411e-03	1.412537544622754e-03
1500	1.370026743436892e-03	1.380384264602885e-03
1526	1.348804906669554e-03	1.348962882591653e-03
1542	1.315815324745007e-03	1.318256738556408e-03
1574	1.288145371058924e-03	1.288249551693134e-03
1595	1.258605379997335e-03	1.258925411794167e-03
1614	1.230214156153542e-03	1.230268770812381e-03
1651	1.185721680124430e-03	1.202264434617413e-03
1676	1.173134668090103e-03	1.174897554939529e-03
1705	1.147846266709607e-03	1.148153621496883e-03
1731	1.121783898364370e-03	1.122018454301963e-03
1756	1.096316060820834e-03	1.096478196143185e-03
1795	1.070161597666930e-03	1.071519305237606e-03
1867	1.036094932292952e-03	1.047128548050900e-03
1899	1.018912141731998e-03	1.023292992280754e-03
1908	9.991928573832576e-04	1.000000000000000e-03
1949	9.746664049578024e-04	9.772372209558111e-04
1955	9.398912864796438e-04	9.549925860214359e-04
1970	9.324954215715886e-04	9.332543007969915e-04
2005	9.061016515671261e-04	9.120108393559096e-04
2064	8.909726164604281e-04	8.912509381337459e-04
2114	8.698253289118885e-04	8.709635899560805e-04
2146	8.510490783031344e-04	8.511380382023768e-04
2194	8.314911870250796e-04	8.317637711026709e-04
2268	8.123085516772433e-04	8.128305161640995e-04
2328	7.941935786236476e-04	7.943282347242813e-04
2406	7.751604063119810e-04	7.762471166286919e-04
2501	7.568027568167768e-04	7.585775750291835e-04
2622	7.411187925574492e-04	7.413102413009177e-04
2709	7.116362118309016e-04	7.244359600749898e-04
2714	7.071851252192785e-04	7.079457843841380e-04
2818	6.913015850259496e-04	6.918309709189362e-04
2863	6.712708927785194e-04	6.760829753919819e-04
2933	6.605784983430008e-04	6.606934480075957e-04
3044	6.456361735399652e-04	6.456542290346556e-04
3113	6.285229749219967e-04	6.309573444801930e-04
3252	6.165884715757519e-04	6.165950018614823e-04
3335	5.999779657213100e-04	6.025595860743575e-04
3479	5.887454399016168e-04	5.888436553555889e-04
3631	5.754305985464780e-04	5.754399373371566e-04
3835	5.447707744965502e-04	5.495408738576248e-04
3986	4.845135149129653e-04	4.897788193684461e-04
4015	4.780606531190612e-04	4.786300923226385e-04
4043	4.664419528523922e-04	4.677351412871981e-04
4069	4.110472669538456e-04	4.168693834703355e-04
4156	4.066480097247860e-04	4.073802778041126e-04
4224	3.781529649532489e-04	3.801893963205612e-04
4232	3.687823361827602e-04	3.715352290971724e-04
4360	3.630760115133080e-04	3.630780547701014e-04
4551	3.556055821488657e-04	3.630780547701014e-04
%
% index = 259, name = bbob_f006_i21_d02__bbob_f020_i22_d02
% instance = 10, reference value = 9.757759079085190e-01
% function evaluation | indicator value | target hit
1	1.716759893378980e+02	1.737800828749376e+02
108	8.288165713367903e+01	8.317637711026708e+01
164	4.849300066826492e+01	4.897788193684461e+01
271	4.637225833967137e+01	4.677351412871981e+01
287	2.243873270706709e+01	2.290867652767773e+01
289	1.530139426447019e+00	1.548816618912481e+00
520	9.606584078158501e-01	9.772372209558107e-01
618	7.299002024627024e-01	7.413102413009175e-01
672	3.048324421569596e-01	3.090295432513591e-01
705	2.974713228509572e-01	3.019951720402016e-01
770	2.932044989855620e-01	2.951209226666385e-01
964	2.596050742447290e-01	2.630267991895382e-01
969	2.509227843193045e-01	2.511886431509580e-01
1019	2.375253919284321e-01	2.398832919019490e-01
1043	2.267177554242173e-01	2.290867652767773e-01
1107	2.154486860810712e-01	2.187761623949552e-01
1116	2.120537101103587e-01	2.137962089502232e-01
1374	2.088099401760001e-01	2.089296130854039e-01
1403	1.959734509622728e-01	1.995262314968880e-01
1736	1.786242050307429e-01	1.819700858609984e-01
1740	1.738808695632319e-01	1.778279410038923e-01
1789	1.730790238677838e-01	1.737800828749375e-01
2279	1.633741636082411e-01	1.659586907437560e-01
2311	1.442169288393633e-01	1.445439770745928e-01
2424	1.404708914076291e-01	1.412537544622754e-01
2467	1.341230727985493e-01	1.348962882591654e-01
2604	1.261795856506166e-01	1.288249551693134e-01
2784	1.216861759687691e-01	1.230268770812381e-01
2911	1.096868062450798e-01	1.122018454301964e-01
2977	1.095304720171888e-01	1.096478196143185e-01
3399	1.022990918792531e-01	1.023292992280754e-01
3485	8.116126510346355e-02	8.128305161640990e-02
3544	7.754303497918069e-02	7.762471166286916e-02
3662	7.574320936224188e-02	7.585775750291836e-02
3734	6.756852419475079e-02	6.760829753919818e-02
3840	6.271900477248760e-02	6.309573444801933e-02
3850	6.115016918675042e-02	6.165950018614822e-02
3865	5.714703934961229e-02	5.754399373371569e-02
4175	5.512161447760555e-02	5.623413251903491e-02
4179	5.442535035648444e-02	5.495408738576246e-02
4318	5.366432455855819e-02	5.370317963702527e-02
4551	5.338298811995101e-02	5.370317963702527e-02
