%
% index = 290, name = bbob_f008_i02_d02__bbob_f014_i04_d02
% instance = 1, reference value = 9.762123918843180e-01
% function evaluation | indicator value | target hit
1	1.792085595090560e-01	1.819700858609984e-01
140	1.460990295647736e-01	1.479108388168208e-01
217	1.359503033000742e-01	1.380384264602885e-01
266	1.252210133317335e-01	1.258925411794167e-01
286	7.098418214840674e-02	7.244359600749903e-02
288	4.836884996981738e-02	4.897788193684462e-02
298	2.896997497286669e-02	2.951209226666385e-02
310	2.782472445554329e-02	2.818382931264454e-02
311	2.583762053166083e-02	2.630267991895381e-02
316	2.546886628707101e-02	2.570395782768863e-02
328	2.507872824120871e-02	2.511886431509579e-02
352	1.741737179378466e-02	1.778279410038923e-02
353	1.732355303807487e-02	1.737800828749375e-02
383	1.689472334010000e-02	1.698243652461744e-02
399	1.303381591314723e-02	1.318256738556407e-02
442	1.284077391060723e-02	1.288249551693134e-02
474	1.257616992432720e-02	1.258925411794167e-02
488	1.153166176968046e-02	1.174897554939530e-02
504	1.068404312203219e-02	1.071519305237606e-02
510	9.679828672521262e-03	9.772372209558112e-03
530	7.597065028997596e-03	7.762471166286920e-03
531	7.510986893666693e-03	7.585775750291836e-03
533	6.713827649502790e-03	6.760829753919818e-03
537	6.439774514178209e-03	6.456542290346556e-03
549	6.262575282554583e-03	6.309573444801930e-03
553	6.060970788918429e-03	6.165950018614822e-03
563	5.958901595291000e-03	6.025595860743574e-03
570	5.879376280165438e-03	5.888436553555890e-03
571	5.333268847364625e-03	5.370317963702527e-03
580	5.193744937700084e-03	5.248074602497728e-03
581	5.038247028647524e-03	5.128613839913648e-03
586	5.003835902675391e-03	5.011872336272725e-03
595	4.826316076216086e-03	4.897788193684461e-03
600	4.642552710905745e-03	4.677351412871981e-03
601	4.486383588339193e-03	4.570881896148752e-03
602	4.441582661392274e-03	4.466835921509630e-03
607	4.312807533748630e-03	4.365158322401661e-03
608	4.211027045651683e-03	4.265795188015926e-03
617	4.118063567097208e-03	4.168693834703355e-03
620	4.054480236845848e-03	4.073802778041126e-03
641	3.965808447849106e-03	3.981071705534973e-03
651	3.888431628661482e-03	3.890451449942805e-03
671	3.789019130635118e-03	3.801893963205613e-03
682	3.709392538911449e-03	3.715352290971724e-03
700	3.628068690541109e-03	3.630780547701014e-03
709	2.746865977205970e-03	2.754228703338166e-03
723	2.689348671626179e-03	2.691534803926917e-03
738	1.805894513325801e-03	1.819700858609983e-03
739	1.768407526633098e-03	1.778279410038923e-03
753	1.735334916209696e-03	1.737800828749376e-03
770	1.696665516961238e-03	1.698243652461744e-03
773	1.654115186038529e-03	1.659586907437561e-03
784	1.528871580943170e-03	1.548816618912481e-03
791	1.513430683851236e-03	1.513561248436209e-03
800	1.476458503011702e-03	1.479108388168207e-03
812	1.411526043207934e-03	1.412537544622754e-03
835	1.378053276933633e-03	1.380384264602885e-03
847	1.345433878171431e-03	1.348962882591653e-03
863	1.249855081773221e-03	1.258925411794167e-03
866	1.155651599921925e-03	1.174897554939529e-03
874	1.146801074308978e-03	1.148153621496883e-03
888	1.120433092253736e-03	1.122018454301963e-03
905	1.093242374717862e-03	1.096478196143185e-03
916	1.065661698019138e-03	1.071519305237606e-03
931	1.046014166525500e-03	1.047128548050900e-03
946	9.074268425657284e-04	9.120108393559096e-04
962	8.898899237935742e-04	8.912509381337459e-04
979	8.695564694564117e-04	8.709635899560805e-04
981	7.982776386323831e-04	8.128305161640995e-04
984	7.927585504573509e-04	7.943282347242813e-04
985	7.747971481741889e-04	7.762471166286919e-04
1005	7.578338483361646e-04	7.585775750291835e-04
1023	7.402520400386914e-04	7.413102413009177e-04
1036	6.926143407243179e-04	7.079457843841380e-04
1040	6.897859152833474e-04	6.918309709189362e-04
1054	6.706434342653722e-04	6.760829753919819e-04
1071	6.601296007163748e-04	6.606934480075957e-04
1091	6.448470392554917e-04	6.456542290346556e-04
1110	6.296383226070956e-04	6.309573444801930e-04
1131	6.148585397377504e-04	6.165950018614823e-04
1160	6.022009413584328e-04	6.025595860743575e-04
1173	5.886218469763893e-04	5.888436553555889e-04
1195	5.744726682246348e-04	5.754399373371566e-04
1228	5.622940034908375e-04	5.623413251903491e-04
1251	5.487001155279891e-04	5.495408738576248e-04
1270	5.366460434310660e-04	5.370317963702527e-04
1296	5.244037290801362e-04	5.248074602497728e-04
1339	5.039180560629797e-04	5.128613839913648e-04
1347	4.999967179405429e-04	5.011872336272725e-04
1366	4.885737256395961e-04	4.897788193684461e-04
1388	4.784204050466423e-04	4.786300923226385e-04
1408	4.672292783665100e-04	4.677351412871981e-04
1449	4.561968500897962e-04	4.570881896148752e-04
1493	4.460275778126466e-04	4.466835921509630e-04
1529	4.354830624071493e-04	4.365158322401661e-04
1549	4.257210542634171e-04	4.265795188015926e-04
1600	4.168642540077760e-04	4.168693834703355e-04
1640	4.060905447513807e-04	4.073802778041126e-04
1683	3.980653966910719e-04	3.981071705534974e-04
1715	3.886474180501143e-04	3.890451449942805e-04
1767	3.801709050540447e-04	3.801893963205612e-04
1815	3.712450572317394e-04	3.715352290971724e-04
1850	3.630622198247391e-04	3.630780547701014e-04
1901	3.547176886213865e-04	3.548133892335753e-04
1925	3.467004896223758e-04	3.467368504525317e-04
1948	3.380081886817932e-04	3.388441561392024e-04
2003	3.310262173641387e-04	3.311311214825911e-04
2046	3.235709981772583e-04	3.235936569296281e-04
2084	3.161867767563775e-04	3.162277660168379e-04
2127	3.089521673671491e-04	3.090295432513592e-04
2168	3.019784563406125e-04	3.019951720402016e-04
2207	2.951036914318195e-04	2.951209226666387e-04
2236	2.877577856726932e-04	2.884031503126605e-04
2267	2.814165416221703e-04	2.818382931264455e-04
2304	2.754120712893382e-04	2.754228703338166e-04
2350	2.687387712647649e-04	2.691534803926917e-04
2406	2.630259753314546e-04	2.630267991895381e-04
2446	2.569725379778509e-04	2.570395782768865e-04
2492	2.510915922426804e-04	2.511886431509580e-04
2558	2.449134978312895e-04	2.454708915685031e-04
2591	2.398824883635964e-04	2.398832919019490e-04
2624	2.342781957148654e-04	2.344228815319923e-04
2664	2.285103507370101e-04	2.290867652767772e-04
2709	2.238683658157825e-04	2.238721138568340e-04
2763	2.185559601901588e-04	2.187761623949552e-04
2810	2.137767145293790e-04	2.137962089502232e-04
2878	2.085703105535464e-04	2.089296130854039e-04
2900	2.036570168131302e-04	2.041737944669530e-04
2950	1.995164025325735e-04	1.995262314968879e-04
3041	1.949839911752349e-04	1.949844599758046e-04
3068	1.864726374171122e-04	1.905460717963246e-04
3074	1.861764692332457e-04	1.862087136662868e-04
3133	1.818992700048927e-04	1.819700858609983e-04
3198	1.777583806956695e-04	1.778279410038923e-04
3289	1.737795530381003e-04	1.737800828749376e-04
3396	1.697179983844999e-04	1.698243652461744e-04
3472	1.659546949122070e-04	1.659586907437562e-04
3609	1.620686743358801e-04	1.621810097358930e-04
3737	1.584391226572279e-04	1.584893192461114e-04
3859	1.548693164921122e-04	1.548816618912481e-04
4025	1.512408979655877e-04	1.513561248436209e-04
8002	1.505306933963224e-04	1.513561248436209e-04
%
% index = 291, name = bbob_f008_i03_d02__bbob_f014_i05_d02
% instance = 2, reference value = 9.962227663266749e-01
% function evaluation | indicator value | target hit
1	3.669270755785050e-01	3.715352290971726e-01
10	3.605626614161886e-01	3.630780547701014e-01
174	1.803293983581913e-01	1.819700858609984e-01
222	1.683953025882892e-01	1.698243652461744e-01
224	1.480735700630470e-01	1.513561248436208e-01
247	1.424664452614131e-01	1.445439770745928e-01
248	5.866243572433560e-02	5.888436553555890e-02
274	3.679912896764892e-02	3.715352290971726e-02
293	3.621307793558881e-02	3.630780547701014e-02
306	3.126316777659099e-02	3.162277660168379e-02
322	2.965792470859463e-02	3.019951720402016e-02
323	2.933090633634283e-02	2.951209226666385e-02
334	1.764584317424256e-02	1.778279410038923e-02
366	1.470025765618077e-02	1.479108388168207e-02
368	1.300990665330615e-02	1.318256738556407e-02
373	1.278559361709464e-02	1.288249551693134e-02
392	1.200894677055786e-02	1.202264434617413e-02
393	1.009121065935614e-02	1.023292992280754e-02
396	9.925032064515560e-03	1.000000000000000e-02
418	9.681306477789087e-03	9.772372209558112e-03
447	9.491791796074622e-03	9.549925860214359e-03
462	9.329783432276639e-03	9.332543007969915e-03
471	8.303997116224315e-03	8.317637711026709e-03
475	8.002432259270553e-03	8.128305161640995e-03
479	7.704626227081124e-03	7.762471166286920e-03
492	7.226253058251308e-03	7.244359600749898e-03
506	7.005966337064296e-03	7.079457843841380e-03
509	6.896212948749314e-03	6.918309709189363e-03
521	5.546067154320600e-03	5.623413251903491e-03
533	5.461200735615290e-03	5.495408738576248e-03
550	4.316345946766775e-03	4.365158322401661e-03
554	3.405294950168170e-03	3.467368504525317e-03
555	3.335293275422369e-03	3.388441561392024e-03
561	3.308782083544126e-03	3.311311214825911e-03
576	3.202424596822961e-03	3.235936569296281e-03
582	3.161607429230884e-03	3.162277660168379e-03
624	3.086060192986628e-03	3.090295432513592e-03
655	2.987183403942884e-03	3.019951720402016e-03
698	2.949087217383850e-03	2.951209226666387e-03
729	2.882135858499613e-03	2.884031503126605e-03
746	1.938078236449314e-03	1.949844599758046e-03
772	1.892549596223092e-03	1.905460717963246e-03
819	1.825312778773291e-03	1.862087136662868e-03
835	1.819680677733859e-03	1.819700858609983e-03
840	1.758693401490152e-03	1.778279410038923e-03
887	1.737773521890196e-03	1.737800828749376e-03
931	1.478798156348105e-03	1.479108388168207e-03
954	1.441376822787110e-03	1.445439770745928e-03
1083	1.412507262687379e-03	1.412537544622754e-03
1108	1.249775891410065e-03	1.258925411794167e-03
1299	1.230193769778509e-03	1.230268770812381e-03
1348	1.140433808563879e-03	1.148153621496883e-03
1349	1.086033456213498e-03	1.096478196143185e-03
1462	1.066052975521536e-03	1.071519305237606e-03
1629	1.031055936684400e-03	1.047128548050900e-03
1760	1.003998520562099e-03	1.023292992280754e-03
1780	9.999821840965817e-04	1.000000000000000e-03
1885	9.614089333456199e-04	9.772372209558111e-04
2014	7.001626545164452e-04	7.079457843841380e-04
2071	6.912341311491321e-04	6.918309709189362e-04
2178	6.751487995746430e-04	6.760829753919819e-04
2303	6.221747819696866e-04	6.309573444801930e-04
2467	6.158945446713693e-04	6.165950018614823e-04
3660	5.100720272690484e-04	5.128613839913648e-04
3860	4.690828726472418e-04	4.786300923226385e-04
4077	4.677333010778550e-04	4.677351412871981e-04
4873	3.517952765950128e-04	3.548133892335753e-04
4981	3.097881268447900e-04	3.162277660168379e-04
4982	3.018592847299217e-04	3.019951720402016e-04
4990	2.904289329662690e-04	2.951209226666387e-04
5014	2.263683471840361e-04	2.290867652767772e-04
5019	2.167067018608027e-04	2.187761623949552e-04
5116	2.046364344745477e-04	2.089296130854039e-04
5237	1.847400318821801e-04	1.862087136662868e-04
5425	1.818258211708779e-04	1.819700858609983e-04
5432	1.610996504075590e-04	1.621810097358930e-04
6083	1.584890259218596e-04	1.584893192461114e-04
8002	1.560004806113735e-04	1.584893192461114e-04
%
% index = 292, name = bbob_f008_i07_d02__bbob_f014_i08_d02
% instance = 3, reference value = 9.415960266920090e-01
% function evaluation | indicator value | target hit
1	8.094812631770359e-01	8.128305161640993e-01
132	6.251770425371197e-01	6.309573444801932e-01
221	5.644780232114164e-01	5.754399373371569e-01
244	5.127541428951680e-01	5.128613839913648e-01
274	4.786239428195526e-01	4.786300923226383e-01
290	4.046430212067859e-01	4.073802778041127e-01
340	2.396831556574397e-01	2.398832919019490e-01
342	2.077033455374905e-01	2.089296130854039e-01
369	2.012923265334684e-01	2.041737944669530e-01
371	1.980594441942599e-01	1.995262314968880e-01
377	1.915447431812124e-01	1.949844599758045e-01
394	1.903866057099851e-01	1.905460717963247e-01
428	1.838248978191260e-01	1.862087136662867e-01
438	8.886899006862248e-02	8.912509381337455e-02
467	8.546997805851186e-02	8.709635899560805e-02
470	8.251959534349795e-02	8.317637711026708e-02
494	8.117315271233716e-02	8.128305161640990e-02
522	7.860955752325605e-02	7.943282347242814e-02
561	6.897958704114970e-02	6.918309709189366e-02
570	5.991116417496356e-02	6.025595860743578e-02
572	4.193101300985846e-02	4.265795188015926e-02
573	4.071425759197422e-02	4.073802778041128e-02
598	3.928747615166073e-02	3.981071705534973e-02
628	3.345288370955768e-02	3.388441561392026e-02
629	3.166070562122658e-02	3.235936569296283e-02
638	2.948820149824694e-02	2.951209226666385e-02
643	2.833156010990168e-02	2.884031503126606e-02
646	2.417331720752247e-02	2.454708915685030e-02
648	2.331565538907920e-02	2.344228815319923e-02
649	2.272011823610331e-02	2.290867652767773e-02
651	2.222682236147300e-02	2.238721138568340e-02
660	2.179706127909409e-02	2.187761623949553e-02
663	1.850596431454010e-02	1.862087136662868e-02
672	1.768828969686276e-02	1.778279410038923e-02
678	1.721511723772140e-02	1.737800828749375e-02
679	1.674356580589675e-02	1.698243652461744e-02
686	1.586851656935417e-02	1.621810097358930e-02
688	1.581946163067849e-02	1.584893192461113e-02
695	1.527311236358642e-02	1.548816618912481e-02
700	1.475895282980355e-02	1.479108388168207e-02
711	1.425940844723783e-02	1.445439770745927e-02
714	1.412337524398855e-02	1.412537544622754e-02
718	1.378611826413412e-02	1.380384264602885e-02
720	1.205405498546652e-02	1.230268770812382e-02
721	1.202018649446945e-02	1.202264434617413e-02
729	1.169155707622604e-02	1.174897554939530e-02
752	1.146705016576033e-02	1.148153621496883e-02
762	1.114789411584949e-02	1.122018454301964e-02
779	1.093939888508932e-02	1.096478196143185e-02
806	1.071185418389564e-02	1.071519305237606e-02
824	1.047053258540931e-02	1.047128548050900e-02
843	1.022906921910260e-02	1.023292992280754e-02
883	9.997196800483277e-03	1.000000000000000e-02
931	9.767073237242463e-03	9.772372209558112e-03
1001	9.549854715601325e-03	9.549925860214359e-03
1043	8.911944527953186e-03	8.912509381337459e-03
1113	8.704283694404791e-03	8.709635899560805e-03
1345	8.491168750507705e-03	8.511380382023767e-03
1528	7.692749845949254e-03	7.762471166286920e-03
1598	7.425472801423361e-03	7.585775750291836e-03
1609	7.406255066760847e-03	7.413102413009177e-03
1834	6.066693142625867e-03	6.165950018614822e-03
1857	5.057412265807915e-03	5.128613839913648e-03
1995	5.011498487841659e-03	5.011872336272725e-03
2122	4.630855015222646e-03	4.677351412871981e-03
2195	4.529833353323798e-03	4.570881896148752e-03
2517	4.459010840639488e-03	4.466835921509630e-03
3723	4.365155472382920e-03	4.365158322401661e-03
7519	4.029138550138645e-03	4.073802778041126e-03
7632	3.970223139981965e-03	3.981071705534973e-03
7745	3.865903813955796e-03	3.890451449942805e-03
8002	3.861829804605921e-03	3.890451449942805e-03
%
% index = 293, name = bbob_f008_i09_d02__bbob_f014_i10_d02
% instance = 4, reference value = 9.830299987282159e-01
% function evaluation | indicator value | target hit
1	3.538065871797978e-01	3.548133892335755e-01
168	7.664169779186580e-02	7.762471166286916e-02
252	6.901089841473762e-02	6.918309709189366e-02
256	6.440667607345685e-02	6.456542290346556e-02
352	5.430554300306778e-02	5.495408738576246e-02
412	5.347550862586370e-02	5.370317963702527e-02
413	5.144439484887708e-02	5.248074602497726e-02
415	5.121188768350660e-02	5.128613839913648e-02
429	4.962445421286199e-02	5.011872336272722e-02
442	4.138528968635791e-02	4.168693834703355e-02
485	3.931867378945975e-02	3.981071705534973e-02
512	3.812468376396672e-02	3.890451449942807e-02
517	3.766831878076238e-02	3.801893963205612e-02
559	3.714554562992978e-02	3.715352290971726e-02
569	3.619180661684407e-02	3.630780547701014e-02
656	2.862455094089189e-02	2.884031503126606e-02
657	1.330322983105225e-02	1.348962882591653e-02
708	1.126923273776181e-02	1.148153621496883e-02
709	7.566773066035593e-03	7.585775750291836e-03
739	7.315183432498373e-03	7.413102413009177e-03
751	7.036257743243790e-03	7.079457843841380e-03
764	6.332775768368548e-03	6.456542290346556e-03
765	6.043831710756509e-03	6.165950018614822e-03
776	5.965731600322655e-03	6.025595860743574e-03
780	5.734984249776032e-03	5.754399373371567e-03
797	5.582282232142632e-03	5.623413251903491e-03
803	4.549200046027213e-03	4.570881896148752e-03
804	4.291954444471502e-03	4.365158322401661e-03
805	4.190935136299867e-03	4.265795188015926e-03
819	3.914754506989193e-03	3.981071705534973e-03
822	3.828753051977940e-03	3.890451449942805e-03
824	3.778833428957573e-03	3.801893963205613e-03
837	3.714727333137158e-03	3.715352290971724e-03
847	3.544826683877234e-03	3.548133892335753e-03
859	3.393980439766131e-03	3.467368504525317e-03
865	3.369801341275513e-03	3.388441561392024e-03
880	3.311015078213742e-03	3.311311214825911e-03
883	3.099797790349079e-03	3.162277660168379e-03
886	3.012425455678924e-03	3.019951720402016e-03
895	2.944283483064303e-03	2.951209226666387e-03
918	2.880865917500919e-03	2.884031503126605e-03
929	2.790586903785308e-03	2.818382931264455e-03
955	2.753193034917945e-03	2.754228703338166e-03
986	2.691436062530306e-03	2.691534803926917e-03
991	2.616856966771719e-03	2.630267991895381e-03
1018	2.570358152092944e-03	2.570395782768865e-03
1029	2.445125877557408e-03	2.454708915685031e-03
1035	2.391678457835833e-03	2.398832919019490e-03
1061	2.342497687488621e-03	2.344228815319923e-03
1063	2.278563914371423e-03	2.290867652767772e-03
1080	2.237271650485040e-03	2.238721138568340e-03
1097	2.170565465502983e-03	2.187761623949552e-03
1101	2.125414372157408e-03	2.137962089502233e-03
1116	2.088501481745220e-03	2.089296130854039e-03
1137	2.040060112683539e-03	2.041737944669530e-03
1148	1.994164976984236e-03	1.995262314968879e-03
1162	1.947771001404863e-03	1.949844599758046e-03
1202	1.905330798965044e-03	1.905460717963246e-03
1236	1.860780659275751e-03	1.862087136662868e-03
1277	1.819418316776789e-03	1.819700858609983e-03
1316	1.777506571906784e-03	1.778279410038923e-03
1359	1.737527474985678e-03	1.737800828749376e-03
1418	1.696383097003817e-03	1.698243652461744e-03
1460	1.659161073885751e-03	1.659586907437561e-03
1532	1.621131394185849e-03	1.621810097358930e-03
1588	1.584101955370398e-03	1.584893192461114e-03
1615	1.546580806316422e-03	1.548816618912481e-03
1650	1.513211906668976e-03	1.513561248436209e-03
1684	1.478933775850289e-03	1.479108388168207e-03
1700	1.445369967764565e-03	1.445439770745928e-03
1740	1.408042101799456e-03	1.412537544622754e-03
1760	1.377657202073723e-03	1.380384264602885e-03
1773	1.346428825532930e-03	1.348962882591653e-03
1797	1.318094737683739e-03	1.318256738556408e-03
1834	1.288056715034736e-03	1.288249551693134e-03
1867	1.253645140760207e-03	1.258925411794167e-03
1903	1.227256991138792e-03	1.230268770812381e-03
1931	1.202232303947226e-03	1.202264434617413e-03
1965	1.174751900702597e-03	1.174897554939529e-03
2037	1.148053703959429e-03	1.148153621496883e-03
2088	1.116906368680226e-03	1.122018454301963e-03
2115	1.092728104980512e-03	1.096478196143185e-03
2140	1.069851313224013e-03	1.071519305237606e-03
2190	1.041759455755464e-03	1.047128548050900e-03
2228	1.022413532067779e-03	1.023292992280754e-03
2298	9.960458802538152e-04	1.000000000000000e-03
2343	9.730327655116389e-04	9.772372209558111e-04
2382	9.548966780706936e-04	9.549925860214359e-04
2442	9.332268080097794e-04	9.332543007969915e-04
2524	9.118104951774120e-04	9.120108393559096e-04
2628	8.910395925908476e-04	8.912509381337459e-04
2751	8.708286531026177e-04	8.709635899560805e-04
2930	8.510260347667220e-04	8.511380382023768e-04
3203	8.317300751420342e-04	8.317637711026709e-04
3686	8.122963154063578e-04	8.128305161640995e-04
4411	7.839882283382504e-04	7.943282347242813e-04
4458	7.453704478401768e-04	7.585775750291835e-04
4466	6.537560083903493e-04	6.606934480075957e-04
4493	4.842297423671704e-04	4.897788193684461e-04
4531	4.628250379682397e-04	4.677351412871981e-04
4532	4.293220506250695e-04	4.365158322401661e-04
4575	4.253143514281188e-04	4.265795188015926e-04
4618	4.106521623771231e-04	4.168693834703355e-04
4631	4.060417468496613e-04	4.073802778041126e-04
4638	3.908658318096947e-04	3.981071705534974e-04
4640	3.879944160267712e-04	3.890451449942805e-04
4654	3.757133977221327e-04	3.801893963205612e-04
4656	3.715234044269211e-04	3.715352290971724e-04
4663	3.629290554006959e-04	3.630780547701014e-04
4665	3.368482173905507e-04	3.388441561392024e-04
4671	2.970753901777590e-04	3.019951720402016e-04
4679	2.836074719945181e-04	2.884031503126605e-04
4682	2.801358884266802e-04	2.818382931264455e-04
4686	2.722059975814872e-04	2.754228703338166e-04
4690	2.688388143561316e-04	2.691534803926917e-04
4693	2.622186341737498e-04	2.630267991895381e-04
4695	2.439175685189365e-04	2.454708915685031e-04
4705	2.307751450341122e-04	2.344228815319923e-04
4706	2.231962189844783e-04	2.238721138568340e-04
4712	2.184307966329735e-04	2.187761623949552e-04
4722	2.103843624186030e-04	2.137962089502232e-04
4726	2.077655130451328e-04	2.089296130854039e-04
4743	2.034264581950440e-04	2.041737944669530e-04
4749	1.989490378018210e-04	1.995262314968879e-04
4753	1.936309798358238e-04	1.949844599758046e-04
4765	1.902280190052563e-04	1.905460717963246e-04
4767	1.857482888347750e-04	1.862087136662868e-04
4771	1.800680937642518e-04	1.819700858609983e-04
4785	1.749397544130726e-04	1.778279410038923e-04
4789	1.731718654044423e-04	1.737800828749376e-04
4797	1.694849232866114e-04	1.698243652461744e-04
4816	1.654126755252783e-04	1.659586907437562e-04
4827	1.587776629202731e-04	1.621810097358930e-04
4829	1.584200377016121e-04	1.584893192461114e-04
4846	1.535636544002239e-04	1.548816618912481e-04
4850	1.488945881690240e-04	1.513561248436209e-04
4861	1.475813630211764e-04	1.479108388168207e-04
4878	1.445041835831384e-04	1.445439770745928e-04
4883	1.411308927820043e-04	1.412537544622754e-04
4896	1.375344502207998e-04	1.380384264602885e-04
4913	1.348860849419431e-04	1.348962882591653e-04
4935	1.310685951868562e-04	1.318256738556407e-04
4937	1.288050433072563e-04	1.288249551693134e-04
4950	1.254702191267887e-04	1.258925411794167e-04
4973	1.229514745459959e-04	1.230268770812381e-04
4984	1.199366552600001e-04	1.202264434617413e-04
5003	1.174814569221416e-04	1.174897554939529e-04
5046	1.141022058541719e-04	1.148153621496883e-04
5080	1.120946275695589e-04	1.122018454301963e-04
5108	1.095775741750682e-04	1.096478196143185e-04
5142	1.070204161122135e-04	1.071519305237606e-04
5155	1.047044215984894e-04	1.047128548050900e-04
5198	1.023173874592498e-04	1.023292992280754e-04
5236	9.995372489546295e-05	1.000000000000000e-04
5351	9.770979618883846e-05	9.772372209558111e-05
5464	9.379248306651267e-05	9.549925860214369e-05
5480	9.318600675423117e-05	9.332543007969905e-05
5523	9.117517678913778e-05	9.120108393559096e-05
5587	8.910309993936938e-05	8.912509381337459e-05
5733	8.705969715250284e-05	8.709635899560814e-05
5891	8.415749895385183e-05	8.511380382023759e-05
5983	8.316962446031084e-05	8.317637711026709e-05
6241	8.127906481625313e-05	8.128305161640995e-05
6316	7.922176493380118e-05	7.943282347242822e-05
6589	7.762389831500460e-05	7.762471166286911e-05
6967	7.576235236317341e-05	7.585775750291836e-05
7959	7.413088018659586e-05	7.413102413009176e-05
8002	7.402397724476373e-05	7.413102413009176e-05
%
% index = 294, name = bbob_f008_i11_d02__bbob_f014_i12_d02
% instance = 5, reference value = 9.956084093778380e-01
% function evaluation | indicator value | target hit
1	1.977914840839838e+00	1.995262314968880e+00
291	1.242453049563026e+00	1.258925411794167e+00
322	1.061136610205838e+00	1.071519305237606e+00
384	1.031767890426338e+00	1.047128548050900e+00
408	9.210650678271510e-01	9.332543007969910e-01
435	9.086541649919810e-01	9.120108393559098e-01
472	8.875059627144350e-01	8.912509381337456e-01
511	8.698613513397018e-01	8.709635899560807e-01
1275	1.341037096877045e-01	1.348962882591654e-01
1378	1.155509912366011e-01	1.174897554939529e-01
1379	9.898985445716191e-02	1.000000000000000e-01
1532	9.700910571728893e-02	9.772372209558107e-02
1809	9.548210612068186e-02	9.549925860214359e-02
2029	9.331283159647596e-02	9.332543007969910e-02
2302	9.074541361153210e-02	9.120108393559097e-02
2437	8.879162121281170e-02	8.912509381337455e-02
2574	8.554523387399326e-02	8.709635899560805e-02
2702	8.442816479287907e-02	8.511380382023763e-02
2738	8.281295521072296e-02	8.317637711026708e-02
2891	8.126693501173443e-02	8.128305161640990e-02
3138	7.894000277785229e-02	7.943282347242814e-02
3362	7.760051183317318e-02	7.762471166286916e-02
3732	7.572439410190546e-02	7.585775750291836e-02
4023	7.400596607229637e-02	7.413102413009177e-02
4405	5.836384983191445e-02	5.888436553555890e-02
4459	5.661934036439364e-02	5.754399373371569e-02
4528	4.901948810845569e-02	5.011872336272722e-02
4544	4.872642064772403e-02	4.897788193684462e-02
4558	4.778753958174942e-02	4.786300923226382e-02
4571	4.409055532695239e-02	4.466835921509630e-02
4586	4.363558151196012e-02	4.365158322401658e-02
4607	4.128201307969526e-02	4.168693834703355e-02
4611	3.079196785922378e-02	3.090295432513590e-02
4631	2.585428316963823e-02	2.630267991895381e-02
4672	2.567365287136292e-02	2.570395782768863e-02
4696	2.335621976736413e-02	2.344228815319923e-02
4697	2.258229011324731e-02	2.290867652767773e-02
4727	2.199542707102331e-02	2.238721138568340e-02
4734	2.048899984180830e-02	2.089296130854040e-02
4739	1.869324924216853e-02	1.905460717963247e-02
4751	1.787326710014192e-02	1.819700858609984e-02
4752	1.768961212027476e-02	1.778279410038923e-02
4757	1.727327006518586e-02	1.737800828749375e-02
4766	1.690233820997400e-02	1.698243652461744e-02
4791	1.657345810534061e-02	1.659586907437561e-02
4807	1.390818907819680e-02	1.412537544622754e-02
4808	1.357357766009160e-02	1.380384264602885e-02
4817	1.346682096000218e-02	1.348962882591653e-02
4823	1.228742102025937e-02	1.230268770812382e-02
4849	1.163641846130725e-02	1.174897554939530e-02
4850	1.148144707492316e-02	1.148153621496883e-02
4854	1.112168309528305e-02	1.122018454301964e-02
4894	1.095238754348082e-02	1.096478196143185e-02
4909	1.025624978401896e-02	1.047128548050900e-02
4916	1.022603658304577e-02	1.023292992280754e-02
4923	9.967338869340425e-03	1.000000000000000e-02
4929	9.616783401761198e-03	9.772372209558112e-03
4931	9.461022298555166e-03	9.549925860214359e-03
4956	9.312007910461273e-03	9.332543007969915e-03
4971	9.108053932807447e-03	9.120108393559097e-03
4978	8.684540518689943e-03	8.709635899560805e-03
5002	8.480979663731070e-03	8.511380382023767e-03
5014	8.308602545662014e-03	8.317637711026709e-03
5028	8.113198405525712e-03	8.128305161640995e-03
5064	7.902479577953314e-03	7.943282347242814e-03
5113	7.750450460977998e-03	7.762471166286920e-03
5131	7.573439631131884e-03	7.585775750291836e-03
5143	7.407410609917897e-03	7.413102413009177e-03
5198	7.235885738369641e-03	7.244359600749898e-03
5236	7.056216854312014e-03	7.079457843841380e-03
5274	6.918098236818437e-03	6.918309709189363e-03
5298	6.732590683328654e-03	6.760829753919818e-03
5330	6.606139282863910e-03	6.606934480075957e-03
5353	6.341367682172971e-03	6.456542290346556e-03
5354	6.283444221888868e-03	6.309573444801930e-03
5408	6.132255169091216e-03	6.165950018614822e-03
5438	5.999013248485618e-03	6.025595860743574e-03
5467	5.874458320763720e-03	5.888436553555890e-03
5499	5.675445654168887e-03	5.754399373371567e-03
5523	5.615855156245408e-03	5.623413251903491e-03
5576	5.491173546435801e-03	5.495408738576248e-03
5599	5.369120508789571e-03	5.370317963702527e-03
5630	5.247809765456468e-03	5.248074602497728e-03
5669	5.122289933625179e-03	5.128613839913648e-03
5709	5.009987503403868e-03	5.011872336272725e-03
5756	4.894435760614435e-03	4.897788193684461e-03
5806	4.784941803676168e-03	4.786300923226385e-03
5848	4.677053122386088e-03	4.677351412871981e-03
5872	4.566543984873106e-03	4.570881896148752e-03
5908	4.461794131433217e-03	4.466835921509630e-03
5964	4.364893384736335e-03	4.365158322401661e-03
6055	4.252317573336772e-03	4.265795188015926e-03
6109	4.165845381355227e-03	4.168693834703355e-03
6167	4.072937211569760e-03	4.073802778041126e-03
6226	3.978621713340069e-03	3.981071705534973e-03
6335	3.890063177350300e-03	3.890451449942805e-03
6454	3.801604963460270e-03	3.801893963205613e-03
6523	3.703056922729542e-03	3.715352290971724e-03
6605	3.630028145453323e-03	3.630780547701014e-03
6696	3.547607811273279e-03	3.548133892335753e-03
6780	3.450726360306078e-03	3.467368504525317e-03
6843	3.379938671729477e-03	3.388441561392024e-03
6961	3.310978669916254e-03	3.311311214825911e-03
7074	3.235543544543695e-03	3.235936569296281e-03
7160	3.161256993895911e-03	3.162277660168379e-03
7244	3.088209222162019e-03	3.090295432513592e-03
7390	3.019691794919344e-03	3.019951720402016e-03
7686	2.951070663274491e-03	2.951209226666387e-03
8002	2.932147731483425e-03	2.951209226666387e-03
%
% index = 295, name = bbob_f008_i13_d02__bbob_f014_i14_d02
% instance = 6, reference value = 8.689954652531040e-01
% function evaluation | indicator value | target hit
1	6.794504051254617e-01	6.918309709189365e-01
374	2.740846649001307e-01	2.754228703338166e-01
405	1.319767505725808e-01	1.348962882591654e-01
448	1.117064413890898e-01	1.122018454301964e-01
514	9.264555386370055e-02	9.332543007969910e-02
521	9.051777092372915e-02	9.120108393559097e-02
568	8.451785512277543e-02	8.511380382023763e-02
584	7.176762847694251e-02	7.244359600749903e-02
586	6.583517605759881e-02	6.606934480075961e-02
597	5.852911421601570e-02	5.888436553555890e-02
600	5.645553772067224e-02	5.754399373371569e-02
601	5.367211599981991e-02	5.370317963702527e-02
602	5.177951590135332e-02	5.248074602497726e-02
606	4.948774415272661e-02	5.011872336272722e-02
610	4.890006376793687e-02	4.897788193684462e-02
622	4.785594939614413e-02	4.786300923226382e-02
650	4.592306359763765e-02	4.677351412871981e-02
655	4.567555654906974e-02	4.570881896148749e-02
656	4.457424657088094e-02	4.466835921509630e-02
667	4.352244031526076e-02	4.365158322401658e-02
678	4.257064153125345e-02	4.265795188015926e-02
687	4.157022971482738e-02	4.168693834703355e-02
689	3.932043347820569e-02	3.981071705534973e-02
691	2.858250467869650e-02	2.884031503126606e-02
699	2.373605409700064e-02	2.398832919019490e-02
705	2.324864754206080e-02	2.344228815319923e-02
714	2.275859003783731e-02	2.290867652767773e-02
722	2.201115436959444e-02	2.238721138568340e-02
723	2.173920085305436e-02	2.187761623949553e-02
728	2.122322608861182e-02	2.137962089502233e-02
730	2.059131938295899e-02	2.089296130854040e-02
732	2.005070853619850e-02	2.041737944669529e-02
737	1.987367834464326e-02	1.995262314968880e-02
752	1.948867606423266e-02	1.949844599758046e-02
768	1.842171277656146e-02	1.862087136662868e-02
770	1.795342430521685e-02	1.819700858609984e-02
775	1.772994435224295e-02	1.778279410038923e-02
781	1.666658626300088e-02	1.698243652461744e-02
783	1.653531422817134e-02	1.659586907437561e-02
790	1.619885219626049e-02	1.621810097358930e-02
802	1.577000474854751e-02	1.584893192461113e-02
803	1.515051194409989e-02	1.548816618912481e-02
809	1.497023053680668e-02	1.513561248436208e-02
814	1.476515170959725e-02	1.479108388168207e-02
821	1.402292672189320e-02	1.412537544622754e-02
824	1.365639417549847e-02	1.380384264602885e-02
826	1.340046691415520e-02	1.348962882591653e-02
844	1.299617477394355e-02	1.318256738556407e-02
855	1.287455920483083e-02	1.288249551693134e-02
858	1.136711462060602e-02	1.148153621496883e-02
861	1.121823993514159e-02	1.122018454301964e-02
878	1.093506893089580e-02	1.096478196143185e-02
891	1.062587401336224e-02	1.071519305237606e-02
897	1.045897626569547e-02	1.047128548050900e-02
912	1.017735770180861e-02	1.023292992280754e-02
915	9.911165030587310e-03	1.000000000000000e-02
918	9.741798360398901e-03	9.772372209558112e-03
923	9.529235468614616e-03	9.549925860214359e-03
938	9.300490815967621e-03	9.332543007969915e-03
950	9.094039729515502e-03	9.120108393559097e-03
960	8.908722435388317e-03	8.912509381337459e-03
976	8.660408700626121e-03	8.709635899560805e-03
983	8.324810006219652e-03	8.511380382023767e-03
984	8.262628364652636e-03	8.317637711026709e-03
989	8.117060395888331e-03	8.128305161640995e-03
992	7.521376351287357e-03	7.585775750291836e-03
1010	7.404267179230817e-03	7.413102413009177e-03
1016	7.242753250996437e-03	7.244359600749898e-03
1021	6.834677257898769e-03	6.918309709189363e-03
1023	6.692576228414904e-03	6.760829753919818e-03
1024	6.403766477533490e-03	6.456542290346556e-03
1026	6.285891380102382e-03	6.309573444801930e-03
1030	6.150330874699406e-03	6.165950018614822e-03
1038	6.016024367043515e-03	6.025595860743574e-03
1047	5.600358650490911e-03	5.623413251903491e-03
1060	5.492451033181078e-03	5.495408738576248e-03
1078	5.366852755822604e-03	5.370317963702527e-03
1090	5.236657936797617e-03	5.248074602497728e-03
1097	4.866147361043072e-03	4.897788193684461e-03
1108	4.775692051143920e-03	4.786300923226385e-03
1119	4.645315631991886e-03	4.677351412871981e-03
1140	4.569926473108610e-03	4.570881896148752e-03
1158	4.407874221173835e-03	4.466835921509630e-03
1165	4.350699284827675e-03	4.365158322401661e-03
1166	4.152767293257975e-03	4.168693834703355e-03
1187	4.047984857987852e-03	4.073802778041126e-03
1202	3.977334645932307e-03	3.981071705534973e-03
1216	3.872000652304197e-03	3.890451449942805e-03
1224	3.798399834986643e-03	3.801893963205613e-03
1229	3.672410791358938e-03	3.715352290971724e-03
1236	3.630293972597065e-03	3.630780547701014e-03
1250	3.537129709243580e-03	3.548133892335753e-03
1258	3.450353965067099e-03	3.467368504525317e-03
1262	3.385734903174842e-03	3.388441561392024e-03
1281	3.309324082531817e-03	3.311311214825911e-03
1308	3.234421255611131e-03	3.235936569296281e-03
1327	3.137560430673036e-03	3.162277660168379e-03
1357	3.081416489450373e-03	3.090295432513592e-03
1378	2.845653061991693e-03	2.884031503126605e-03
1379	2.681324346711200e-03	2.691534803926917e-03
1397	2.629498771190564e-03	2.630267991895381e-03
1405	2.520611022440167e-03	2.570395782768865e-03
1413	2.510612815789015e-03	2.511886431509579e-03
1421	2.394438986850100e-03	2.398832919019490e-03
1434	2.338741710097625e-03	2.344228815319923e-03
1441	2.196618702756892e-03	2.238721138568340e-03
1446	2.187014033476764e-03	2.187761623949552e-03
1460	2.131128969583229e-03	2.137962089502233e-03
1491	2.088978669228081e-03	2.089296130854039e-03
1510	2.003563134993058e-03	2.041737944669530e-03
1519	1.995259065598054e-03	1.995262314968879e-03
1565	1.934876958535670e-03	1.949844599758046e-03
1598	1.905274407827506e-03	1.905460717963246e-03
1622	1.850323971641310e-03	1.862087136662868e-03
1645	1.809832984359661e-03	1.819700858609983e-03
1681	1.774159643710860e-03	1.778279410038923e-03
1713	1.736189718556824e-03	1.737800828749376e-03
1750	1.694947112096057e-03	1.698243652461744e-03
1790	1.658763104764649e-03	1.659586907437561e-03
1808	1.613114400691784e-03	1.621810097358930e-03
1861	1.584407346307160e-03	1.584893192461114e-03
1872	1.526892420751880e-03	1.548816618912481e-03
1873	1.512689865570516e-03	1.513561248436209e-03
1928	1.478411353478370e-03	1.479108388168207e-03
1948	1.352206023132796e-03	1.380384264602885e-03
1956	1.348895513524240e-03	1.348962882591653e-03
1988	1.288914884435277e-03	1.318256738556408e-03
1992	1.287608607996926e-03	1.288249551693134e-03
2065	1.258244135553088e-03	1.258925411794167e-03
2112	1.225485378463675e-03	1.230268770812381e-03
2152	1.198835494053307e-03	1.202264434617413e-03
2213	1.173752572543929e-03	1.174897554939529e-03
2272	1.147593631318111e-03	1.148153621496883e-03
2274	1.083848151811395e-03	1.096478196143185e-03
2296	1.070021924801545e-03	1.071519305237606e-03
2352	1.013868715005306e-03	1.023292992280754e-03
2383	9.988927994647456e-04	1.000000000000000e-03
2397	9.772269184064042e-04	9.772372209558111e-04
2459	9.548227387256025e-04	9.549925860214359e-04
2552	9.327617620892292e-04	9.332543007969915e-04
2654	9.109284036548093e-04	9.120108393559096e-04
2755	8.908118726188574e-04	8.912509381337459e-04
2848	8.708501515178879e-04	8.709635899560805e-04
2903	8.337049743003533e-04	8.511380382023768e-04
2909	7.932813079456480e-04	7.943282347242813e-04
2934	7.762183756978569e-04	7.762471166286919e-04
2968	7.565466073026217e-04	7.585775750291835e-04
3099	7.410003161764100e-04	7.413102413009177e-04
3235	7.239903440413586e-04	7.244359600749898e-04
3382	7.013498086633208e-04	7.079457843841380e-04
3432	6.917339426296687e-04	6.918309709189362e-04
3604	6.754603883616372e-04	6.760829753919819e-04
3743	6.606200750084446e-04	6.606934480075957e-04
3919	6.456411475834756e-04	6.456542290346556e-04
4366	6.014102847387015e-04	6.025595860743575e-04
4549	5.886422900348576e-04	5.888436553555889e-04
4572	5.702054936090883e-04	5.754399373371566e-04
4634	5.588542714619615e-04	5.623413251903491e-04
4665	5.495358653867521e-04	5.495408738576248e-04
4695	5.292897816223663e-04	5.370317963702527e-04
4712	5.237717553070453e-04	5.248074602497728e-04
4821	5.074913559006689e-04	5.128613839913648e-04
5154	4.978866745545263e-04	5.011872336272725e-04
5656	4.897171454683047e-04	4.897788193684461e-04
6206	4.781610620608889e-04	4.786300923226385e-04
6477	4.676428868496396e-04	4.677351412871981e-04
6626	4.562086963861844e-04	4.570881896148752e-04
6895	4.465798838243495e-04	4.466835921509630e-04
7051	4.364728657862971e-04	4.365158322401661e-04
7262	4.265781734434926e-04	4.265795188015926e-04
7549	4.168279497008820e-04	4.168693834703355e-04
7716	4.073158244929376e-04	4.073802778041126e-04
7974	3.917786712930305e-04	3.981071705534974e-04
8002	3.904825649337917e-04	3.981071705534974e-04
%
% index = 296, name = bbob_f008_i15_d02__bbob_f014_i16_d02
% instance = 7, reference value = 8.509160396943410e-01
% function evaluation | indicator value | target hit
1	7.067511012013150e-01	7.079457843841379e-01
171	6.213661940500395e-01	6.309573444801932e-01
297	6.077871642375914e-01	6.165950018614822e-01
386	4.204580599308835e-01	4.265795188015927e-01
434	2.578590236377896e-01	2.630267991895382e-01
450	2.542486039968844e-01	2.570395782768864e-01
451	2.463472102649249e-01	2.511886431509580e-01
452	1.112026842808626e-01	1.122018454301964e-01
457	9.900256561073639e-02	1.000000000000000e-01
484	8.682116382899108e-02	8.709635899560805e-02
496	8.330312983903598e-02	8.511380382023763e-02
497	8.267998867472093e-02	8.317637711026708e-02
504	7.939449837562074e-02	7.943282347242814e-02
523	6.566168624796009e-02	6.606934480075961e-02
524	5.014006140231597e-02	5.128613839913648e-02
526	4.982347238541485e-02	5.011872336272722e-02
527	4.803191301002263e-02	4.897788193684462e-02
529	4.785586572262768e-02	4.786300923226382e-02
530	4.312736681480989e-02	4.365158322401658e-02
543	4.253460017767374e-02	4.265795188015926e-02
546	4.092387375969697e-02	4.168693834703355e-02
552	4.072141486112968e-02	4.073802778041128e-02
559	3.972645864978031e-02	3.981071705534973e-02
567	3.807016864847024e-02	3.890451449942807e-02
568	3.782971853286510e-02	3.801893963205612e-02
571	3.714202005446643e-02	3.715352290971726e-02
578	3.498081012266563e-02	3.548133892335755e-02
579	3.445607032614006e-02	3.467368504525317e-02
590	3.387872691949922e-02	3.388441561392026e-02
591	3.175209522364841e-02	3.235936569296283e-02
592	3.143704103640610e-02	3.162277660168379e-02
609	3.070128356117363e-02	3.090295432513590e-02
620	3.002147338988725e-02	3.019951720402016e-02
626	2.581141495352302e-02	2.630267991895381e-02
627	2.255576539587067e-02	2.290867652767773e-02
636	2.238331326167686e-02	2.238721138568340e-02
660	2.186409770073761e-02	2.187761623949553e-02
664	1.819011536759452e-02	1.819700858609984e-02
679	1.768478322086320e-02	1.778279410038923e-02
696	1.731851192218681e-02	1.737800828749375e-02
716	1.675798921958271e-02	1.698243652461744e-02
717	1.650015983874520e-02	1.659586907437561e-02
725	1.513174719035382e-02	1.513561248436208e-02
774	1.323174743911015e-02	1.348962882591653e-02
775	1.231967681747059e-02	1.258925411794167e-02
783	1.016953759995720e-02	1.023292992280754e-02
794	9.883070242977632e-03	1.000000000000000e-02
796	8.466409275903475e-03	8.511380382023767e-03
797	7.986084631578017e-03	8.128305161640995e-03
800	7.727662204535801e-03	7.762471166286920e-03
808	7.483643787478900e-03	7.585775750291836e-03
809	7.318454899405413e-03	7.413102413009177e-03
810	6.942108673866798e-03	7.079457843841380e-03
811	6.696503895743722e-03	6.760829753919818e-03
817	6.571988654649252e-03	6.606934480075957e-03
822	6.448861770963044e-03	6.456542290346556e-03
825	5.392720912528848e-03	5.495408738576248e-03
829	5.362231835278508e-03	5.370317963702527e-03
848	5.027380142061832e-03	5.128613839913648e-03
851	5.001691403713870e-03	5.011872336272725e-03
861	4.591786263500430e-03	4.677351412871981e-03
862	4.558392364940156e-03	4.570881896148752e-03
868	4.462442725214344e-03	4.466835921509630e-03
875	4.354967097743301e-03	4.365158322401661e-03
876	4.135565776601902e-03	4.168693834703355e-03
880	3.932326034309486e-03	3.981071705534973e-03
882	3.856663779802205e-03	3.890451449942805e-03
893	3.776069513498514e-03	3.801893963205613e-03
896	3.672948937413212e-03	3.715352290971724e-03
898	3.539924444098230e-03	3.548133892335753e-03
910	3.440214291431820e-03	3.467368504525317e-03
916	3.383851973482233e-03	3.388441561392024e-03
918	3.306501754465008e-03	3.311311214825911e-03
930	3.233858372646004e-03	3.235936569296281e-03
939	3.147661925007816e-03	3.162277660168379e-03
955	3.042976623018001e-03	3.090295432513592e-03
959	3.009734359131544e-03	3.019951720402016e-03
964	2.921931624214613e-03	2.951209226666387e-03
970	2.871118988765131e-03	2.884031503126605e-03
972	2.814493332525148e-03	2.818382931264455e-03
975	2.732998301844036e-03	2.754228703338166e-03
985	2.682469940370358e-03	2.691534803926917e-03
990	2.563733830431958e-03	2.570395782768865e-03
992	2.507221231080714e-03	2.511886431509579e-03
998	2.446842548434636e-03	2.454708915685031e-03
1001	2.369472143120444e-03	2.398832919019490e-03
1005	2.338517347493685e-03	2.344228815319923e-03
1021	2.280858011940445e-03	2.290867652767772e-03
1038	2.213923670108975e-03	2.238721138568340e-03
1044	2.180433306178897e-03	2.187761623949552e-03
1050	2.136879097010325e-03	2.137962089502233e-03
1053	2.081686401016247e-03	2.089296130854039e-03
1056	2.037288743045984e-03	2.041737944669530e-03
1072	1.991369810258825e-03	1.995262314968879e-03
1080	1.940725027073542e-03	1.949844599758046e-03
1105	1.895920525626038e-03	1.905460717963246e-03
1122	1.853536347844464e-03	1.862087136662868e-03
1128	1.804276477944566e-03	1.819700858609983e-03
1129	1.777737573675275e-03	1.778279410038923e-03
1146	1.729372501176774e-03	1.737800828749376e-03
1162	1.690750214627834e-03	1.698243652461744e-03
1178	1.643064448973997e-03	1.659586907437561e-03
1191	1.618947836253604e-03	1.621810097358930e-03
1200	1.527171683728734e-03	1.548816618912481e-03
1201	1.485821254133435e-03	1.513561248436209e-03
1206	1.478049493986666e-03	1.479108388168207e-03
1230	1.437218598113743e-03	1.445439770745928e-03
1240	1.410671799821905e-03	1.412537544622754e-03
1241	1.352502142425216e-03	1.380384264602885e-03
1246	1.338298940690152e-03	1.348962882591653e-03
1258	1.315285682835787e-03	1.318256738556408e-03
1269	1.288159972345881e-03	1.288249551693134e-03
1288	1.255582312382764e-03	1.258925411794167e-03
1321	1.214188175715281e-03	1.230268770812381e-03
1337	1.201788441626106e-03	1.202264434617413e-03
1349	1.173292576820306e-03	1.174897554939529e-03
1353	1.141014492823333e-03	1.148153621496883e-03
1382	1.121606577571321e-03	1.122018454301963e-03
1399	1.095755960421330e-03	1.096478196143185e-03
1413	1.071487162893292e-03	1.071519305237606e-03
1434	1.002600380943020e-03	1.023292992280754e-03
1438	9.989435192010454e-04	1.000000000000000e-03
1453	9.744851455696368e-04	9.772372209558111e-04
1487	9.538373725844762e-04	9.549925860214359e-04
1506	9.288528438657906e-04	9.332543007969915e-04
1514	9.090513713292392e-04	9.120108393559096e-04
1534	8.904619106848699e-04	8.912509381337459e-04
1568	8.579901006955382e-04	8.709635899560805e-04
1571	8.495766203859834e-04	8.511380382023768e-04
1598	8.189362224974017e-04	8.317637711026709e-04
1610	8.115459106050604e-04	8.128305161640995e-04
1645	7.940607866946392e-04	7.943282347242813e-04
1669	7.761712858900260e-04	7.762471166286919e-04
1677	7.581899464255137e-04	7.585775750291835e-04
1712	7.400932926930892e-04	7.413102413009177e-04
1728	7.238011650696485e-04	7.244359600749898e-04
1763	7.075944031190717e-04	7.079457843841380e-04
1797	6.896492905695828e-04	6.918309709189362e-04
1838	6.747872253635157e-04	6.760829753919819e-04
1875	6.606426852473479e-04	6.606934480075957e-04
1901	6.449470145596381e-04	6.456542290346556e-04
1960	6.283706192845573e-04	6.309573444801930e-04
1977	6.158634249319173e-04	6.165950018614823e-04
2024	6.016668256502156e-04	6.025595860743575e-04
2067	5.881726529888276e-04	5.888436553555889e-04
2111	5.742113080303701e-04	5.754399373371566e-04
2146	5.587905645784152e-04	5.623413251903491e-04
2174	5.451716083625380e-04	5.495408738576248e-04
2204	5.352259689419547e-04	5.370317963702527e-04
2251	5.240122804223146e-04	5.248074602497728e-04
2310	5.109737751120003e-04	5.128613839913648e-04
2343	5.009424422146580e-04	5.011872336272725e-04
2378	4.897153047558334e-04	4.897788193684461e-04
2429	4.773377077788021e-04	4.786300923226385e-04
2452	4.658843449110162e-04	4.677351412871981e-04
2515	4.563850349715848e-04	4.570881896148752e-04
2574	4.460964941304102e-04	4.466835921509630e-04
2616	4.354108340677287e-04	4.365158322401661e-04
2671	4.236617495199102e-04	4.265795188015926e-04
2708	4.166310653800354e-04	4.168693834703355e-04
2784	4.053977482287863e-04	4.073802778041126e-04
2858	3.965176162606943e-04	3.981071705534974e-04
2877	3.889768512576053e-04	3.890451449942805e-04
2987	3.800211134923348e-04	3.801893963205612e-04
3030	3.707881689968273e-04	3.715352290971724e-04
3038	3.625815619580086e-04	3.630780547701014e-04
3118	3.543966758714490e-04	3.548133892335753e-04
3181	3.465390138347457e-04	3.467368504525317e-04
3243	3.384195372795329e-04	3.388441561392024e-04
3346	3.311110750304769e-04	3.311311214825911e-04
3392	3.229141521561285e-04	3.235936569296281e-04
3505	3.160824991952360e-04	3.162277660168379e-04
3607	3.084826638494187e-04	3.090295432513592e-04
3707	3.019596580471351e-04	3.019951720402016e-04
3866	2.950317810601621e-04	2.951209226666387e-04
3999	2.883939365128096e-04	2.884031503126605e-04
4072	2.818239992693483e-04	2.818382931264455e-04
4713	2.721951770066067e-04	2.754228703338166e-04
4926	2.691464743561633e-04	2.691534803926917e-04
5177	2.629864234361401e-04	2.630267991895381e-04
5356	2.570358843221321e-04	2.570395782768865e-04
5541	2.511139096825765e-04	2.511886431509580e-04
5730	2.454605420110223e-04	2.454708915685031e-04
5954	2.398595292164574e-04	2.398832919019490e-04
6146	2.343942777988106e-04	2.344228815319923e-04
6350	2.290654069007081e-04	2.290867652767772e-04
6571	2.238395135791826e-04	2.238721138568340e-04
6825	2.186766249193672e-04	2.187761623949552e-04
7035	2.137789794962597e-04	2.137962089502232e-04
7286	2.088705471630092e-04	2.089296130854039e-04
7524	2.041192789532520e-04	2.041737944669530e-04
7662	1.994814036123671e-04	1.995262314968879e-04
7902	1.949739057035549e-04	1.949844599758046e-04
8002	1.930263986041902e-04	1.949844599758046e-04
%
% index = 297, name = bbob_f008_i17_d02__bbob_f014_i18_d02
% instance = 8, reference value = 9.947974138897691e-01
% function evaluation | indicator value | target hit
1	3.807419429834269e+00	3.890451449942806e+00
171	2.454590289154125e+00	2.454708915685031e+00
178	1.826252468369269e+00	1.862087136662868e+00
202	1.280303102215269e+00	1.288249551693134e+00
210	8.106956705657331e-02	8.128305161640990e-02
281	5.242335928903619e-02	5.248074602497726e-02
297	5.077628122573263e-02	5.128613839913648e-02
310	4.949844159215533e-02	5.011872336272722e-02
332	3.455902140050660e-02	3.467368504525317e-02
340	3.375191411196310e-02	3.388441561392026e-02
344	1.159193155309868e-02	1.174897554939530e-02
345	8.858912920459483e-03	8.912509381337459e-03
354	7.662768021578170e-03	7.762471166286920e-03
376	7.554825072207505e-03	7.585775750291836e-03
377	6.797935888054107e-03	6.918309709189363e-03
396	6.691360442524608e-03	6.760829753919818e-03
413	6.420809091515101e-03	6.456542290346556e-03
420	4.162991387055670e-03	4.168693834703355e-03
430	3.821222302316629e-03	3.890451449942805e-03
431	3.455745709925129e-03	3.467368504525317e-03
432	3.344518851761236e-03	3.388441561392024e-03
443	3.294995506094245e-03	3.311311214825911e-03
446	3.217979173365415e-03	3.235936569296281e-03
459	3.094166942398058e-03	3.162277660168379e-03
464	3.086296547204492e-03	3.090295432513592e-03
468	2.989175332305138e-03	3.019951720402016e-03
473	2.940687785638385e-03	2.951209226666387e-03
474	2.345375342250766e-03	2.398832919019490e-03
482	2.340195286610780e-03	2.344228815319923e-03
487	2.154110693058486e-03	2.187761623949552e-03
494	2.019514728541116e-03	2.041737944669530e-03
497	1.989250834940948e-03	1.995262314968879e-03
509	1.944476322656041e-03	1.949844599758046e-03
531	1.842994874650561e-03	1.862087136662868e-03
537	1.819547298906210e-03	1.819700858609983e-03
539	1.774958282348194e-03	1.778279410038923e-03
547	1.730527314816488e-03	1.737800828749376e-03
563	1.472695820417647e-03	1.479108388168207e-03
566	1.437274505565855e-03	1.445439770745928e-03
579	1.410663832128178e-03	1.412537544622754e-03
580	1.372481495421574e-03	1.380384264602885e-03
588	1.346760214394727e-03	1.348962882591653e-03
609	1.313187568552476e-03	1.318256738556408e-03
613	1.275262807586275e-03	1.288249551693134e-03
619	1.248652150818375e-03	1.258925411794167e-03
629	1.223898329810846e-03	1.230268770812381e-03
638	1.201962394269063e-03	1.202264434617413e-03
641	1.130159185356416e-03	1.148153621496883e-03
652	1.115132037309619e-03	1.122018454301963e-03
654	1.088327142116374e-03	1.096478196143185e-03
660	1.070940397519649e-03	1.071519305237606e-03
670	1.046960798771646e-03	1.047128548050900e-03
687	1.019428875351003e-03	1.023292992280754e-03
698	9.966155809650878e-04	1.000000000000000e-03
707	9.712368140695204e-04	9.772372209558111e-04
723	9.506277019428744e-04	9.549925860214359e-04
728	9.330098682513999e-04	9.332543007969915e-04
747	9.108658065718478e-04	9.120108393559096e-04
771	8.909479059435732e-04	8.912509381337459e-04
784	8.650592321636230e-04	8.709635899560805e-04
805	8.505475580067312e-04	8.511380382023768e-04
832	8.316760218811670e-04	8.317637711026709e-04
870	8.123788695628686e-04	8.128305161640995e-04
905	7.932198495077536e-04	7.943282347242813e-04
965	7.762404013720303e-04	7.762471166286919e-04
1050	7.585516550735472e-04	7.585775750291835e-04
1138	7.404988728236805e-04	7.413102413009177e-04
1267	7.244089297471223e-04	7.244359600749898e-04
1460	7.070238490949343e-04	7.079457843841380e-04
1931	6.918095161606574e-04	6.918309709189362e-04
3299	6.760622254713411e-04	6.760829753919819e-04
4625	6.052250870905995e-04	6.165950018614823e-04
6530	6.025595446379484e-04	6.025595860743575e-04
8002	6.012797405522408e-04	6.025595860743575e-04
%
% index = 298, name = bbob_f008_i19_d02__bbob_f014_i21_d02
% instance = 9, reference value = 9.403360823987010e-01
% function evaluation | indicator value | target hit
1	7.532672141950201e+00	7.585775750291837e+00
237	3.036918837101201e+00	3.090295432513591e+00
247	1.488095328464390e+00	1.513561248436208e+00
299	5.658874213037479e-01	5.754399373371569e-01
317	4.967427351711066e-01	5.011872336272722e-01
362	4.181132792177714e-01	4.265795188015927e-01
363	4.153522511530197e-01	4.168693834703354e-01
393	4.010679220716553e-01	4.073802778041127e-01
400	3.841048014008083e-01	3.890451449942806e-01
403	3.524103855282248e-01	3.548133892335755e-01
410	3.433102964511463e-01	3.467368504525316e-01
416	2.116942235828910e-01	2.137962089502232e-01
443	1.832477657526842e-01	1.862087136662867e-01
447	1.307369920484718e-01	1.318256738556407e-01
465	1.185980088938379e-01	1.202264434617413e-01
482	1.044993517687267e-01	1.047128548050900e-01
494	9.038805454645393e-02	9.120108393559097e-02
560	8.030973631035976e-02	8.128305161640990e-02
561	6.605448429430527e-02	6.606934480075961e-02
571	6.101468216408468e-02	6.165950018614822e-02
575	5.585494523717471e-02	5.623413251903491e-02
588	4.544753709579386e-02	4.570881896148749e-02
590	4.293762575047655e-02	4.365158322401658e-02
591	4.206441968133501e-02	4.265795188015926e-02
601	3.940090837430321e-02	3.981071705534973e-02
608	3.882555973826340e-02	3.890451449942807e-02
610	3.597175358936922e-02	3.630780547701014e-02
611	3.410523121858378e-02	3.467368504525317e-02
616	3.305297732478463e-02	3.311311214825911e-02
625	3.093051431824900e-02	3.162277660168379e-02
626	3.083252334153774e-02	3.090295432513590e-02
646	2.911412372884681e-02	2.951209226666385e-02
661	2.883263775636291e-02	2.884031503126606e-02
673	2.817225258631217e-02	2.818382931264454e-02
688	2.716605608928380e-02	2.754228703338166e-02
693	2.673897680393278e-02	2.691534803926915e-02
711	2.579709679136277e-02	2.630267991895381e-02
720	2.569632621552953e-02	2.570395782768863e-02
729	2.434790739877968e-02	2.454708915685030e-02
750	2.395898170422150e-02	2.398832919019490e-02
769	2.306087226968900e-02	2.344228815319923e-02
775	2.282837686714356e-02	2.290867652767773e-02
800	2.220209236511095e-02	2.238721138568340e-02
806	2.158080013703267e-02	2.187761623949553e-02
815	2.119184689826237e-02	2.137962089502233e-02
849	2.042461627668379e-02	2.089296130854040e-02
850	2.040654068663417e-02	2.041737944669529e-02
892	1.991032592588604e-02	1.995262314968880e-02
931	1.925428643660754e-02	1.949844599758046e-02
972	1.727657060876520e-02	1.737800828749375e-02
992	1.664433985872948e-02	1.698243652461744e-02
1004	1.659555651429878e-02	1.659586907437561e-02
1030	1.561067650219994e-02	1.584893192461113e-02
1067	1.548614961376760e-02	1.548816618912481e-02
1289	1.513369361510286e-02	1.513561248436208e-02
1372	1.206528185932987e-02	1.230268770812382e-02
1411	1.202223095372512e-02	1.202264434617413e-02
1599	1.112336006277359e-02	1.122018454301964e-02
1702	8.595514214542410e-03	8.709635899560805e-03
1843	8.508213960203515e-03	8.511380382023767e-03
2501	8.317155045775571e-03	8.317637711026709e-03
2836	7.143605338978398e-03	7.244359600749898e-03
3096	6.951776165748713e-03	7.079457843841380e-03
3244	6.918280204354588e-03	6.918309709189363e-03
5859	4.902544664959985e-03	5.011872336272725e-03
5860	4.892258894876877e-03	4.897788193684461e-03
5964	2.070257035587275e-03	2.089296130854039e-03
6004	1.633518962570579e-03	1.659586907437561e-03
6094	1.471236475207860e-03	1.479108388168207e-03
6130	1.440347384390250e-03	1.445439770745928e-03
6205	1.198786256142004e-03	1.202264434617413e-03
6258	1.116810715563576e-03	1.122018454301963e-03
6503	1.060618974410343e-03	1.071519305237606e-03
7079	1.047122620586705e-03	1.047128548050900e-03
8002	1.040269697618057e-03	1.047128548050900e-03
%
% index = 299, name = bbob_f008_i21_d02__bbob_f014_i22_d02
% instance = 10, reference value = 8.329779944306220e-01
% function evaluation | indicator value | target hit
1	1.009531982908530e+03	1.023292992280754e+03
325	2.685102809525755e+02	2.691534803926917e+02
327	5.819203796535551e+01	5.888436553555890e+01
397	4.505707980721581e+01	4.570881896148749e+01
411	2.623089032608263e+01	2.630267991895381e+01
417	2.133895082181842e+00	2.137962089502232e+00
522	1.588001354552122e+00	1.621810097358930e+00
556	1.183524686982622e+00	1.202264434617413e+00
563	9.511923359011220e-01	9.549925860214360e-01
604	9.070578216516220e-01	9.120108393559098e-01
643	8.259902485856558e-01	8.317637711026710e-01
659	8.099541286427032e-01	8.128305161640993e-01
711	6.492528888981119e-01	6.606934480075960e-01
726	6.104189097347297e-01	6.165950018614822e-01
781	4.348579842648763e-01	4.365158322401660e-01
823	2.275621046665151e-01	2.290867652767773e-01
824	2.073612733197313e-01	2.089296130854039e-01
871	2.020910241071211e-01	2.041737944669530e-01
872	1.857934005704989e-01	1.862087136662867e-01
896	1.794637430633244e-01	1.819700858609984e-01
933	1.776889894745693e-01	1.778279410038923e-01
962	1.512967395595732e-01	1.513561248436208e-01
977	1.470431982956376e-01	1.479108388168208e-01
982	1.432253688006051e-01	1.445439770745928e-01
1029	1.402860724674849e-01	1.412537544622754e-01
1055	1.350302440737031e-01	1.380384264602885e-01
1059	1.336141498259645e-01	1.348962882591654e-01
1086	1.317422255729596e-01	1.318256738556407e-01
1139	1.287699990462244e-01	1.288249551693134e-01
1195	1.244088595828593e-01	1.258925411794167e-01
1270	9.751862783657161e-02	9.772372209558107e-02
1288	8.403275127621879e-02	8.511380382023763e-02
1393	8.273270700057600e-02	8.317637711026708e-02
1421	7.832037417037463e-02	7.943282347242814e-02
1456	7.754302416428283e-02	7.762471166286916e-02
1544	7.548624534268289e-02	7.585775750291836e-02
1552	7.391472097041352e-02	7.413102413009177e-02
1563	7.169664864602043e-02	7.244359600749903e-02
1568	4.846921035564489e-02	4.897788193684462e-02
1570	4.676849345934120e-02	4.677351412871981e-02
1638	4.523104647997045e-02	4.570881896148749e-02
1666	4.437438572774377e-02	4.466835921509630e-02
1687	4.346917629554359e-02	4.365158322401658e-02
1718	3.560998897422085e-02	3.630780547701014e-02
1722	2.584259634514552e-02	2.630267991895381e-02
1724	2.043104354266612e-02	2.089296130854040e-02
1729	2.033561535991080e-02	2.041737944669529e-02
1759	1.975954192145235e-02	1.995262314968880e-02
1776	1.937045209854416e-02	1.949844599758046e-02
1792	1.874009712242020e-02	1.905460717963247e-02
1793	1.717992359080889e-02	1.737800828749375e-02
1794	1.637814590304920e-02	1.659586907437561e-02
1807	1.614024581352036e-02	1.621810097358930e-02
1809	1.580612580135965e-02	1.584893192461113e-02
1815	1.477560707892256e-02	1.479108388168207e-02
1858	1.418891476674256e-02	1.445439770745927e-02
1859	1.378151991767740e-02	1.380384264602885e-02
1892	1.287220150380075e-02	1.288249551693134e-02
1936	1.257176200475474e-02	1.258925411794167e-02
1938	1.228630900991468e-02	1.230268770812382e-02
1978	1.192686789311037e-02	1.202264434617413e-02
1995	1.168010986545120e-02	1.174897554939530e-02
2040	1.148133034064458e-02	1.148153621496883e-02
2052	1.116760682860896e-02	1.122018454301964e-02
2087	1.095663869121610e-02	1.096478196143185e-02
2211	1.070959977521879e-02	1.071519305237606e-02
2308	1.042817755857617e-02	1.047128548050900e-02
2470	1.022419226227367e-02	1.023292992280754e-02
2524	9.999569311262224e-03	1.000000000000000e-02
2658	9.772139062660612e-03	9.772372209558112e-03
2729	9.518662411114986e-03	9.549925860214359e-03
3034	9.331625209301753e-03	9.332543007969915e-03
3309	9.116550739455498e-03	9.120108393559097e-03
3804	8.911293737704051e-03	8.912509381337459e-03
5244	7.269050702201074e-03	7.413102413009177e-03
5282	7.161206720910029e-03	7.244359600749898e-03
5292	6.328836407694105e-03	6.456542290346556e-03
5344	5.602347141583586e-03	5.623413251903491e-03
5434	5.493137794412850e-03	5.495408738576248e-03
5446	5.254509156254139e-03	5.370317963702527e-03
5463	5.085073467481327e-03	5.128613839913648e-03
5496	4.897582593751948e-03	4.897788193684461e-03
5505	4.727023033583966e-03	4.786300923226385e-03
5508	4.598938762027105e-03	4.677351412871981e-03
5531	4.127444360263244e-03	4.168693834703355e-03
5534	3.996750295026330e-03	4.073802778041126e-03
5538	3.832071363339407e-03	3.890451449942805e-03
5539	3.710061477325000e-03	3.715352290971724e-03
5727	3.401710502212163e-03	3.467368504525317e-03
5728	3.245006009957696e-03	3.311311214825911e-03
5738	3.147153968588445e-03	3.162277660168379e-03
5840	3.029877684327498e-03	3.090295432513592e-03
5841	2.993912696922174e-03	3.019951720402016e-03
5867	2.938438602136495e-03	2.951209226666387e-03
5912	2.854829358352129e-03	2.884031503126605e-03
5913	2.794426097511127e-03	2.818382931264455e-03
5921	2.678878117180927e-03	2.691534803926917e-03
6002	2.595155523098747e-03	2.630267991895381e-03
6040	2.563915587567078e-03	2.570395782768865e-03
6075	2.494265745116686e-03	2.511886431509579e-03
6093	2.402254077799149e-03	2.454708915685031e-03
6095	2.382754160976552e-03	2.398832919019490e-03
6120	2.343572979761732e-03	2.344228815319923e-03
6191	2.282408084122389e-03	2.290867652767772e-03
6217	2.209359868745819e-03	2.238721138568340e-03
6226	2.173466416957259e-03	2.187761623949552e-03
6267	2.042137434717706e-03	2.089296130854039e-03
6270	2.040769724767966e-03	2.041737944669530e-03
6297	1.992589197387096e-03	1.995262314968879e-03
6589	1.945162764654618e-03	1.949844599758046e-03
6634	1.900731095994534e-03	1.905460717963246e-03
6709	1.849271435271138e-03	1.862087136662868e-03
6732	1.816328376048282e-03	1.819700858609983e-03
6812	1.768272642884816e-03	1.778279410038923e-03
6819	1.736276048222463e-03	1.737800828749376e-03
6860	1.693852593400713e-03	1.698243652461744e-03
7694	1.659370967322160e-03	1.659586907437561e-03
8002	1.647318711197499e-03	1.659586907437561e-03
