%
% index = 280, name = bbob_f008_i02_d02__bbob_f013_i04_d02
% instance = 1, reference value = 9.724563913326740e-01
% function evaluation | indicator value | target hit
1	7.230030068214546e-01	7.244359600749900e-01
208	7.025252594618419e-01	7.079457843841379e-01
234	6.471480935007530e-01	6.606934480075960e-01
260	6.381963840448301e-01	6.456542290346555e-01
283	1.640658669963749e-01	1.659586907437560e-01
290	1.560299326640839e-01	1.584893192461113e-01
303	1.521910386979698e-01	1.548816618912481e-01
313	1.278299991182182e-01	1.288249551693134e-01
373	1.257820454233178e-01	1.258925411794167e-01
380	1.079778570175520e-01	1.096478196143185e-01
391	6.304800783153230e-02	6.309573444801933e-02
398	6.012178619994779e-02	6.025595860743578e-02
408	5.270452525781599e-02	5.370317963702527e-02
411	5.199456687219817e-02	5.248074602497726e-02
451	4.618363340433151e-02	4.677351412871981e-02
461	4.553910971269759e-02	4.570881896148749e-02
482	4.333963467166768e-02	4.365158322401658e-02
484	4.199100255053567e-02	4.265795188015926e-02
526	4.168020314161969e-02	4.168693834703355e-02
554	4.027458106110504e-02	4.073802778041128e-02
563	3.945728609865706e-02	3.981071705534973e-02
603	3.889626720370065e-02	3.890451449942807e-02
623	3.338388793403047e-02	3.388441561392026e-02
652	3.309343517812324e-02	3.311311214825911e-02
680	3.231838919566665e-02	3.235936569296283e-02
681	3.098588352924936e-02	3.162277660168379e-02
701	3.089037147396689e-02	3.090295432513590e-02
728	2.854507598066280e-02	2.884031503126606e-02
821	2.713094791705828e-02	2.754228703338166e-02
916	2.691491018650760e-02	2.691534803926915e-02
1034	2.443951109844245e-02	2.454708915685030e-02
1038	1.923336286682309e-02	1.949844599758046e-02
1048	1.264387631268538e-02	1.288249551693134e-02
1098	1.249613517287829e-02	1.258925411794167e-02
1103	1.158936608918193e-02	1.174897554939530e-02
1109	1.142645552490451e-02	1.148153621496883e-02
1129	1.120569106288705e-02	1.122018454301964e-02
1211	1.094427947595522e-02	1.096478196143185e-02
1244	9.382668385796933e-03	9.549925860214359e-03
1267	9.329855102926166e-03	9.332543007969915e-03
1280	9.058318940374566e-03	9.120108393559097e-03
1290	8.514286747165478e-03	8.709635899560805e-03
1293	8.510793319989496e-03	8.511380382023767e-03
1374	7.102052172043072e-03	7.244359600749898e-03
1380	7.065259522712530e-03	7.079457843841380e-03
1486	5.427038746841806e-03	5.495408738576248e-03
1529	3.542820662706170e-03	3.548133892335753e-03
1550	3.463156958702029e-03	3.467368504525317e-03
1602	3.386904998106677e-03	3.388441561392024e-03
1658	2.778158603501391e-03	2.818382931264455e-03
1688	2.677324355222055e-03	2.691534803926917e-03
1722	2.629919404540937e-03	2.630267991895381e-03
1723	2.548444351537560e-03	2.570395782768865e-03
1771	2.422534740986082e-03	2.454708915685031e-03
1792	2.396596002381957e-03	2.398832919019490e-03
1796	1.816730546220446e-03	1.819700858609983e-03
1832	1.751789976157658e-03	1.778279410038923e-03
1840	1.737786360487492e-03	1.737800828749376e-03
1886	1.678652710533135e-03	1.698243652461744e-03
1894	1.644627824600731e-03	1.659586907437561e-03
1899	1.616065132911348e-03	1.621810097358930e-03
1920	1.584026272560268e-03	1.584893192461114e-03
1932	1.530765033701975e-03	1.548816618912481e-03
1933	1.503721200084684e-03	1.513561248436209e-03
1942	1.477687231083435e-03	1.479108388168207e-03
1964	1.443123128194834e-03	1.445439770745928e-03
2020	1.409454259441278e-03	1.412537544622754e-03
2032	1.377736751220882e-03	1.380384264602885e-03
2134	1.331867014859878e-03	1.348962882591653e-03
2217	1.318185668077620e-03	1.318256738556408e-03
2275	1.283274426965519e-03	1.288249551693134e-03
2309	1.258820261261340e-03	1.258925411794167e-03
2395	1.230177479148997e-03	1.230268770812381e-03
2450	1.200364065826243e-03	1.202264434617413e-03
2495	1.168636513649068e-03	1.174897554939529e-03
2511	6.922765148470456e-04	7.079457843841380e-04
2514	6.915436834269428e-04	6.918309709189362e-04
2618	6.738469180387341e-04	6.760829753919819e-04
2637	6.597618534016636e-04	6.606934480075957e-04
2684	6.456009207600477e-04	6.456542290346556e-04
2716	6.032745790676142e-04	6.165950018614823e-04
2717	5.982907995979447e-04	6.025595860743575e-04
2760	5.847663702621686e-04	5.888436553555889e-04
2796	5.750760055969195e-04	5.754399373371566e-04
2840	5.623356085252551e-04	5.623413251903491e-04
3001	5.494752776710188e-04	5.495408738576248e-04
3159	5.363551077621764e-04	5.370317963702527e-04
3178	4.778642215490514e-04	4.786300923226385e-04
3185	4.616498899737698e-04	4.677351412871981e-04
3213	4.548830937788351e-04	4.570881896148752e-04
3215	4.158331359372935e-04	4.168693834703355e-04
3324	3.713336325467109e-04	3.715352290971724e-04
3367	3.540225428729782e-04	3.548133892335753e-04
3401	3.465709091887703e-04	3.467368504525317e-04
3495	3.388349356976406e-04	3.388441561392024e-04
3547	3.301194960295684e-04	3.311311214825911e-04
3711	3.221749804606100e-04	3.235936569296281e-04
3825	3.160788924656543e-04	3.162277660168379e-04
4071	3.089909072447883e-04	3.090295432513592e-04
5003	3.003653676387774e-04	3.019951720402016e-04
5713	2.947623609368399e-04	2.951209226666387e-04
5825	2.278800536538172e-04	2.290867652767772e-04
6064	2.222389349130216e-04	2.238721138568340e-04
6338	2.186777510816418e-04	2.187761623949552e-04
6540	2.114352403481679e-04	2.137962089502232e-04
6543	2.082448267690662e-04	2.089296130854039e-04
6881	1.863083639352947e-04	1.905460717963246e-04
6970	1.862024519545535e-04	1.862087136662868e-04
7202	1.818365613575068e-04	1.819700858609983e-04
7354	1.776353540021702e-04	1.778279410038923e-04
7466	1.671973888609513e-04	1.698243652461744e-04
7617	1.656677177287458e-04	1.659586907437562e-04
8002	1.634444502064403e-04	1.659586907437562e-04
%
% index = 281, name = bbob_f008_i03_d02__bbob_f013_i05_d02
% instance = 2, reference value = 9.991655198127470e-01
% function evaluation | indicator value | target hit
1	7.383602298228322e-01	7.413102413009175e-01
250	5.936649352209616e-01	6.025595860743578e-01
323	5.316839050309399e-01	5.370317963702527e-01
350	3.360654386818192e-01	3.388441561392025e-01
355	2.181006541877981e-01	2.187761623949552e-01
357	1.154523800710167e-01	1.174897554939529e-01
363	9.644283913610552e-02	9.772372209558107e-02
380	9.235785901282201e-02	9.332543007969910e-02
388	7.364018163604191e-02	7.413102413009177e-02
425	7.203034409639297e-02	7.244359600749903e-02
436	7.064500879273405e-02	7.079457843841380e-02
456	4.508550749366924e-02	4.570881896148749e-02
457	3.828596394304773e-02	3.890451449942807e-02
474	3.187910821344531e-02	3.235936569296283e-02
486	3.108187477864244e-02	3.162277660168379e-02
490	2.008675370527546e-02	2.041737944669529e-02
498	1.792406153221271e-02	1.819700858609984e-02
528	1.434540183319288e-02	1.445439770745927e-02
529	1.128412015990754e-02	1.148153621496883e-02
535	1.114194953419978e-02	1.122018454301964e-02
541	1.016851542505404e-02	1.023292992280754e-02
546	4.439037583867100e-03	4.466835921509630e-03
563	4.119703974134969e-03	4.168693834703355e-03
577	4.038331937044837e-03	4.073802778041126e-03
580	2.787398535014307e-03	2.818382931264455e-03
583	2.688853086677323e-03	2.691534803926917e-03
598	2.369272371985143e-03	2.398832919019490e-03
610	2.315832324367051e-03	2.344228815319923e-03
612	2.159806367774242e-03	2.187761623949552e-03
613	1.992134446172855e-03	1.995262314968879e-03
624	1.576057041905554e-03	1.584893192461114e-03
656	1.544349323291394e-03	1.548816618912481e-03
665	1.465445119496978e-03	1.479108388168207e-03
669	1.173696019297066e-03	1.174897554939529e-03
684	1.146737951852717e-03	1.148153621496883e-03
738	8.438884811307057e-04	8.511380382023768e-04
783	8.122086302860820e-04	8.128305161640995e-04
849	7.900238705681462e-04	7.943282347242813e-04
853	7.741431078087668e-04	7.762471166286919e-04
891	7.584534266945608e-04	7.585775750291835e-04
957	7.373519596273193e-04	7.413102413009177e-04
965	7.106404555405899e-04	7.244359600749898e-04
976	7.079379915025941e-04	7.079457843841380e-04
1092	6.804208110574583e-04	6.918309709189362e-04
1094	6.706875479218777e-04	6.760829753919819e-04
1112	6.186639114510450e-04	6.309573444801930e-04
1130	6.163781955621506e-04	6.165950018614823e-04
1253	5.996089462388943e-04	6.025595860743575e-04
1266	5.859167588274650e-04	5.888436553555889e-04
1336	5.754315903567786e-04	5.754399373371566e-04
1346	5.619002306813670e-04	5.623413251903491e-04
1683	4.928862954526325e-04	5.011872336272725e-04
1845	3.961785856193556e-04	3.981071705534974e-04
1885	3.859089299160789e-04	3.890451449942805e-04
1908	3.698325161557436e-04	3.715352290971724e-04
1930	3.609623586650068e-04	3.630780547701014e-04
1992	3.533979635824691e-04	3.548133892335753e-04
2067	2.544657086333002e-04	2.570395782768865e-04
2089	2.501092431252960e-04	2.511886431509580e-04
2097	2.183305132980040e-04	2.187761623949552e-04
4018	2.137950443815706e-04	2.137962089502232e-04
4646	2.073286461347079e-04	2.089296130854039e-04
5047	2.008289858056456e-04	2.041737944669530e-04
5192	1.748625360735723e-04	1.778279410038923e-04
5346	1.726018196881451e-04	1.737800828749376e-04
5393	1.437518750048161e-04	1.445439770745928e-04
5550	1.305656412006195e-04	1.318256738556407e-04
5769	1.280484867319798e-04	1.288249551693134e-04
5877	9.728430051836323e-05	9.772372209558111e-05
5993	9.306873257874937e-05	9.332543007969905e-05
6038	9.099344011265220e-05	9.120108393559096e-05
6044	8.434205652718685e-05	8.511380382023759e-05
6063	8.317320060946543e-05	8.317637711026709e-05
6089	7.997023446948415e-05	8.128305161640995e-05
6125	7.941680589873545e-05	7.943282347242822e-05
6130	6.462286537034512e-05	6.606934480075965e-05
6140	6.449582240108942e-05	6.456542290346549e-05
6214	6.292027378529408e-05	6.309573444801929e-05
6229	6.092875616492410e-05	6.165950018614822e-05
6246	5.808384074346140e-05	5.888436553555884e-05
6259	5.729087250250231e-05	5.754399373371566e-05
6262	5.599367054875959e-05	5.623413251903491e-05
6276	5.395296474042244e-05	5.495408738576248e-05
6299	5.366486362334832e-05	5.370317963702532e-05
6958	5.247964226828827e-05	5.248074602497723e-05
7372	4.979952467287774e-05	5.011872336272725e-05
7394	4.890242437816106e-05	4.897788193684466e-05
7447	4.780342390076076e-05	4.786300923226380e-05
7475	4.644394002251140e-05	4.677351412871981e-05
8002	4.607895290309472e-05	4.677351412871981e-05
%
% index = 282, name = bbob_f008_i07_d02__bbob_f013_i08_d02
% instance = 3, reference value = 9.932803094038030e-01
% function evaluation | indicator value | target hit
1	9.439138818866191e-01	9.549925860214360e-01
59	9.109977928920854e-01	9.120108393559098e-01
227	4.930853019842042e-01	5.011872336272722e-01
289	4.794801359966705e-01	4.897788193684462e-01
325	4.780650283778958e-01	4.786300923226383e-01
329	4.450749077991101e-02	4.466835921509630e-02
429	3.917709862080665e-02	3.981071705534973e-02
455	3.835513042756011e-02	3.890451449942807e-02
462	3.770577160855271e-02	3.801893963205612e-02
472	3.523607718588895e-02	3.548133892335755e-02
491	3.451916155533108e-02	3.467368504525317e-02
510	3.340820101099007e-02	3.388441561392026e-02
536	3.080205989614138e-02	3.090295432513590e-02
576	3.017434163582811e-02	3.019951720402016e-02
604	2.926345277657150e-02	2.951209226666385e-02
605	2.342256269955334e-02	2.344228815319923e-02
615	2.288352194926324e-02	2.290867652767773e-02
625	2.233904864981873e-02	2.238721138568340e-02
650	2.042874492816293e-02	2.089296130854040e-02
657	1.994733638250568e-02	1.995262314968880e-02
668	1.946169720743540e-02	1.949844599758046e-02
678	1.743157912313287e-02	1.778279410038923e-02
719	1.737663172180293e-02	1.737800828749375e-02
776	1.697896696075296e-02	1.698243652461744e-02
863	8.807801839975760e-03	8.912509381337459e-03
928	8.707693683170037e-03	8.709635899560805e-03
929	7.738231002495821e-03	7.762471166286920e-03
935	6.603843289181066e-03	6.606934480075957e-03
955	6.040795711533042e-03	6.165950018614822e-03
956	5.141159678633267e-03	5.248074602497728e-03
960	5.125364521284093e-03	5.128613839913648e-03
986	4.721615238343357e-03	4.786300923226385e-03
995	4.674716187663575e-03	4.677351412871981e-03
1123	4.444068270974433e-03	4.466835921509630e-03
1492	4.365157865502844e-03	4.365158322401661e-03
3110	4.265347796248431e-03	4.265795188015926e-03
4862	4.144889665943730e-03	4.168693834703355e-03
4978	4.044353646250887e-03	4.073802778041126e-03
5024	3.970138530259959e-03	3.981071705534973e-03
5128	3.884195372273247e-03	3.890451449942805e-03
5137	3.747015833476031e-03	3.801893963205613e-03
5144	3.637401448826738e-03	3.715352290971724e-03
5159	3.619974606462684e-03	3.630780547701014e-03
5174	3.544889194039724e-03	3.548133892335753e-03
5218	3.448288120730836e-03	3.467368504525317e-03
5261	3.388247368973252e-03	3.388441561392024e-03
5862	3.311290120073473e-03	3.311311214825911e-03
8002	3.297248002074649e-03	3.311311214825911e-03
%
% index = 283, name = bbob_f008_i09_d02__bbob_f013_i10_d02
% instance = 4, reference value = 9.669085990550870e-01
% function evaluation | indicator value | target hit
1	1.216309225341087e+00	1.230268770812382e+00
181	7.138399887147483e-01	7.244359600749900e-01
194	4.759602096224046e-01	4.786300923226383e-01
219	4.451620445008407e-01	4.466835921509631e-01
246	3.905783543945421e-01	3.981071705534972e-01
247	3.035564543169661e-01	3.090295432513591e-01
266	1.253518912408754e-01	1.258925411794167e-01
312	9.425068774978462e-02	9.549925860214359e-02
316	9.017597142926048e-02	9.120108393559097e-02
321	8.681206305973599e-02	8.709635899560805e-02
322	7.654274984178122e-02	7.762471166286916e-02
323	6.705339613875272e-02	6.760829753919818e-02
345	4.605913837701414e-02	4.677351412871981e-02
361	4.376088259056476e-02	4.466835921509630e-02
376	4.343185829451957e-02	4.365158322401658e-02
379	3.982409240116036e-02	4.073802778041128e-02
384	3.277060554959876e-02	3.311311214825911e-02
403	3.104210625304471e-02	3.162277660168379e-02
405	2.717387889418421e-02	2.754228703338166e-02
412	2.609593145747247e-02	2.630267991895381e-02
452	2.445199961745215e-02	2.454708915685030e-02
454	2.396067272227131e-02	2.398832919019490e-02
469	2.267673400953096e-02	2.290867652767773e-02
480	2.183048101169949e-02	2.187761623949553e-02
502	2.130071578883930e-02	2.137962089502233e-02
507	2.088005559276818e-02	2.089296130854040e-02
532	2.040664185948737e-02	2.041737944669529e-02
538	1.932178684743913e-02	1.949844599758046e-02
539	1.888428677592335e-02	1.905460717963247e-02
571	1.860849705384049e-02	1.862087136662868e-02
591	1.668141020032887e-02	1.698243652461744e-02
595	1.657410587231756e-02	1.659586907437561e-02
597	1.619320429265514e-02	1.621810097358930e-02
610	1.482726335319273e-02	1.513561248436208e-02
617	1.474607818613016e-02	1.479108388168207e-02
628	1.398709142966004e-02	1.412537544622754e-02
644	1.378756795691005e-02	1.380384264602885e-02
663	1.341094266449105e-02	1.348962882591653e-02
698	1.318239129893306e-02	1.318256738556407e-02
705	1.202391666152869e-02	1.230268770812382e-02
706	1.202178430238354e-02	1.202264434617413e-02
751	1.173031060763130e-02	1.174897554939530e-02
762	1.126105828297619e-02	1.148153621496883e-02
765	1.106642405785541e-02	1.122018454301964e-02
787	1.087419066566486e-02	1.096478196143185e-02
793	1.029965485738826e-02	1.047128548050900e-02
816	1.005915565698789e-02	1.023292992280754e-02
837	9.936460786332035e-03	1.000000000000000e-02
849	9.537309056352639e-03	9.549925860214359e-03
879	9.152228595168066e-03	9.332543007969915e-03
889	7.603887440307044e-03	7.762471166286920e-03
892	7.572804281447021e-03	7.585775750291836e-03
928	5.488306112586328e-03	5.495408738576248e-03
958	5.273743100257855e-03	5.370317963702527e-03
972	5.248006127237526e-03	5.248074602497728e-03
986	5.127039797412913e-03	5.128613839913648e-03
1002	4.843387759491558e-03	4.897788193684461e-03
1016	4.779651650800409e-03	4.786300923226385e-03
1044	4.537887258065698e-03	4.570881896148752e-03
1064	4.075470583186136e-03	4.168693834703355e-03
1070	4.073279136657226e-03	4.073802778041126e-03
1088	3.676726208916237e-03	3.715352290971724e-03
1135	2.697184875599001e-03	2.754228703338166e-03
1154	2.620838139586468e-03	2.630267991895381e-03
1170	2.568660329911210e-03	2.570395782768865e-03
1183	2.486232722257009e-03	2.511886431509579e-03
1189	2.402610085308066e-03	2.454708915685031e-03
1191	2.397834421156375e-03	2.398832919019490e-03
1194	2.326223441968867e-03	2.344228815319923e-03
1200	2.286889898403310e-03	2.290867652767772e-03
1202	2.079463677515214e-03	2.089296130854039e-03
1203	1.979274485006455e-03	1.995262314968879e-03
1251	1.886445665988612e-03	1.905460717963246e-03
1252	1.849356795438961e-03	1.862087136662868e-03
1276	1.819165529722611e-03	1.819700858609983e-03
1282	1.775529521355290e-03	1.778279410038923e-03
1296	1.605689482733874e-03	1.621810097358930e-03
1308	1.582798550134878e-03	1.584893192461114e-03
1331	1.548698596737008e-03	1.548816618912481e-03
1335	1.391727319526637e-03	1.412537544622754e-03
1339	1.380055152215509e-03	1.380384264602885e-03
1351	1.256796240480695e-03	1.258925411794167e-03
1370	1.180283956944694e-03	1.202264434617413e-03
1383	1.174839352674040e-03	1.174897554939529e-03
1413	1.147332940354628e-03	1.148153621496883e-03
1444	1.120350674570170e-03	1.122018454301963e-03
1467	1.092330742394898e-03	1.096478196143185e-03
1526	1.071454198731669e-03	1.071519305237606e-03
1539	1.041203468760132e-03	1.047128548050900e-03
1610	1.021417872617003e-03	1.023292992280754e-03
1622	9.817987700972974e-04	1.000000000000000e-03
1632	9.734160375199918e-04	9.772372209558111e-04
1649	9.255690990800369e-04	9.332543007969915e-04
1659	8.876150735931398e-04	8.912509381337459e-04
1666	8.699401749874269e-04	8.709635899560805e-04
1684	8.417709993797651e-04	8.511380382023768e-04
1691	8.312667018729458e-04	8.317637711026709e-04
1707	7.625203426953053e-04	7.762471166286919e-04
1721	7.577564992490293e-04	7.585775750291835e-04
1766	7.412125721496521e-04	7.413102413009177e-04
1848	7.242978539966360e-04	7.244359600749898e-04
1989	7.068663404524722e-04	7.079457843841380e-04
2044	6.917351403025185e-04	6.918309709189362e-04
2068	6.657203088602515e-04	6.760829753919819e-04
2069	6.547697323167068e-04	6.606934480075957e-04
2128	6.451580507931265e-04	6.456542290346556e-04
2132	5.924027270803878e-04	6.025595860743575e-04
2139	5.852511946395911e-04	5.888436553555889e-04
2207	5.747284627715121e-04	5.754399373371566e-04
2228	5.418692988751195e-04	5.495408738576248e-04
2229	5.314722721239118e-04	5.370317963702527e-04
2237	5.112529679851541e-04	5.128613839913648e-04
2393	4.996495723975647e-04	5.011872336272725e-04
2445	4.897386481816923e-04	4.897788193684461e-04
2527	4.784236416511822e-04	4.786300923226385e-04
2688	4.677087152968884e-04	4.677351412871981e-04
2766	4.570716053143853e-04	4.570881896148752e-04
2818	4.443066017101316e-04	4.466835921509630e-04
2869	4.364557924412260e-04	4.365158322401661e-04
3049	4.265717392889501e-04	4.265795188015926e-04
3269	4.165318037443466e-04	4.168693834703355e-04
3581	4.068568948154550e-04	4.073802778041126e-04
3662	3.980964183946112e-04	3.981071705534974e-04
3795	3.890424524619629e-04	3.890451449942805e-04
3894	3.801627189075063e-04	3.801893963205612e-04
4681	3.611140781709654e-04	3.630780547701014e-04
5401	3.547171716289377e-04	3.548133892335753e-04
5574	3.344850816897615e-04	3.388441561392024e-04
5747	3.211916415303273e-04	3.235936569296281e-04
5750	3.126811762216297e-04	3.162277660168379e-04
5935	3.083748479966175e-04	3.090295432513592e-04
6020	3.018462937443012e-04	3.019951720402016e-04
6422	2.951046740571339e-04	2.951209226666387e-04
6683	2.883795433721303e-04	2.884031503126605e-04
6709	2.621132243506574e-04	2.630267991895381e-04
6745	2.566573170956765e-04	2.570395782768865e-04
6937	2.509390376980170e-04	2.511886431509580e-04
6993	2.453874122475552e-04	2.454708915685031e-04
7086	2.381220516228799e-04	2.398832919019490e-04
7275	2.310333834634193e-04	2.344228815319923e-04
7403	2.290098854788036e-04	2.290867652767772e-04
7412	2.231140948876220e-04	2.238721138568340e-04
7547	2.161901962022261e-04	2.187761623949552e-04
7588	2.107723884944290e-04	2.137962089502232e-04
7591	2.066547375848549e-04	2.089296130854039e-04
7747	2.032298991295756e-04	2.041737944669530e-04
7966	1.988577408931214e-04	1.995262314968879e-04
8002	1.976873922392430e-04	1.995262314968879e-04
%
% index = 284, name = bbob_f008_i11_d02__bbob_f013_i12_d02
% instance = 5, reference value = 9.885290054670119e-01
% function evaluation | indicator value | target hit
1	1.897719645836129e+01	1.905460717963247e+01
222	1.592828440199801e+01	1.621810097358930e+01
239	1.547637602903160e+01	1.548816618912481e+01
256	1.299559060319053e+01	1.318256738556407e+01
259	7.840755946520570e+00	7.943282347242816e+00
273	7.407526463934012e+00	7.413102413009175e+00
293	2.335303775113077e+00	2.344228815319922e+00
323	2.065256865309512e+00	2.089296130854040e+00
340	6.998608121898404e-01	7.079457843841379e-01
364	6.882932226930810e-01	6.918309709189365e-01
406	5.800890723858020e-01	5.888436553555889e-01
464	2.960367090809894e-01	3.019951720402016e-01
475	2.590697936785993e-01	2.630267991895382e-01
485	2.079735445055539e-01	2.089296130854039e-01
489	2.017904626776514e-01	2.041737944669530e-01
493	1.948618208231934e-01	1.949844599758045e-01
502	1.507332071105127e-01	1.513561248436208e-01
538	1.460319477632857e-01	1.479108388168208e-01
548	1.327485022917181e-01	1.348962882591654e-01
590	7.237726175080417e-02	7.244359600749903e-02
591	6.620051481437050e-02	6.760829753919818e-02
633	5.730729382111455e-02	5.754399373371569e-02
678	5.561323319708777e-02	5.623413251903491e-02
679	5.206213985447716e-02	5.248074602497726e-02
683	3.679330232435118e-02	3.715352290971726e-02
689	3.132240633914285e-02	3.162277660168379e-02
704	2.890147439388113e-02	2.951209226666385e-02
708	2.259585068094994e-02	2.290867652767773e-02
710	1.860218556135074e-02	1.862087136662868e-02
722	1.660102161790555e-02	1.698243652461744e-02
723	1.597735440771908e-02	1.621810097358930e-02
731	1.340268565952329e-02	1.348962882591653e-02
735	1.223248181985925e-02	1.230268770812382e-02
755	1.181621077677364e-02	1.202264434617413e-02
763	1.156403130979466e-02	1.174897554939530e-02
777	1.124023449579015e-02	1.148153621496883e-02
778	1.117229750644810e-02	1.122018454301964e-02
785	9.398312899587591e-03	9.549925860214359e-03
804	8.811537244052148e-03	8.912509381337459e-03
809	8.515870120810343e-03	8.709635899560805e-03
817	8.479750354065896e-03	8.511380382023767e-03
825	7.730045759763104e-03	7.762471166286920e-03
844	7.538663210907348e-03	7.585775750291836e-03
845	7.404418777563038e-03	7.413102413009177e-03
858	7.189373421959910e-03	7.244359600749898e-03
861	7.068832362471911e-03	7.079457843841380e-03
864	6.787232873966431e-03	6.918309709189363e-03
888	6.751449417935929e-03	6.760829753919818e-03
905	6.601090121289066e-03	6.606934480075957e-03
909	6.006113810710256e-03	6.025595860743574e-03
947	5.651569617384555e-03	5.754399373371567e-03
948	5.523771705639113e-03	5.623413251903491e-03
949	5.457477852358172e-03	5.495408738576248e-03
962	5.333835775989226e-03	5.370317963702527e-03
996	4.740041152774266e-03	4.786300923226385e-03
997	4.517509445339463e-03	4.570881896148752e-03
1024	4.463689854945163e-03	4.466835921509630e-03
1043	4.363208414664199e-03	4.365158322401661e-03
1055	4.236768154632031e-03	4.265795188015926e-03
1073	4.116226051370742e-03	4.168693834703355e-03
1090	3.921480797628885e-03	3.981071705534973e-03
1091	3.863101382108436e-03	3.890451449942805e-03
1092	3.745900332238761e-03	3.801893963205613e-03
1102	3.351229266866262e-03	3.388441561392024e-03
1107	3.290420345134826e-03	3.311311214825911e-03
1112	3.233823600345298e-03	3.235936569296281e-03
1125	2.985894843324566e-03	3.019951720402016e-03
1166	2.945976029478214e-03	2.951209226666387e-03
1173	2.788867085581126e-03	2.818382931264455e-03
1176	2.750459737151267e-03	2.754228703338166e-03
1188	2.672564686831413e-03	2.691534803926917e-03
1220	2.568801701320012e-03	2.570395782768865e-03
1241	2.511777579241037e-03	2.511886431509579e-03
1334	2.451820416206396e-03	2.454708915685031e-03
1338	2.378183450825189e-03	2.398832919019490e-03
1362	2.343965697970907e-03	2.344228815319923e-03
1378	2.280706663471133e-03	2.290867652767772e-03
1384	2.233374071452743e-03	2.238721138568340e-03
1400	2.185814401594710e-03	2.187761623949552e-03
1414	2.123406339316625e-03	2.137962089502233e-03
1429	2.086273007765427e-03	2.089296130854039e-03
1475	1.948206281112030e-03	1.949844599758046e-03
1560	1.897949855869330e-03	1.905460717963246e-03
1577	1.847723207649477e-03	1.862087136662868e-03
1682	1.716390382570543e-03	1.737800828749376e-03
1700	1.698108286765532e-03	1.698243652461744e-03
1708	1.639969940996577e-03	1.659586907437561e-03
1726	1.621700348347188e-03	1.621810097358930e-03
1739	1.568427239029169e-03	1.584893192461114e-03
1758	1.542668300488104e-03	1.548816618912481e-03
1777	1.351684398060993e-03	1.380384264602885e-03
1782	1.344864344722585e-03	1.348962882591653e-03
1813	1.318121726813115e-03	1.318256738556408e-03
1840	1.282845418280942e-03	1.288249551693134e-03
1845	1.238952476095401e-03	1.258925411794167e-03
1861	1.229642604209880e-03	1.230268770812381e-03
1998	1.200244692272312e-03	1.202264434617413e-03
2071	1.174560932315605e-03	1.174897554939529e-03
2283	1.067350205159467e-03	1.071519305237606e-03
2364	1.020685125694420e-03	1.023292992280754e-03
2411	9.898779476561481e-04	1.000000000000000e-03
2661	9.771227006618588e-04	9.772372209558111e-04
3072	9.548126041003524e-04	9.549925860214359e-04
3293	9.268549130024839e-04	9.332543007969915e-04
3656	8.072810636461369e-04	8.128305161640995e-04
4467	7.275607178959254e-04	7.413102413009177e-04
4525	7.070458142255376e-04	7.079457843841380e-04
4589	6.469695740980441e-04	6.606934480075957e-04
4681	6.096492229538120e-04	6.165950018614823e-04
5600	6.025253600729918e-04	6.025595860743575e-04
5861	5.884048492988958e-04	5.888436553555889e-04
8002	5.807412772450560e-04	5.888436553555889e-04
%
% index = 285, name = bbob_f008_i13_d02__bbob_f013_i14_d02
% instance = 6, reference value = 9.675275699312530e-01
% function evaluation | indicator value | target hit
1	3.882824811805753e+00	3.890451449942806e+00
170	2.456120210788253e+00	2.511886431509580e+00
327	1.915730420907753e+00	1.949844599758045e+00
355	9.163227216513853e-01	9.332543007969910e-01
386	5.671615808581288e-01	5.754399373371569e-01
527	4.569753301871843e-01	4.570881896148750e-01
630	3.063871843775631e-01	3.090295432513591e-01
722	3.008793410895781e-01	3.019951720402016e-01
1057	2.947553912449142e-01	2.951209226666385e-01
3343	2.881470527834448e-01	2.884031503126606e-01
3835	2.803834229112954e-01	2.818382931264454e-01
3875	2.715285576804193e-01	2.754228703338166e-01
4037	2.671811591263806e-01	2.691534803926916e-01
4443	1.105807014070918e-01	1.122018454301964e-01
4487	1.087429445299487e-01	1.096478196143185e-01
4506	9.882835885004915e-02	1.000000000000000e-01
4573	9.012703480225370e-02	9.120108393559097e-02
4579	6.184477671241184e-02	6.309573444801933e-02
4600	5.814755172263097e-02	5.888436553555890e-02
4610	5.506063245207615e-02	5.623413251903491e-02
4617	3.935480232762967e-02	3.981071705534973e-02
4638	2.968926473393874e-02	3.019951720402016e-02
4651	2.886480406628811e-02	2.951209226666385e-02
4661	2.879784631916871e-02	2.884031503126606e-02
4677	2.818213012411175e-02	2.818382931264454e-02
4691	2.710717450841083e-02	2.754228703338166e-02
4692	2.614521027107919e-02	2.630267991895381e-02
4698	2.378696133541336e-02	2.398832919019490e-02
4701	2.277121694678919e-02	2.290867652767773e-02
4705	2.231485173491110e-02	2.238721138568340e-02
4720	2.132350798139060e-02	2.137962089502233e-02
4733	2.051742741276585e-02	2.089296130854040e-02
4737	2.026614809870086e-02	2.041737944669529e-02
4754	1.925981659541709e-02	1.949844599758046e-02
4765	1.900360774906029e-02	1.905460717963247e-02
4771	1.840607243400771e-02	1.862087136662868e-02
4774	1.817627381532061e-02	1.819700858609984e-02
4790	1.676218900983173e-02	1.698243652461744e-02
4804	1.627694512401312e-02	1.659586907437561e-02
4810	1.569461024387164e-02	1.584893192461113e-02
4824	1.449165417080345e-02	1.479108388168207e-02
4828	1.439216582524205e-02	1.445439770745927e-02
4845	1.403658630351357e-02	1.412537544622754e-02
4850	1.365443583577763e-02	1.380384264602885e-02
4858	1.326849453987300e-02	1.348962882591653e-02
4865	1.298004083912829e-02	1.318256738556407e-02
4866	1.279579807448350e-02	1.288249551693134e-02
4883	1.223092467117526e-02	1.230268770812382e-02
4884	1.168780531609914e-02	1.174897554939530e-02
4887	1.146517019859916e-02	1.148153621496883e-02
4889	1.111016472392223e-02	1.122018454301964e-02
4897	1.091903258019544e-02	1.096478196143185e-02
4902	1.064373589187595e-02	1.071519305237606e-02
4913	1.042294590358128e-02	1.047128548050900e-02
4923	1.018596450521703e-02	1.023292992280754e-02
4924	9.923231919687692e-03	1.000000000000000e-02
4928	9.748294155711101e-03	9.772372209558112e-03
4937	9.536378062172335e-03	9.549925860214359e-03
4939	9.245399545272814e-03	9.332543007969915e-03
4949	9.103879029016215e-03	9.120108393559097e-03
4960	8.845263429286820e-03	8.912509381337459e-03
4971	8.685619271910472e-03	8.709635899560805e-03
4978	6.684847538409033e-03	6.760829753919818e-03
4979	6.604204066334662e-03	6.606934480075957e-03
4989	6.453485687957672e-03	6.456542290346556e-03
5009	6.295867226349561e-03	6.309573444801930e-03
5019	6.159579342755572e-03	6.165950018614822e-03
5031	5.978760441018749e-03	6.025595860743574e-03
5036	5.855204811684001e-03	5.888436553555890e-03
5045	5.742470801768040e-03	5.754399373371567e-03
5054	5.621411061603743e-03	5.623413251903491e-03
5081	5.494270012128766e-03	5.495408738576248e-03
5108	5.360801432884865e-03	5.370317963702527e-03
5117	4.524322360914712e-03	4.570881896148752e-03
5122	4.308684681594732e-03	4.365158322401661e-03
5130	4.237212888209885e-03	4.265795188015926e-03
5144	4.158010829472980e-03	4.168693834703355e-03
5166	4.072277006061498e-03	4.073802778041126e-03
5207	3.979134747685076e-03	3.981071705534973e-03
5226	3.875383213569394e-03	3.890451449942805e-03
5249	3.795412674835741e-03	3.801893963205613e-03
5258	3.263902234916349e-03	3.311311214825911e-03
5278	3.233577701519774e-03	3.235936569296281e-03
5287	3.161827990814103e-03	3.162277660168379e-03
5299	3.062999629838137e-03	3.090295432513592e-03
5307	3.005297839934196e-03	3.019951720402016e-03
5321	2.438560047180460e-03	2.454708915685031e-03
5322	2.380982997579051e-03	2.398832919019490e-03
5336	2.339987293367596e-03	2.344228815319923e-03
5348	2.287873557560882e-03	2.290867652767772e-03
5357	2.237100565326555e-03	2.238721138568340e-03
5373	2.134332757320889e-03	2.137962089502233e-03
5374	1.657485678683401e-03	1.659586907437561e-03
5381	1.597677714166079e-03	1.621810097358930e-03
5397	1.584758429055255e-03	1.584893192461114e-03
5412	1.526909825418254e-03	1.548816618912481e-03
5428	1.497422152770267e-03	1.513561248436209e-03
5442	1.418875133565090e-03	1.445439770745928e-03
5444	1.383047078563404e-03	1.412537544622754e-03
5447	1.377645923034243e-03	1.380384264602885e-03
5455	1.347755001955275e-03	1.348962882591653e-03
5472	1.317502960360040e-03	1.318256738556408e-03
5528	1.286111195300310e-03	1.288249551693134e-03
5587	1.254278754160620e-03	1.258925411794167e-03
5626	1.209459147173630e-03	1.230268770812381e-03
5632	1.196179146406018e-03	1.202264434617413e-03
5658	1.164479229604276e-03	1.174897554939529e-03
5678	1.147972106801953e-03	1.148153621496883e-03
5689	1.113653074100718e-03	1.122018454301963e-03
5703	1.095357934505103e-03	1.096478196143185e-03
5742	1.057804865540524e-03	1.071519305237606e-03
5759	1.043480080927361e-03	1.047128548050900e-03
5773	1.023228634957740e-03	1.023292992280754e-03
5800	9.910667153059105e-04	1.000000000000000e-03
5835	9.758963461837800e-04	9.772372209558111e-04
5886	9.440938936512433e-04	9.549925860214359e-04
5897	9.206691613098394e-04	9.332543007969915e-04
5905	9.115344491991140e-04	9.120108393559096e-04
5936	8.910520705828207e-04	8.912509381337459e-04
6017	8.703423577073321e-04	8.709635899560805e-04
6154	8.476130025739659e-04	8.511380382023768e-04
6225	8.317497747064584e-04	8.317637711026709e-04
6376	8.128121242091391e-04	8.128305161640995e-04
6418	7.896070141941713e-04	7.943282347242813e-04
6508	7.648090728890056e-04	7.762471166286919e-04
6596	7.538907968285269e-04	7.585775750291835e-04
6617	6.201208170678596e-04	6.309573444801930e-04
6621	6.147117054039475e-04	6.165950018614823e-04
6642	5.480055079121193e-04	5.495408738576248e-04
6679	5.289512367913085e-04	5.370317963702527e-04
6698	5.229838079222615e-04	5.248074602497728e-04
6794	5.128262194457056e-04	5.128613839913648e-04
6925	4.952518460621391e-04	5.011872336272725e-04
6953	4.811532363089288e-04	4.897788193684461e-04
6983	4.785234082276268e-04	4.786300923226385e-04
7028	4.434225955545212e-04	4.466835921509630e-04
7032	4.324465591160065e-04	4.365158322401661e-04
7046	4.248525264700653e-04	4.265795188015926e-04
7078	4.166786715154025e-04	4.168693834703355e-04
7080	4.018157649289256e-04	4.073802778041126e-04
7082	3.974763625566036e-04	3.981071705534974e-04
7151	3.888296407226211e-04	3.890451449942805e-04
7229	3.758179375960014e-04	3.801893963205612e-04
7248	3.656552138998626e-04	3.715352290971724e-04
7323	3.624713861102302e-04	3.630780547701014e-04
7432	3.546787545847252e-04	3.548133892335753e-04
7547	3.466918334282809e-04	3.467368504525317e-04
7621	3.329227336186236e-04	3.388441561392024e-04
7633	3.304780388999617e-04	3.311311214825911e-04
7761	3.235375617300917e-04	3.235936569296281e-04
7859	3.151925448833248e-04	3.162277660168379e-04
8002	3.090307087997290e-04	3.162277660168379e-04
%
% index = 286, name = bbob_f008_i15_d02__bbob_f013_i16_d02
% instance = 7, reference value = 9.811061736710410e-01
% function evaluation | indicator value | target hit
1	2.508374889478541e+00	2.511886431509580e+00
347	3.609585877356254e-01	3.630780547701014e-01
428	2.529353315756281e-01	2.570395782768864e-01
460	2.010602296617031e-01	2.041737944669530e-01
461	1.975966973000316e-01	1.995262314968880e-01
511	1.904781816792720e-01	1.905460717963247e-01
523	8.338935395485969e-02	8.511380382023763e-02
545	8.160643339807760e-02	8.317637711026708e-02
578	7.702261645093922e-02	7.762471166286916e-02
590	7.462108988043659e-02	7.585775750291836e-02
591	7.381505075828654e-02	7.413102413009177e-02
648	4.963549316380800e-02	5.011872336272722e-02
678	4.104520015350355e-02	4.168693834703355e-02
685	3.851956323661310e-02	3.890451449942807e-02
686	3.527374200007205e-02	3.548133892335755e-02
790	3.095066789231027e-02	3.162277660168379e-02
791	3.082364798233872e-02	3.090295432513590e-02
801	2.997718816741990e-02	3.019951720402016e-02
809	2.941731547799697e-02	2.951209226666385e-02
876	2.828463285938609e-02	2.884031503126606e-02
879	2.817350073955893e-02	2.818382931264454e-02
882	2.734644275832299e-02	2.754228703338166e-02
933	2.662255598992047e-02	2.691534803926915e-02
937	2.628570975748545e-02	2.630267991895381e-02
1009	2.570282202779806e-02	2.570395782768863e-02
1054	2.511733426954699e-02	2.511886431509579e-02
1227	2.437742532957043e-02	2.454708915685030e-02
2059	2.398605463027248e-02	2.398832919019490e-02
4579	1.806029575290669e-02	1.819700858609984e-02
4655	1.737858771629974e-02	1.778279410038923e-02
4668	1.737261449273664e-02	1.737800828749375e-02
4745	1.611222531979017e-02	1.621810097358930e-02
4758	1.575156996540295e-02	1.584893192461113e-02
8002	1.550563101708957e-02	1.584893192461113e-02
%
% index = 287, name = bbob_f008_i17_d02__bbob_f013_i18_d02
% instance = 8, reference value = 9.847253514026610e-01
% function evaluation | indicator value | target hit
1	8.287467276809823e-01	8.317637711026710e-01
242	4.612472268616897e-01	4.677351412871982e-01
362	4.305042912441114e-01	4.365158322401660e-01
378	3.954170816208911e-01	3.981071705534972e-01
392	3.538429199549080e-01	3.548133892335755e-01
413	2.789158232040296e-01	2.818382931264454e-01
415	2.287555569314159e-01	2.290867652767773e-01
450	2.209270128981884e-01	2.238721138568339e-01
451	2.168543487129647e-01	2.187761623949552e-01
454	1.817802426768406e-01	1.819700858609984e-01
484	1.718750446098859e-01	1.737800828749375e-01
485	1.663573423668084e-01	1.698243652461744e-01
494	1.420969194621164e-01	1.445439770745928e-01
505	1.374592944821834e-01	1.380384264602885e-01
528	1.328417751945227e-01	1.348962882591654e-01
530	1.311307312647010e-01	1.318256738556407e-01
532	1.270836614724904e-01	1.288249551693134e-01
557	1.254134263476763e-01	1.258925411794167e-01
563	1.218289297269665e-01	1.230268770812381e-01
568	1.175287986704077e-01	1.202264434617413e-01
569	1.091233919244767e-01	1.096478196143185e-01
597	9.608673650712973e-02	9.772372209558107e-02
612	9.385838630262633e-02	9.549925860214359e-02
613	9.265165147333632e-02	9.332543007969910e-02
637	9.038894563998323e-02	9.120108393559097e-02
642	8.325785747782932e-02	8.511380382023763e-02
643	7.466747180547351e-02	7.585775750291836e-02
653	6.871015596792407e-02	6.918309709189366e-02
663	6.660793172841672e-02	6.760829753919818e-02
683	6.509666430323702e-02	6.606934480075961e-02
699	6.377539547859079e-02	6.456542290346556e-02
730	6.176935061892463e-02	6.309573444801933e-02
736	5.979446300411362e-02	6.025595860743578e-02
762	5.444321775965144e-02	5.495408738576246e-02
763	4.708533837151974e-02	4.786300923226382e-02
784	4.672549892408495e-02	4.677351412871981e-02
813	4.454239212476996e-02	4.466835921509630e-02
842	4.359900781365122e-02	4.365158322401658e-02
865	4.247007918816104e-02	4.265795188015926e-02
903	4.166096156262267e-02	4.168693834703355e-02
945	4.068745168995780e-02	4.073802778041128e-02
1003	3.967627870852719e-02	3.981071705534973e-02
1051	3.862654760688344e-02	3.890451449942807e-02
1093	3.797193538201915e-02	3.801893963205612e-02
1142	3.712130831316951e-02	3.715352290971726e-02
1194	3.627360707211247e-02	3.630780547701014e-02
1241	3.546908518660297e-02	3.548133892335755e-02
1319	3.462571798871950e-02	3.467368504525317e-02
1385	3.382493171329448e-02	3.388441561392026e-02
1409	3.309356437771582e-02	3.311311214825911e-02
1480	3.234655761598271e-02	3.235936569296283e-02
1604	3.159806467710391e-02	3.162277660168379e-02
1663	3.089343052935778e-02	3.090295432513590e-02
1751	2.999493566861389e-02	3.019951720402016e-02
1768	2.950042918818585e-02	2.951209226666385e-02
1823	2.880005457745849e-02	2.884031503126606e-02
1881	2.813097507223217e-02	2.818382931264454e-02
1943	2.754136999326828e-02	2.754228703338166e-02
1976	2.690944931193473e-02	2.691534803926915e-02
2015	2.625276320918590e-02	2.630267991895381e-02
2057	2.567541723539479e-02	2.570395782768863e-02
2133	2.506222139735881e-02	2.511886431509579e-02
2191	2.454208516353273e-02	2.454708915685030e-02
2254	2.398597110912104e-02	2.398832919019490e-02
2320	2.341861711644122e-02	2.344228815319923e-02
2361	2.289212034847077e-02	2.290867652767773e-02
2416	2.237894615342617e-02	2.238721138568340e-02
2474	2.186473097318054e-02	2.187761623949553e-02
2538	2.137394466625453e-02	2.137962089502233e-02
2573	2.082728414127499e-02	2.089296130854040e-02
2628	2.040538081513565e-02	2.041737944669529e-02
2664	1.995176734512660e-02	1.995262314968880e-02
2693	1.948276969324714e-02	1.949844599758046e-02
2727	1.900158523770712e-02	1.905460717963247e-02
2733	1.859493763632192e-02	1.862087136662868e-02
2772	1.817975039506581e-02	1.819700858609984e-02
2824	1.774865168371220e-02	1.778279410038923e-02
2867	1.737590880863937e-02	1.737800828749375e-02
2902	1.679217045617387e-02	1.698243652461744e-02
2904	1.658130655191792e-02	1.659586907437561e-02
2947	1.601393624804404e-02	1.621810097358930e-02
2973	1.584577891577987e-02	1.584893192461113e-02
2997	1.548292889374658e-02	1.548816618912481e-02
3045	1.509737030901659e-02	1.513561248436208e-02
3090	1.478100797953552e-02	1.479108388168207e-02
3138	1.443404912899404e-02	1.445439770745927e-02
3149	1.412294039680140e-02	1.412537544622754e-02
3167	1.379437668198913e-02	1.380384264602885e-02
3212	1.336822406297722e-02	1.348962882591653e-02
3243	1.315859275963782e-02	1.318256738556407e-02
3282	1.288066682562838e-02	1.288249551693134e-02
3325	1.258081674422495e-02	1.258925411794167e-02
3366	1.227709771301477e-02	1.230268770812382e-02
3417	1.201905477011656e-02	1.202264434617413e-02
3452	1.173565414035327e-02	1.174897554939530e-02
3468	1.148128709702800e-02	1.148153621496883e-02
3504	1.120628297468884e-02	1.122018454301964e-02
3567	1.095770471688717e-02	1.096478196143185e-02
3611	1.062941545089047e-02	1.071519305237606e-02
3675	1.046865807107578e-02	1.047128548050900e-02
3704	1.019136266404552e-02	1.023292992280754e-02
3718	9.951415856230050e-03	1.000000000000000e-02
3761	9.759454418833191e-03	9.772372209558112e-03
3775	9.547529268430499e-03	9.549925860214359e-03
3823	9.327789873317616e-03	9.332543007969915e-03
3883	9.117626400564571e-03	9.120108393559097e-03
3931	8.911956404452415e-03	8.912509381337459e-03
4012	8.700593369881826e-03	8.709635899560805e-03
4064	8.508645986055496e-03	8.511380382023767e-03
6586	8.307809502762442e-03	8.317637711026709e-03
8002	8.198343035078492e-03	8.317637711026709e-03
%
% index = 288, name = bbob_f008_i19_d02__bbob_f013_i21_d02
% instance = 9, reference value = 9.929581208251110e-01
% function evaluation | indicator value | target hit
1	6.145692414388286e-01	6.165950018614822e-01
201	5.679109957828119e-01	5.754399373371569e-01
258	1.570482285700663e-01	1.584893192461113e-01
308	1.259537186187606e-01	1.288249551693134e-01
341	1.234875779420089e-01	1.258925411794167e-01
377	4.433135068403649e-02	4.466835921509630e-02
406	3.789051673176425e-02	3.801893963205612e-02
463	3.715304390421348e-02	3.715352290971726e-02
475	3.406674920883945e-02	3.467368504525317e-02
479	3.195325145067884e-02	3.235936569296283e-02
486	3.096636865692959e-02	3.162277660168379e-02
506	2.699797748878807e-02	2.754228703338166e-02
507	2.485317108831631e-02	2.511886431509579e-02
563	2.440562279427838e-02	2.454708915685030e-02
570	2.356826561799252e-02	2.398832919019490e-02
571	2.211382618400071e-02	2.238721138568340e-02
587	1.647866545266152e-02	1.659586907437561e-02
602	1.610182191472953e-02	1.621810097358930e-02
614	1.558297911847750e-02	1.584893192461113e-02
639	1.455015056121445e-02	1.479108388168207e-02
640	1.201596888904077e-02	1.202264434617413e-02
651	1.171109504660450e-02	1.174897554939530e-02
672	8.917333026108754e-03	9.120108393559097e-03
690	8.828777908466812e-03	8.912509381337459e-03
747	8.681560872905947e-03	8.709635899560805e-03
752	8.498057004176829e-03	8.511380382023767e-03
804	8.273597963991186e-03	8.317637711026709e-03
845	8.126311161921751e-03	8.128305161640995e-03
950	7.201677233230730e-03	7.244359600749898e-03
1391	7.064851593173826e-03	7.079457843841380e-03
2057	6.902914451706432e-03	6.918309709189363e-03
2343	6.739257905981177e-03	6.760829753919818e-03
3318	6.602093982436164e-03	6.606934480075957e-03
4687	4.174069226934973e-03	4.265795188015926e-03
4740	4.167334248695087e-03	4.168693834703355e-03
4905	3.896352460767250e-03	3.981071705534973e-03
4965	3.886116415687701e-03	3.890451449942805e-03
5089	3.770137013061059e-03	3.801893963205613e-03
8002	3.753342493474809e-03	3.801893963205613e-03
%
% index = 289, name = bbob_f008_i21_d02__bbob_f013_i22_d02
% instance = 10, reference value = 9.983953443169650e-01
% function evaluation | indicator value | target hit
1	8.209434528083865e-01	8.317637711026710e-01
331	7.627202776001270e-01	7.762471166286917e-01
360	5.721338292414822e-01	5.754399373371569e-01
372	5.505512572268130e-01	5.623413251903491e-01
382	3.725420634579779e-01	3.801893963205612e-01
389	3.403334794333942e-01	3.467368504525316e-01
396	3.342609815469025e-01	3.388441561392025e-01
405	3.301537787046508e-01	3.311311214825911e-01
424	2.565112498729729e-01	2.570395782768864e-01
426	2.375130272441112e-01	2.398832919019490e-01
443	2.309867065009209e-01	2.344228815319922e-01
447	2.011518401958937e-01	2.041737944669530e-01
487	8.431257295145511e-02	8.511380382023763e-02
488	3.989475465135006e-02	4.073802778041128e-02
494	3.900142082169855e-02	3.981071705534973e-02
527	3.457220988979115e-02	3.467368504525317e-02
530	3.378243970549799e-02	3.388441561392026e-02
548	3.027564631693269e-02	3.090295432513590e-02
563	2.333305969807520e-02	2.344228815319923e-02
564	2.107934738798345e-02	2.137962089502233e-02
587	2.069834932293380e-02	2.089296130854040e-02
608	1.427834067805522e-02	1.445439770745927e-02
623	1.317710697856389e-02	1.318256738556407e-02
662	1.243646309574553e-02	1.258925411794167e-02
666	1.096881707617114e-02	1.122018454301964e-02
667	1.073783990363519e-02	1.096478196143185e-02
692	1.000087789233783e-02	1.023292992280754e-02
698	7.357495094668765e-03	7.413102413009177e-03
706	6.259948093768064e-03	6.309573444801930e-03
723	5.289274436576119e-03	5.370317963702527e-03
762	4.326434433277626e-03	4.365158322401661e-03
763	4.241136764568054e-03	4.265795188015926e-03
786	3.765067098613462e-03	3.801893963205613e-03
832	3.708510937504905e-03	3.715352290971724e-03
884	3.595166830373864e-03	3.630780547701014e-03
904	3.355237704794400e-03	3.388441561392024e-03
909	3.185822846480169e-03	3.235936569296281e-03
934	3.140568597559290e-03	3.162277660168379e-03
935	3.074797755452163e-03	3.090295432513592e-03
939	3.011386179978870e-03	3.019951720402016e-03
962	2.925157078576546e-03	2.951209226666387e-03
976	2.883717162608490e-03	2.884031503126605e-03
978	2.756112625243223e-03	2.818382931264455e-03
1004	2.741033306509766e-03	2.754228703338166e-03
1032	2.686159930744725e-03	2.691534803926917e-03
1322	2.590189832985201e-03	2.630267991895381e-03
2141	2.565950168437081e-03	2.570395782768865e-03
3676	2.488569241482885e-03	2.511886431509579e-03
4753	1.769187406844286e-03	1.778279410038923e-03
5082	1.419970454370034e-03	1.445439770745928e-03
5201	1.394151093534690e-03	1.412537544622754e-03
5272	1.369612686780930e-03	1.380384264602885e-03
5331	9.749749091125803e-04	9.772372209558111e-04
5367	9.219203822906641e-04	9.332543007969915e-04
5662	7.717288714373938e-04	7.762471166286919e-04
5707	7.141776246654130e-04	7.244359600749898e-04
5708	7.072118215452061e-04	7.079457843841380e-04
5737	6.784450767188810e-04	6.918309709189362e-04
5825	6.713577717929464e-04	6.760829753919819e-04
5897	6.521283989736615e-04	6.606934480075957e-04
5911	6.451902694287748e-04	6.456542290346556e-04
5967	6.225232225280930e-04	6.309573444801930e-04
5968	6.144250354015446e-04	6.165950018614823e-04
5970	5.767678502711648e-04	5.888436553555889e-04
5979	5.680288943994416e-04	5.754399373371566e-04
5980	5.497285053955858e-04	5.623413251903491e-04
5981	5.440504172082861e-04	5.495408738576248e-04
5982	5.211302982389698e-04	5.248074602497728e-04
5988	5.018847488430511e-04	5.128613839913648e-04
5989	4.993597248327264e-04	5.011872336272725e-04
6040	4.875238518772251e-04	4.897788193684461e-04
6131	4.730413088527285e-04	4.786300923226385e-04
6135	4.573311347960685e-04	4.677351412871981e-04
6137	4.566851878642364e-04	4.570881896148752e-04
6155	4.434960735255622e-04	4.466835921509630e-04
6163	4.350685353256001e-04	4.365158322401661e-04
6172	4.263859383120128e-04	4.265795188015926e-04
6189	4.155311738029965e-04	4.168693834703355e-04
6218	4.032242638187800e-04	4.073802778041126e-04
6221	3.980290565875899e-04	3.981071705534974e-04
6243	3.882648621768015e-04	3.890451449942805e-04
6264	3.776773663737298e-04	3.801893963205612e-04
6267	3.518958441532938e-04	3.548133892335753e-04
6277	3.382756473594428e-04	3.388441561392024e-04
6301	3.272579391001562e-04	3.311311214825911e-04
6322	3.224132816740388e-04	3.235936569296281e-04
6333	3.150211547888748e-04	3.162277660168379e-04
6353	3.090210204388377e-04	3.090295432513592e-04
6370	3.018133158316783e-04	3.019951720402016e-04
6410	2.947823153524043e-04	2.951209226666387e-04
6501	2.882963373473935e-04	2.884031503126605e-04
6618	2.814032601505811e-04	2.818382931264455e-04
6751	2.752448793549300e-04	2.754228703338166e-04
7123	2.691048082393843e-04	2.691534803926917e-04
8002	2.630420458523686e-04	2.691534803926917e-04
