%
% index = 360, name = bbob_f013_i02_d02__bbob_f015_i04_d02
% instance = 1, reference value = 8.873257132302700e-01
% function evaluation | indicator value | target hit
1	3.005753375223615e-01	3.019951720402016e-01
31	2.790682077914339e-01	2.818382931264454e-01
242	2.265157843961605e-01	2.290867652767773e-01
272	1.972739799780622e-01	1.995262314968880e-01
296	1.864798505938489e-01	1.905460717963247e-01
347	1.817736597190627e-01	1.819700858609984e-01
397	1.777950238169691e-01	1.778279410038923e-01
408	1.711274392852125e-01	1.737800828749375e-01
416	1.693330564014750e-01	1.698243652461744e-01
423	1.648408784035543e-01	1.659586907437560e-01
437	1.588061294830255e-01	1.621810097358930e-01
442	1.581863529736167e-01	1.584893192461113e-01
476	1.538184120156850e-01	1.548816618912481e-01
487	1.175537870946541e-01	1.202264434617413e-01
489	1.161112884063122e-01	1.174897554939529e-01
496	1.139208994383722e-01	1.148153621496883e-01
511	5.972194410202092e-02	6.025595860743578e-02
525	5.876327066210563e-02	5.888436553555890e-02
535	5.596763463168952e-02	5.623413251903491e-02
552	5.400642327426641e-02	5.495408738576246e-02
561	5.348913285623103e-02	5.370317963702527e-02
574	5.090938134361644e-02	5.128613839913648e-02
602	4.915690417272978e-02	5.011872336272722e-02
605	4.852883189382462e-02	4.897788193684462e-02
616	4.784923745467673e-02	4.786300923226382e-02
624	4.667615985853013e-02	4.677351412871981e-02
642	4.569644805104167e-02	4.570881896148749e-02
670	4.463758449380439e-02	4.466835921509630e-02
695	2.786505812159856e-02	2.818382931264454e-02
708	2.748272060157131e-02	2.754228703338166e-02
712	2.599502385726393e-02	2.630267991895381e-02
730	2.550748237395606e-02	2.570395782768863e-02
738	2.506740849115408e-02	2.511886431509579e-02
759	2.452357736789579e-02	2.454708915685030e-02
763	2.364636586409219e-02	2.398832919019490e-02
787	2.308548782207698e-02	2.344228815319923e-02
817	2.289902315519998e-02	2.290867652767773e-02
874	2.231083799627587e-02	2.238721138568340e-02
910	2.165988342547975e-02	2.187761623949553e-02
911	1.984231167363981e-02	1.995262314968880e-02
912	1.663238299641545e-02	1.698243652461744e-02
917	1.656976568451929e-02	1.659586907437561e-02
936	1.613756175831649e-02	1.621810097358930e-02
959	1.459839351734782e-02	1.479108388168207e-02
972	1.444030854802658e-02	1.445439770745927e-02
1024	1.398541533955711e-02	1.412537544622754e-02
1065	1.378497831169245e-02	1.380384264602885e-02
1109	9.632586767515106e-03	9.772372209558112e-03
1114	9.545832347354954e-03	9.549925860214359e-03
1135	8.899018316364971e-03	8.912509381337459e-03
1136	8.681723499525784e-03	8.709635899560805e-03
1184	8.050329356780184e-03	8.128305161640995e-03
1188	7.767595917987258e-03	7.943282347242814e-03
1189	7.757570385922063e-03	7.762471166286920e-03
1206	7.574273434726497e-03	7.585775750291836e-03
1265	7.413011853419249e-03	7.413102413009177e-03
1276	7.240519512094923e-03	7.244359600749898e-03
1304	7.075210815592148e-03	7.079457843841380e-03
1373	6.716184259973113e-03	6.760829753919818e-03
1390	6.448401268438597e-03	6.456542290346556e-03
1442	6.295179092369985e-03	6.309573444801930e-03
1504	6.159136352715922e-03	6.165950018614822e-03
1566	6.020723968898078e-03	6.025595860743574e-03
1628	5.104844898686567e-03	5.128613839913648e-03
1714	4.987817606543654e-03	5.011872336272725e-03
1811	4.897250118723107e-03	4.897788193684461e-03
1897	4.746696362339931e-03	4.786300923226385e-03
1944	4.676747814869264e-03	4.677351412871981e-03
1989	4.561282665888733e-03	4.570881896148752e-03
2184	4.456851596571276e-03	4.466835921509630e-03
2297	4.348011234664995e-03	4.365158322401661e-03
2404	4.263255724476944e-03	4.265795188015926e-03
2525	4.166765195515731e-03	4.168693834703355e-03
2714	4.049718542795566e-03	4.073802778041126e-03
2969	3.980339448659054e-03	3.981071705534973e-03
3321	3.831516131975077e-03	3.890451449942805e-03
3526	3.801531703056416e-03	3.801893963205613e-03
3919	3.703082083724274e-03	3.715352290971724e-03
4674	3.624623052334464e-03	3.630780547701014e-03
4789	3.442513828425975e-03	3.467368504525317e-03
5139	2.500776450606423e-03	2.511886431509579e-03
5763	2.312508142751191e-03	2.344228815319923e-03
5886	2.282457978516339e-03	2.290867652767772e-03
6935	2.238205118095804e-03	2.238721138568340e-03
7475	2.187760510344194e-03	2.187761623949552e-03
8002	2.156516723525681e-03	2.187761623949552e-03
%
% index = 361, name = bbob_f013_i03_d02__bbob_f015_i05_d02
% instance = 2, reference value = 7.372692831282019e-01
% function evaluation | indicator value | target hit
1	6.919414141628601e-01	7.079457843841379e-01
197	6.738793356578799e-01	6.760829753919817e-01
240	4.271217024025821e-01	4.365158322401660e-01
287	4.250341052530001e-01	4.265795188015927e-01
351	3.926282792103750e-01	3.981071705534972e-01
357	2.737950650596787e-01	2.754228703338166e-01
383	2.389320381867673e-01	2.398832919019490e-01
392	2.137494906792783e-01	2.137962089502232e-01
410	1.996145451962872e-01	2.041737944669530e-01
427	1.878063071686408e-01	1.905460717963247e-01
443	1.763648125270639e-01	1.778279410038923e-01
457	1.711637464577468e-01	1.737800828749375e-01
458	1.696233121974968e-01	1.698243652461744e-01
460	1.579127751404220e-01	1.584893192461113e-01
461	1.478992820671418e-01	1.479108388168208e-01
463	1.433018756024297e-01	1.445439770745928e-01
476	1.408326575382242e-01	1.412537544622754e-01
487	1.230245276528842e-01	1.230268770812381e-01
495	1.131596899749528e-01	1.148153621496883e-01
531	1.072005087091887e-01	1.096478196143185e-01
547	1.050648059004818e-01	1.071519305237607e-01
561	1.045330439412451e-01	1.047128548050900e-01
572	1.012772071917789e-01	1.023292992280754e-01
595	9.831058623887667e-02	1.000000000000000e-01
616	9.640808286727365e-02	9.772372209558107e-02
637	9.360939096394572e-02	9.549925860214359e-02
639	9.188436457385663e-02	9.332543007969910e-02
690	9.107017624485414e-02	9.120108393559097e-02
693	8.907101591080424e-02	8.912509381337455e-02
712	8.493027611524684e-02	8.511380382023763e-02
787	8.111649266835042e-02	8.128305161640990e-02
910	7.926755696829790e-02	7.943282347242814e-02
996	7.747898448447865e-02	7.762471166286916e-02
1177	7.574000557106486e-02	7.585775750291836e-02
1890	7.410770604107297e-02	7.413102413009177e-02
4336	5.443463529894244e-02	5.495408738576246e-02
4501	4.832267531292367e-02	4.897788193684462e-02
4551	4.786288621319179e-02	4.786300923226382e-02
4552	4.379015878356807e-02	4.466835921509630e-02
4577	3.898844563840687e-02	3.981071705534973e-02
4613	3.403307401115663e-02	3.467368504525317e-02
4726	3.135691041252464e-02	3.162277660168379e-02
4889	1.832886854644411e-02	1.862087136662868e-02
4998	1.807876094501459e-02	1.819700858609984e-02
5115	1.758047648404992e-02	1.778279410038923e-02
5125	1.727803755347002e-02	1.737800828749375e-02
5225	1.653458141074549e-02	1.659586907437561e-02
5247	1.594064349519519e-02	1.621810097358930e-02
5257	1.537030638822690e-02	1.548816618912481e-02
5262	1.510974630401929e-02	1.513561248436208e-02
5291	1.465666544144595e-02	1.479108388168207e-02
5322	1.426504634038739e-02	1.445439770745927e-02
5415	1.410111324862406e-02	1.412537544622754e-02
5518	1.375132024119496e-02	1.380384264602885e-02
5549	1.333029051288503e-02	1.348962882591653e-02
5653	1.316079496736078e-02	1.318256738556407e-02
5857	1.286421989322173e-02	1.288249551693134e-02
6360	1.257770573787476e-02	1.258925411794167e-02
7736	1.230222741334863e-02	1.230268770812382e-02
8002	1.228064304765097e-02	1.230268770812382e-02
%
% index = 362, name = bbob_f013_i07_d02__bbob_f015_i08_d02
% instance = 3, reference value = 8.024360847425240e-01
% function evaluation | indicator value | target hit
1	3.267790041072415e-01	3.311311214825911e-01
14	3.010132079682274e-01	3.019951720402016e-01
208	2.905736953708928e-01	2.951209226666385e-01
235	2.876270777122008e-01	2.884031503126606e-01
243	2.430545804133706e-01	2.454708915685030e-01
246	2.242850525976871e-01	2.290867652767773e-01
254	2.038550213712199e-01	2.041737944669530e-01
261	1.823597534673715e-01	1.862087136662867e-01
277	1.789956397772217e-01	1.819700858609984e-01
281	1.606698101179223e-01	1.621810097358930e-01
293	1.455458318927452e-01	1.479108388168208e-01
298	1.436207822674865e-01	1.445439770745928e-01
314	1.397137059327953e-01	1.412537544622754e-01
315	1.360900388964783e-01	1.380384264602885e-01
329	1.161694462761813e-01	1.174897554939529e-01
338	1.076127814307293e-01	1.096478196143185e-01
339	1.065190185758564e-01	1.071519305237607e-01
343	9.896282487644248e-02	1.000000000000000e-01
351	9.733983307200966e-02	9.772372209558107e-02
363	9.496169658398534e-02	9.549925860214359e-02
378	9.322826829159159e-02	9.332543007969910e-02
394	8.571765640543760e-02	8.709635899560805e-02
398	8.461259007545852e-02	8.511380382023763e-02
412	8.117254369568583e-02	8.128305161640990e-02
415	7.919516107562041e-02	7.943282347242814e-02
421	7.683592026910813e-02	7.762471166286916e-02
437	7.423137097904009e-02	7.585775750291836e-02
442	7.383780934717155e-02	7.413102413009177e-02
448	6.576536444305414e-02	6.606934480075961e-02
454	6.451913133335119e-02	6.456542290346556e-02
464	6.048644970765993e-02	6.165950018614822e-02
475	6.023224139747052e-02	6.025595860743578e-02
494	5.837611816161581e-02	5.888436553555890e-02
504	5.539763739818027e-02	5.623413251903491e-02
517	5.480175256766651e-02	5.495408738576246e-02
532	5.294536691627416e-02	5.370317963702527e-02
542	5.247620219524796e-02	5.248074602497726e-02
545	4.998538178574163e-02	5.011872336272722e-02
566	4.869132740387228e-02	4.897788193684462e-02
585	4.759491253103820e-02	4.786300923226382e-02
613	4.673734605693780e-02	4.677351412871981e-02
640	4.527304531405896e-02	4.570881896148749e-02
658	4.448111911914410e-02	4.466835921509630e-02
676	3.757623890645179e-02	3.801893963205612e-02
677	3.067228474670591e-02	3.090295432513590e-02
709	3.008857433096845e-02	3.019951720402016e-02
718	2.939490450847981e-02	2.951209226666385e-02
742	2.878483335917870e-02	2.884031503126606e-02
762	2.594368343485942e-02	2.630267991895381e-02
765	2.466248485095801e-02	2.511886431509579e-02
770	2.454126780625643e-02	2.454708915685030e-02
798	2.387608636382177e-02	2.398832919019490e-02
813	2.294905680160719e-02	2.344228815319923e-02
816	2.288215348560974e-02	2.290867652767773e-02
843	2.238011443157983e-02	2.238721138568340e-02
898	2.155199122882612e-02	2.187761623949553e-02
900	2.132059643513651e-02	2.137962089502233e-02
928	2.083551989345711e-02	2.089296130854040e-02
973	2.035095749409666e-02	2.041737944669529e-02
994	1.926060153007803e-02	1.949844599758046e-02
996	1.860201394942163e-02	1.862087136662868e-02
1035	1.815376662679835e-02	1.819700858609984e-02
1066	1.763471189671861e-02	1.778279410038923e-02
1133	1.731830578105786e-02	1.737800828749375e-02
1161	1.646475406658743e-02	1.659586907437561e-02
1230	1.617640189701008e-02	1.621810097358930e-02
1263	1.579277458109796e-02	1.584893192461113e-02
1281	1.547668878283937e-02	1.548816618912481e-02
1394	1.513434902768129e-02	1.513561248436208e-02
1453	1.318877357479131e-02	1.348962882591653e-02
1464	1.316563497377010e-02	1.318256738556407e-02
1488	1.255942330977877e-02	1.258925411794167e-02
1545	1.225717694112838e-02	1.230268770812382e-02
1586	1.201804916895766e-02	1.202264434617413e-02
1656	1.171706852741561e-02	1.174897554939530e-02
1687	1.146867149919861e-02	1.148153621496883e-02
1830	1.121075016300710e-02	1.122018454301964e-02
1900	1.087530360473432e-02	1.096478196143185e-02
1967	1.071199597722072e-02	1.071519305237606e-02
2152	1.006096407527479e-02	1.023292992280754e-02
2203	9.942136961793024e-03	1.000000000000000e-02
2412	9.719627470241243e-03	9.772372209558112e-03
2589	9.546356796597433e-03	9.549925860214359e-03
2621	9.326896663091055e-03	9.332543007969915e-03
2765	9.089647398198508e-03	9.120108393559097e-03
2913	8.908656083138178e-03	8.912509381337459e-03
2949	8.636486119539044e-03	8.709635899560805e-03
3030	8.479345429631135e-03	8.511380382023767e-03
3053	8.285701652935629e-03	8.317637711026709e-03
3256	8.125025487009552e-03	8.128305161640995e-03
3653	7.896640523145981e-03	7.943282347242814e-03
3903	7.762054867992307e-03	7.762471166286920e-03
4996	7.570880456968632e-03	7.585775750291836e-03
5622	7.410806541177872e-03	7.413102413009177e-03
5910	7.242774788520201e-03	7.244359600749898e-03
7032	7.079339568490495e-03	7.079457843841380e-03
8002	7.022382376634995e-03	7.079457843841380e-03
%
% index = 363, name = bbob_f013_i09_d02__bbob_f015_i10_d02
% instance = 4, reference value = 8.276299008373090e-01
% function evaluation | indicator value | target hit
1	1.344442700906809e+00	1.348962882591654e+00
181	6.489977051537336e-01	6.606934480075960e-01
221	5.693995453167648e-01	5.754399373371569e-01
251	4.455253755983965e-01	4.466835921509631e-01
302	3.408265295115091e-01	3.467368504525316e-01
308	3.363070014383255e-01	3.388441561392025e-01
374	3.234878775015674e-01	3.235936569296283e-01
375	3.143632607973359e-01	3.162277660168379e-01
379	2.878390872896872e-01	2.884031503126606e-01
397	2.795147250961627e-01	2.818382931264454e-01
402	2.718346727177259e-01	2.754228703338166e-01
420	2.323082342340553e-01	2.344228815319922e-01
452	2.051352415699853e-01	2.089296130854039e-01
488	1.818175710351929e-01	1.819700858609984e-01
511	1.769327220142194e-01	1.778279410038923e-01
516	1.662638839379300e-01	1.698243652461744e-01
535	1.384403920396896e-01	1.412537544622754e-01
539	1.237004591485641e-01	1.258925411794167e-01
556	1.228181043442830e-01	1.230268770812381e-01
570	1.165457901643581e-01	1.174897554939529e-01
576	1.147713857326081e-01	1.148153621496883e-01
598	1.092876461691292e-01	1.096478196143185e-01
621	1.043161029444336e-01	1.047128548050900e-01
657	1.003683478967338e-01	1.023292992280754e-01
666	9.403437940155579e-02	9.549925860214359e-02
679	9.193797314331908e-02	9.332543007969910e-02
682	8.865103201213786e-02	8.912509381337455e-02
696	8.273493216519734e-02	8.317637711026708e-02
720	7.921948435021953e-02	7.943282347242814e-02
734	6.404457545999998e-02	6.456542290346556e-02
743	6.044568939153683e-02	6.165950018614822e-02
760	6.021478871810326e-02	6.025595860743578e-02
768	5.880894428893269e-02	5.888436553555890e-02
847	5.728374928691404e-02	5.754399373371569e-02
888	5.586060925294611e-02	5.623413251903491e-02
903	5.412662032123350e-02	5.495408738576246e-02
912	5.334093134925688e-02	5.370317963702527e-02
962	5.213154108648621e-02	5.248074602497726e-02
969	5.121031826424971e-02	5.128613839913648e-02
1021	4.981705223915367e-02	5.011872336272722e-02
1033	4.524409511861316e-02	4.570881896148749e-02
1069	4.460675529483971e-02	4.466835921509630e-02
1199	4.297582950228629e-02	4.365158322401658e-02
1210	4.163136169322212e-02	4.168693834703355e-02
1355	4.069463674403040e-02	4.073802778041128e-02
1431	3.978885448954150e-02	3.981071705534973e-02
1528	3.230805184560581e-02	3.235936569296283e-02
1642	3.160174969944651e-02	3.162277660168379e-02
1703	2.764874054252930e-02	2.818382931264454e-02
1798	2.752991907511826e-02	2.754228703338166e-02
1908	2.675268336566428e-02	2.691534803926915e-02
2028	2.139955413810435e-02	2.187761623949553e-02
2029	2.118192070156311e-02	2.137962089502233e-02
2191	2.086048823092557e-02	2.089296130854040e-02
2264	2.009455689728290e-02	2.041737944669529e-02
2370	1.995235032069476e-02	1.995262314968880e-02
2424	1.907922775848048e-02	1.949844599758046e-02
2479	1.904790360159303e-02	1.905460717963247e-02
2644	1.851316413620796e-02	1.862087136662868e-02
3411	1.819686025637712e-02	1.819700858609984e-02
4536	1.640873341871218e-02	1.659586907437561e-02
5059	1.602118120400642e-02	1.621810097358930e-02
5077	1.396197796868781e-02	1.412537544622754e-02
5950	1.334915369730183e-02	1.348962882591653e-02
6224	1.273894837013001e-02	1.288249551693134e-02
6339	1.157817273777628e-02	1.174897554939530e-02
6340	1.114043405357112e-02	1.122018454301964e-02
7974	1.075476636445616e-02	1.096478196143185e-02
8002	1.075476636445616e-02	1.096478196143185e-02
%
% index = 364, name = bbob_f013_i11_d02__bbob_f015_i12_d02
% instance = 5, reference value = 8.338508689848020e-01
% function evaluation | indicator value | target hit
1	4.753227544641899e+00	4.786300923226384e+00
90	2.936269983397852e+00	2.951209226666386e+00
167	2.373830891954539e+00	2.398832919019490e+00
173	2.244646357809229e+00	2.290867652767773e+00
265	1.404861373321777e+00	1.412537544622754e+00
302	6.608952397417496e-01	6.760829753919817e-01
365	2.834487702846914e-01	2.884031503126606e-01
413	2.460098008756560e-01	2.511886431509580e-01
542	2.438105302741000e-01	2.454708915685030e-01
578	1.987287669295283e-01	1.995262314968880e-01
587	1.897905598651481e-01	1.905460717963247e-01
590	1.834776078536093e-01	1.862087136662867e-01
614	1.776842281584764e-01	1.778279410038923e-01
619	1.533599179054422e-01	1.548816618912481e-01
646	1.511196439827004e-01	1.513561248436208e-01
650	1.113879741886404e-01	1.122018454301964e-01
664	9.936670817935467e-02	1.000000000000000e-01
690	9.607795572901978e-02	9.772372209558107e-02
706	9.493932403364169e-02	9.549925860214359e-02
714	9.301482623949187e-02	9.332543007969910e-02
774	9.069732330932301e-02	9.120108393559097e-02
837	8.883388612855592e-02	8.912509381337455e-02
916	8.606903849383618e-02	8.709635899560805e-02
1118	7.160821994215605e-02	7.244359600749903e-02
1163	5.163060507799366e-02	5.248074602497726e-02
1186	5.055643309775837e-02	5.128613839913648e-02
1305	4.755358972671286e-02	4.786300923226382e-02
1430	4.659200833730792e-02	4.677351412871981e-02
1485	4.492287299361619e-02	4.570881896148749e-02
1496	4.434005237976835e-02	4.466835921509630e-02
1508	3.671837427654234e-02	3.715352290971726e-02
1599	3.563284302859748e-02	3.630780547701014e-02
1630	3.541134663558532e-02	3.548133892335755e-02
1731	3.444605412490864e-02	3.467368504525317e-02
1816	3.382941335456446e-02	3.388441561392026e-02
2143	3.311284491486122e-02	3.311311214825911e-02
3007	3.232525858468593e-02	3.235936569296283e-02
5049	2.216541367092106e-02	2.238721138568340e-02
5059	2.158175635376780e-02	2.187761623949553e-02
5120	2.100798382548752e-02	2.137962089502233e-02
5260	2.017393230785103e-02	2.041737944669529e-02
5345	1.994860928145981e-02	1.995262314968880e-02
5990	1.941377852521875e-02	1.949844599758046e-02
7187	1.904507374443798e-02	1.905460717963247e-02
8002	1.902499549053938e-02	1.905460717963247e-02
%
% index = 365, name = bbob_f013_i13_d02__bbob_f015_i14_d02
% instance = 6, reference value = 9.662448878418580e-01
% function evaluation | indicator value | target hit
1	6.135635924765035e-01	6.165950018614822e-01
110	5.982912968815214e-01	6.025595860743578e-01
200	4.365563230881971e-01	4.466835921509631e-01
208	4.331248346530957e-01	4.365158322401660e-01
214	3.043585268028328e-01	3.090295432513591e-01
245	2.154452763014263e-01	2.187761623949552e-01
257	1.985309480373257e-01	1.995262314968880e-01
293	1.866438943161337e-01	1.905460717963247e-01
294	1.839039717727781e-01	1.862087136662867e-01
314	1.803595935266332e-01	1.819700858609984e-01
356	1.661919218314816e-01	1.698243652461744e-01
357	1.656683223822214e-01	1.659586907437560e-01
366	1.307812512059784e-01	1.318256738556407e-01
388	1.255411969543797e-01	1.258925411794167e-01
397	1.166179680500513e-01	1.174897554939529e-01
402	9.045379271548926e-02	9.120108393559097e-02
403	8.847231830313629e-02	8.912509381337455e-02
412	8.620880923324015e-02	8.709635899560805e-02
415	8.000399451951146e-02	8.128305161640990e-02
420	7.759942691909438e-02	7.762471166286916e-02
429	7.305557314386468e-02	7.413102413009177e-02
431	6.423102593391028e-02	6.456542290346556e-02
451	6.309163527837613e-02	6.309573444801933e-02
471	6.065070587956345e-02	6.165950018614822e-02
473	5.647450435447487e-02	5.754399373371569e-02
486	5.524647536699068e-02	5.623413251903491e-02
493	5.429242723125038e-02	5.495408738576246e-02
494	5.227269207177210e-02	5.248074602497726e-02
502	5.024978400447722e-02	5.128613839913648e-02
504	4.784254312895897e-02	4.786300923226382e-02
515	4.561017780586174e-02	4.570881896148749e-02
521	4.350049827528291e-02	4.365158322401658e-02
532	4.050939651085683e-02	4.073802778041128e-02
536	3.923267464671287e-02	3.981071705534973e-02
539	3.789026153426778e-02	3.801893963205612e-02
541	3.706678185764745e-02	3.715352290971726e-02
549	3.606941160715904e-02	3.630780547701014e-02
550	3.547990426116998e-02	3.548133892335755e-02
566	3.368938078366113e-02	3.388441561392026e-02
570	3.238205587077758e-02	3.311311214825911e-02
571	3.231178900590115e-02	3.235936569296283e-02
575	3.143881807280891e-02	3.162277660168379e-02
582	3.078979411017313e-02	3.090295432513590e-02
596	2.858081682219027e-02	2.884031503126606e-02
605	2.752979257657984e-02	2.754228703338166e-02
636	2.630245242966422e-02	2.630267991895381e-02
661	2.560827862569803e-02	2.570395782768863e-02
685	2.454920739161615e-02	2.511886431509579e-02
696	2.452703802356104e-02	2.454708915685030e-02
703	2.393552985142477e-02	2.398832919019490e-02
709	2.308833820813561e-02	2.344228815319923e-02
728	2.283387207697285e-02	2.290867652767773e-02
744	2.151957643701707e-02	2.187761623949553e-02
762	2.136595417683085e-02	2.137962089502233e-02
785	2.087995664406017e-02	2.089296130854040e-02
812	2.041385841994070e-02	2.041737944669529e-02
821	1.987954760149857e-02	1.995262314968880e-02
834	1.947843565331320e-02	1.949844599758046e-02
855	1.764747098311947e-02	1.778279410038923e-02
866	1.584714051321578e-02	1.584893192461113e-02
895	1.516898419372714e-02	1.548816618912481e-02
919	1.479109161533498e-02	1.513561248436208e-02
920	1.467171929194278e-02	1.479108388168207e-02
964	1.442761088454036e-02	1.445439770745927e-02
970	1.388841492162263e-02	1.412537544622754e-02
1015	1.373381231347792e-02	1.380384264602885e-02
1024	1.338064921449345e-02	1.348962882591653e-02
1035	1.257025044872329e-02	1.258925411794167e-02
1059	1.178776160662298e-02	1.202264434617413e-02
1172	1.173162998893285e-02	1.174897554939530e-02
1252	1.147181591076396e-02	1.148153621496883e-02
1287	1.076307929559173e-02	1.096478196143185e-02
1289	1.063668214685853e-02	1.071519305237606e-02
1319	1.043032810391187e-02	1.047128548050900e-02
1355	1.019826034618310e-02	1.023292992280754e-02
1443	9.843181475116758e-03	1.000000000000000e-02
1528	9.770443412695062e-03	9.772372209558112e-03
1573	9.544676526194507e-03	9.549925860214359e-03
1648	9.323150106813394e-03	9.332543007969915e-03
1747	9.115822171526178e-03	9.120108393559097e-03
1887	8.880080183338745e-03	8.912509381337459e-03
1910	8.706039163356882e-03	8.709635899560805e-03
2407	8.356313757759803e-03	8.511380382023767e-03
2538	8.280512326450662e-03	8.317637711026709e-03
2691	8.085985116727756e-03	8.128305161640995e-03
2740	7.931175134054946e-03	7.943282347242814e-03
2825	7.751281718979874e-03	7.762471166286920e-03
2928	7.581650765103976e-03	7.585775750291836e-03
3168	7.405934810336579e-03	7.413102413009177e-03
4542	6.644518185656811e-03	6.760829753919818e-03
4642	6.521754824852732e-03	6.606934480075957e-03
4693	6.455095974661762e-03	6.456542290346556e-03
4774	4.448021809183800e-03	4.466835921509630e-03
5689	4.354698901371079e-03	4.365158322401661e-03
6242	4.258044508385517e-03	4.265795188015926e-03
6257	4.164257201533239e-03	4.168693834703355e-03
8002	4.089873489155793e-03	4.168693834703355e-03
%
% index = 366, name = bbob_f013_i15_d02__bbob_f015_i16_d02
% instance = 7, reference value = 8.659162134680630e-01
% function evaluation | indicator value | target hit
1	7.627805114651563e+00	7.762471166286917e+00
92	1.422194686583063e+00	1.445439770745927e+00
154	8.208095235550966e-01	8.317637711026710e-01
266	5.999188369974637e-01	6.025595860743578e-01
350	5.793509742796169e-01	5.888436553555889e-01
398	4.820157522410969e-01	4.897788193684462e-01
415	4.649906513943969e-01	4.677351412871982e-01
490	4.390460404280147e-01	4.466835921509631e-01
505	3.870455587556091e-01	3.890451449942806e-01
528	3.316981448070434e-01	3.388441561392025e-01
540	3.308657540885501e-01	3.311311214825911e-01
542	3.197529980440548e-01	3.235936569296283e-01
548	2.410892690570506e-01	2.454708915685030e-01
611	2.263710159379176e-01	2.290867652767773e-01
709	2.234338674696157e-01	2.238721138568339e-01
732	2.079481878865356e-01	2.089296130854039e-01
733	2.024183829416978e-01	2.041737944669530e-01
828	1.896882312914775e-01	1.905460717963247e-01
844	1.188121723449481e-01	1.202264434617413e-01
849	8.891370618729666e-02	8.912509381337455e-02
869	8.697655473960431e-02	8.709635899560805e-02
895	7.355167143417896e-02	7.413102413009177e-02
1043	7.016754157448679e-02	7.079457843841380e-02
1048	6.781269571959336e-02	6.918309709189366e-02
1058	6.043222062437403e-02	6.165950018614822e-02
1062	6.023489427672146e-02	6.025595860743578e-02
1093	5.601117200537231e-02	5.623413251903491e-02
1142	5.477237240683508e-02	5.495408738576246e-02
1193	4.958111920905750e-02	5.011872336272722e-02
1259	3.909287628478164e-02	3.981071705534973e-02
1293	3.792039997796059e-02	3.801893963205612e-02
1303	3.369141126238973e-02	3.388441561392026e-02
1369	3.301807283078195e-02	3.311311214825911e-02
1380	3.221907158677317e-02	3.235936569296283e-02
1381	2.356634754333131e-02	2.398832919019490e-02
1391	2.341956595643424e-02	2.344228815319923e-02
1408	2.221682326079455e-02	2.238721138568340e-02
1449	2.181612980935899e-02	2.187761623949553e-02
1466	2.114187282873858e-02	2.137962089502233e-02
1607	2.036493304155684e-02	2.041737944669529e-02
1640	1.994474846092009e-02	1.995262314968880e-02
1706	1.890074433460953e-02	1.905460717963247e-02
1774	1.838403164216384e-02	1.862087136662868e-02
1814	1.815830006063546e-02	1.819700858609984e-02
1909	1.775421093602536e-02	1.778279410038923e-02
1947	1.726983923211500e-02	1.737800828749375e-02
1967	1.672524857420832e-02	1.698243652461744e-02
1982	1.601595955657142e-02	1.621810097358930e-02
2021	1.584872654467617e-02	1.584893192461113e-02
2224	1.548662856133565e-02	1.548816618912481e-02
2276	1.504744595221930e-02	1.513561248436208e-02
2293	1.467083648778134e-02	1.479108388168207e-02
2392	1.441895526750014e-02	1.445439770745927e-02
2702	1.396627657627025e-02	1.412537544622754e-02
2807	1.376694567276782e-02	1.380384264602885e-02
3035	1.346166549967165e-02	1.348962882591653e-02
3878	1.291795578724986e-02	1.318256738556407e-02
4041	1.288220229208115e-02	1.288249551693134e-02
8002	1.286744744473234e-02	1.288249551693134e-02
%
% index = 367, name = bbob_f013_i17_d02__bbob_f015_i18_d02
% instance = 8, reference value = 9.543438893664290e-01
% function evaluation | indicator value | target hit
1	1.608869628612579e+00	1.621810097358930e+00
336	1.542493856506929e+00	1.548816618912481e+00
403	6.090393007542263e-01	6.165950018614822e-01
425	5.873976468198547e-01	5.888436553555889e-01
460	3.731734491330133e-01	3.801893963205612e-01
461	3.706371680217295e-01	3.715352290971726e-01
464	3.127640891504685e-01	3.162277660168379e-01
465	2.805613141587353e-01	2.818382931264454e-01
490	2.632357633810483e-01	2.691534803926916e-01
534	1.994228533953429e-01	1.995262314968880e-01
541	1.694408670032047e-01	1.698243652461744e-01
554	1.553685125250132e-01	1.584893192461113e-01
573	1.539437654603224e-01	1.548816618912481e-01
581	1.004100362352806e-01	1.023292992280754e-01
585	9.602480972917460e-02	9.772372209558107e-02
598	8.396573810282260e-02	8.511380382023763e-02
599	8.253321676869652e-02	8.317637711026708e-02
604	8.115405085704008e-02	8.128305161640990e-02
606	7.515701382304529e-02	7.585775750291836e-02
615	7.135339421231279e-02	7.244359600749903e-02
621	7.011980250596361e-02	7.079457843841380e-02
625	6.381147692923395e-02	6.456542290346556e-02
675	6.014979793111475e-02	6.025595860743578e-02
676	5.820119950469838e-02	5.888436553555890e-02
692	5.719886016209363e-02	5.754399373371569e-02
708	4.008552193070924e-02	4.073802778041128e-02
727	3.951792599707349e-02	3.981071705534973e-02
736	3.821562857459948e-02	3.890451449942807e-02
743	3.791398024779025e-02	3.801893963205612e-02
756	3.688052562112754e-02	3.715352290971726e-02
761	3.466950895835630e-02	3.467368504525317e-02
769	3.377617325524407e-02	3.388441561392026e-02
776	3.287642481511421e-02	3.311311214825911e-02
796	3.218394413531200e-02	3.235936569296283e-02
805	3.137271158074173e-02	3.162277660168379e-02
818	2.937825221212065e-02	2.951209226666385e-02
864	2.831348554633062e-02	2.884031503126606e-02
865	2.781516988484034e-02	2.818382931264454e-02
871	2.679586949440449e-02	2.691534803926915e-02
897	2.615190768934306e-02	2.630267991895381e-02
946	2.296146473629046e-02	2.344228815319923e-02
953	2.289889971858672e-02	2.290867652767773e-02
986	2.135713912168369e-02	2.137962089502233e-02
998	1.193081576422761e-02	1.202264434617413e-02
1004	1.111148108625581e-02	1.122018454301964e-02
1005	1.095371398466527e-02	1.096478196143185e-02
1023	7.952446765176924e-03	8.128305161640995e-03
1026	7.934750006299951e-03	7.943282347242814e-03
1091	7.758267294919130e-03	7.762471166286920e-03
1128	7.428514466528036e-03	7.585775750291836e-03
1131	7.322446014047523e-03	7.413102413009177e-03
1142	7.100990046329692e-03	7.244359600749898e-03
1146	6.924676120773077e-03	7.079457843841380e-03
1155	6.911041606661339e-03	6.918309709189363e-03
1178	6.730382582443517e-03	6.760829753919818e-03
1204	6.573060913048656e-03	6.606934480075957e-03
1205	6.431588030878066e-03	6.456542290346556e-03
1209	6.243318751690707e-03	6.309573444801930e-03
1223	6.034002821737161e-03	6.165950018614822e-03
1226	6.002932193057031e-03	6.025595860743574e-03
1245	5.864556733889192e-03	5.888436553555890e-03
1246	5.563770119379141e-03	5.623413251903491e-03
1248	5.455349797967912e-03	5.495408738576248e-03
1295	5.365914636630942e-03	5.370317963702527e-03
1326	5.198968438211216e-03	5.248074602497728e-03
1342	4.826354134559896e-03	4.897788193684461e-03
1364	4.780785956490119e-03	4.786300923226385e-03
1390	4.671626539822227e-03	4.677351412871981e-03
1419	4.540358503105635e-03	4.570881896148752e-03
1426	4.428535584765747e-03	4.466835921509630e-03
1458	4.225866360307085e-03	4.265795188015926e-03
1488	4.049053969898075e-03	4.073802778041126e-03
1494	3.938577880958083e-03	3.981071705534973e-03
1495	3.888601947003689e-03	3.890451449942805e-03
1498	3.776993468116996e-03	3.801893963205613e-03
1523	3.655392761374943e-03	3.715352290971724e-03
1544	3.500018839955210e-03	3.548133892335753e-03
1545	3.463636030785699e-03	3.467368504525317e-03
1552	3.385430022712077e-03	3.388441561392024e-03
1625	3.311258071491907e-03	3.311311214825911e-03
1657	3.184540079292253e-03	3.235936569296281e-03
1665	3.094104029606304e-03	3.162277660168379e-03
1684	3.087070255628488e-03	3.090295432513592e-03
1688	3.018664944876126e-03	3.019951720402016e-03
1728	2.940537092523399e-03	2.951209226666387e-03
1792	2.854424761791874e-03	2.884031503126605e-03
1831	2.818203060642843e-03	2.818382931264455e-03
1866	2.676649602055048e-03	2.691534803926917e-03
1894	2.612494507634788e-03	2.630267991895381e-03
1911	2.569525488839597e-03	2.570395782768865e-03
1934	2.509742762136224e-03	2.511886431509579e-03
1984	2.416875064040647e-03	2.454708915685031e-03
1987	2.390130929470713e-03	2.398832919019490e-03
2138	2.300866124612777e-03	2.344228815319923e-03
2158	2.289998144451744e-03	2.290867652767772e-03
2182	2.185175859017785e-03	2.187761623949552e-03
2242	2.135581485892990e-03	2.137962089502233e-03
2345	2.088470194734016e-03	2.089296130854039e-03
2358	2.038634071623080e-03	2.041737944669530e-03
2483	1.993829814790460e-03	1.995262314968879e-03
2529	1.949535678176240e-03	1.949844599758046e-03
2627	1.893707761826180e-03	1.905460717963246e-03
2804	1.858264214708472e-03	1.862087136662868e-03
2945	1.819682977453385e-03	1.819700858609983e-03
3114	1.120836418093463e-03	1.122018454301963e-03
3210	1.095413726080019e-03	1.096478196143185e-03
3367	1.070991695134582e-03	1.071519305237606e-03
3565	1.045627629567947e-03	1.047128548050900e-03
3755	1.022961167257641e-03	1.023292992280754e-03
3900	9.968291762739723e-04	1.000000000000000e-03
4901	9.754541765243374e-04	9.772372209558111e-04
5320	9.459077314194486e-04	9.549925860214359e-04
5680	9.320918303797887e-04	9.332543007969915e-04
7240	9.111395860497140e-04	9.120108393559096e-04
8002	9.022804297198483e-04	9.120108393559096e-04
%
% index = 368, name = bbob_f013_i19_d02__bbob_f015_i21_d02
% instance = 9, reference value = 6.510874602997730e-01
% function evaluation | indicator value | target hit
1	7.948970264172731e-01	8.128305161640993e-01
302	6.169323832706545e-01	6.309573444801932e-01
379	4.413585139270431e-01	4.466835921509631e-01
385	3.906341646270499e-01	3.981071705534972e-01
401	3.877454075190904e-01	3.890451449942806e-01
411	3.194522031128539e-01	3.235936569296283e-01
456	3.135778985486992e-01	3.162277660168379e-01
467	3.030004498423408e-01	3.090295432513591e-01
480	2.568433347912297e-01	2.570395782768864e-01
588	2.456619798248547e-01	2.511886431509580e-01
615	2.079921893180118e-01	2.089296130854039e-01
627	1.969368924724018e-01	1.995262314968880e-01
655	1.886789570930613e-01	1.905460717963247e-01
665	1.763111807973586e-01	1.778279410038923e-01
686	1.495961438468774e-01	1.513561248436208e-01
724	1.442607372844643e-01	1.445439770745928e-01
887	1.409423636266770e-01	1.412537544622754e-01
893	1.376351764709114e-01	1.380384264602885e-01
914	1.268714486548661e-01	1.288249551693134e-01
928	1.169236298655419e-01	1.174897554939529e-01
986	1.132842113233707e-01	1.148153621496883e-01
987	1.116698131003256e-01	1.122018454301964e-01
1041	1.001918978023740e-01	1.023292992280754e-01
1045	9.609337493103565e-02	9.772372209558107e-02
1046	7.990391511591921e-02	8.128305161640990e-02
1060	7.929740105233440e-02	7.943282347242814e-02
1154	7.676391891075662e-02	7.762471166286916e-02
1173	7.533485289238684e-02	7.585775750291836e-02
1175	7.403846948069182e-02	7.413102413009177e-02
1196	7.243384184991919e-02	7.244359600749903e-02
1230	6.548976139599849e-02	6.606934480075961e-02
1232	6.312751054456012e-02	6.456542290346556e-02
1251	6.304687608548942e-02	6.309573444801933e-02
1285	6.135351533696354e-02	6.165950018614822e-02
1287	6.018792675745510e-02	6.025595860743578e-02
1311	5.856740698391205e-02	5.888436553555890e-02
1355	5.749584795735108e-02	5.754399373371569e-02
1410	5.619764592081866e-02	5.623413251903491e-02
1411	5.434622650261933e-02	5.495408738576246e-02
1444	5.315705357665113e-02	5.370317963702527e-02
1467	5.236212636081539e-02	5.248074602497726e-02
1562	4.846152877518917e-02	4.897788193684462e-02
1617	4.479972931225340e-02	4.570881896148749e-02
1638	4.348337982678063e-02	4.365158322401658e-02
1654	4.244468113659461e-02	4.265795188015926e-02
1758	4.154176482312688e-02	4.168693834703355e-02
1830	4.060685404104825e-02	4.073802778041128e-02
2052	3.973768736796179e-02	3.981071705534973e-02
2493	3.889388947275541e-02	3.890451449942807e-02
3368	3.801869205794195e-02	3.801893963205612e-02
7950	3.715335082652604e-02	3.715352290971726e-02
8002	3.714572196544108e-02	3.715352290971726e-02
%
% index = 369, name = bbob_f013_i21_d02__bbob_f015_i22_d02
% instance = 10, reference value = 8.463166718014810e-01
% function evaluation | indicator value | target hit
1	2.503806660132481e+00	2.511886431509580e+00
350	2.144357166294303e+00	2.187761623949553e+00
552	1.995425448737854e+00	2.041737944669529e+00
4389	1.419219201534981e+00	1.445439770745927e+00
4443	5.176080835305276e-01	5.248074602497725e-01
4527	5.086598451973732e-01	5.128613839913648e-01
4543	4.885850737967887e-01	4.897788193684462e-01
4605	4.785785041767600e-01	4.786300923226383e-01
4637	4.652235887303950e-01	4.677351412871982e-01
4715	4.567530578107300e-01	4.570881896148750e-01
4753	4.363795866969729e-01	4.365158322401660e-01
4936	4.254877667066322e-01	4.265795188015927e-01
5284	4.168656275033050e-01	4.168693834703354e-01
8002	4.141895193177086e-01	4.168693834703354e-01
