%
% index = 540, name = bbob_f021_i02_d02__bbob_f021_i04_d02
% instance = 1, reference value = 9.949118966131409e-01
% function evaluation | indicator value | target hit
1	9.040184912082493e-01	9.120108393559098e-01
297	2.205208947036185e-01	2.238721138568339e-01
300	2.141518834085409e-01	2.187761623949552e-01
439	1.986862821951908e-01	1.995262314968880e-01
442	1.934340381746715e-01	1.949844599758045e-01
482	1.896925745020263e-01	1.905460717963247e-01
518	1.816488634183173e-01	1.819700858609984e-01
551	3.514067290616496e-02	3.548133892335755e-02
565	2.627831896565480e-02	2.630267991895381e-02
613	2.427467962198981e-02	2.454708915685030e-02
665	2.367286096960008e-02	2.398832919019490e-02
676	2.333685573407229e-02	2.344228815319923e-02
688	2.246788842808423e-02	2.290867652767773e-02
703	1.853747722842736e-02	1.862087136662868e-02
704	1.811877066736833e-02	1.819700858609984e-02
706	1.480115084370337e-02	1.513561248436208e-02
717	1.422442405379010e-02	1.445439770745927e-02
725	1.402281726998733e-02	1.412537544622754e-02
733	1.371236327821324e-02	1.380384264602885e-02
784	1.304978139863122e-02	1.318256738556407e-02
805	1.269765920121102e-02	1.288249551693134e-02
808	1.084904853189128e-02	1.096478196143185e-02
813	9.421467726420496e-03	9.549925860214359e-03
833	9.323652032122043e-03	9.332543007969915e-03
849	9.027911880873818e-03	9.120108393559097e-03
853	8.671153272861942e-03	8.709635899560805e-03
877	7.892825235528478e-03	7.943282347242814e-03
889	7.643799126236583e-03	7.762471166286920e-03
925	7.519038527733835e-03	7.585775750291836e-03
928	7.395573959563362e-03	7.413102413009177e-03
948	7.095286883187946e-03	7.244359600749898e-03
952	7.035059760249762e-03	7.079457843841380e-03
957	6.889984570464303e-03	6.918309709189363e-03
978	6.758834543719616e-03	6.760829753919818e-03
980	6.518687043166493e-03	6.606934480075957e-03
982	6.431894331238808e-03	6.456542290346556e-03
1002	6.266220407057821e-03	6.309573444801930e-03
1004	5.998165392599453e-03	6.025595860743574e-03
1022	5.880021557664317e-03	5.888436553555890e-03
1051	5.809575130902300e-03	5.888436553555890e-03
%
% index = 541, name = bbob_f021_i03_d02__bbob_f021_i05_d02
% instance = 2, reference value = 9.367112472611980e-01
% function evaluation | indicator value | target hit
1	1.607163663126698e+00	1.621810097358930e+00
143	1.526647946146698e+00	1.548816618912481e+00
175	1.054855033255698e+00	1.071519305237606e+00
176	9.351617052061026e-01	9.549925860214360e-01
211	6.211596588062085e-01	6.309573444801932e-01
251	5.909951566868203e-01	6.025595860743578e-01
261	5.228276352101006e-01	5.248074602497725e-01
312	2.904233512806089e-01	2.951209226666385e-01
346	2.824053078035543e-01	2.884031503126606e-01
349	1.890513550570782e-01	1.905460717963247e-01
357	1.293325193891179e-01	1.318256738556407e-01
396	1.182693013542643e-01	1.202264434617413e-01
410	9.208010347837192e-02	9.332543007969910e-02
453	8.287591754789259e-02	8.317637711026708e-02
538	8.123972924213407e-02	8.128305161640990e-02
547	7.842710263540864e-02	7.943282347242814e-02
555	5.084164677383596e-02	5.128613839913648e-02
557	3.967476441458739e-02	3.981071705534973e-02
559	3.890127170752622e-02	3.890451449942807e-02
575	3.771658522871069e-02	3.801893963205612e-02
619	3.707975003363961e-02	3.715352290971726e-02
630	3.465708466062367e-02	3.467368504525317e-02
636	3.228601049433266e-02	3.235936569296283e-02
638	3.112861075700391e-02	3.162277660168379e-02
651	2.963229804662826e-02	3.019951720402016e-02
657	2.925817779185047e-02	2.951209226666385e-02
663	2.830162614484155e-02	2.884031503126606e-02
674	2.805286206742452e-02	2.818382931264454e-02
703	2.690111913964799e-02	2.691534803926915e-02
717	2.627085927912043e-02	2.630267991895381e-02
804	2.570087690660039e-02	2.570395782768863e-02
1051	2.551933392197914e-02	2.570395782768863e-02
%
% index = 542, name = bbob_f021_i07_d02__bbob_f021_i08_d02
% instance = 3, reference value = 9.797434530716920e-01
% function evaluation | indicator value | target hit
1	7.387259487919895e-01	7.413102413009175e-01
256	6.710983256669092e-01	6.760829753919817e-01
337	4.652449237406487e-01	4.677351412871982e-01
367	4.200312945586387e-01	4.265795188015927e-01
404	3.818968423730593e-01	3.890451449942806e-01
418	3.564216668964957e-01	3.630780547701014e-01
423	2.404930173704407e-01	2.454708915685030e-01
427	2.250650427466183e-01	2.290867652767773e-01
438	2.185295747073350e-01	2.187761623949552e-01
451	2.135038224872816e-01	2.137962089502232e-01
462	1.812247264505392e-01	1.819700858609984e-01
494	1.714128831971558e-01	1.737800828749375e-01
506	1.524650857096501e-01	1.548816618912481e-01
517	1.471848344940945e-01	1.479108388168208e-01
569	1.400411113565992e-01	1.412537544622754e-01
611	1.372818195266385e-01	1.380384264602885e-01
618	1.346804876774371e-01	1.348962882591654e-01
626	1.267830969093543e-01	1.288249551693134e-01
632	1.251598317440783e-01	1.258925411794167e-01
651	1.039962102296920e-01	1.047128548050900e-01
659	1.022597858852814e-01	1.023292992280754e-01
678	7.155496011100304e-02	7.244359600749903e-02
713	7.029653350602794e-02	7.079457843841380e-02
733	6.869867432395871e-02	6.918309709189366e-02
807	6.642315159469259e-02	6.760829753919818e-02
842	6.426642716848396e-02	6.456542290346556e-02
847	5.742509236577431e-02	5.754399373371569e-02
897	5.576619695960072e-02	5.623413251903491e-02
918	5.438516418065453e-02	5.495408738576246e-02
1006	5.286951530461192e-02	5.370317963702527e-02
1050	5.221457502153726e-02	5.248074602497726e-02
1051	5.221457502153726e-02	5.248074602497726e-02
%
% index = 543, name = bbob_f021_i09_d02__bbob_f021_i10_d02
% instance = 4, reference value = 9.315596346233460e-01
% function evaluation | indicator value | target hit
1	1.063226953309346e+00	1.071519305237606e+00
186	7.415180067771441e-01	7.585775750291838e-01
262	6.084386756500411e-01	6.165950018614822e-01
264	5.669702872288460e-01	5.754399373371569e-01
274	3.158032131425669e-01	3.162277660168379e-01
371	3.076478023818486e-01	3.090295432513591e-01
469	2.891382467047295e-01	2.951209226666385e-01
483	2.819072828289383e-01	2.884031503126606e-01
504	2.720718415327996e-01	2.754228703338166e-01
552	2.646828484853835e-01	2.691534803926916e-01
570	2.537101402740337e-01	2.570395782768864e-01
573	2.490907324260214e-01	2.511886431509580e-01
577	1.814858336870246e-01	1.819700858609984e-01
670	9.704726152751031e-02	9.772372209558107e-02
672	8.606121201270045e-02	8.709635899560805e-02
680	8.417037112262726e-02	8.511380382023763e-02
819	8.156385986552628e-02	8.317637711026708e-02
820	7.972764282721334e-02	8.128305161640990e-02
828	7.702731754874026e-02	7.762471166286916e-02
852	7.324328336377450e-02	7.413102413009177e-02
861	6.961403671152666e-02	7.079457843841380e-02
897	6.840133136258120e-02	6.918309709189366e-02
912	6.617503673311775e-02	6.760829753919818e-02
957	6.287553742405572e-02	6.309573444801933e-02
981	5.249357343252348e-02	5.370317963702527e-02
990	5.240186281898307e-02	5.248074602497726e-02
1051	5.232846945469605e-02	5.248074602497726e-02
%
% index = 544, name = bbob_f021_i11_d02__bbob_f021_i12_d02
% instance = 5, reference value = 8.909414389645420e-01
% function evaluation | indicator value | target hit
1	7.317358490004122e-01	7.413102413009175e-01
354	6.126728208866441e-01	6.165950018614822e-01
358	5.924570763054782e-01	6.025595860743578e-01
415	5.763693183367972e-01	5.888436553555889e-01
445	5.290688094547027e-01	5.370317963702527e-01
465	4.381679785307714e-01	4.466835921509631e-01
470	4.290454954645355e-01	4.365158322401660e-01
471	3.986801860466769e-01	4.073802778041127e-01
472	3.854015756807947e-01	3.890451449942806e-01
480	2.962199452820717e-01	3.019951720402016e-01
514	2.933945075243701e-01	2.951209226666385e-01
516	2.450209473140346e-01	2.454708915685030e-01
588	2.044132253139552e-01	2.089296130854039e-01
637	6.456085069647077e-02	6.456542290346556e-02
675	5.935293905215788e-02	6.025595860743578e-02
705	4.083645027736160e-02	4.168693834703355e-02
722	2.691799893504010e-02	2.754228703338166e-02
753	2.669271943981888e-02	2.691534803926915e-02
779	2.229976273348055e-02	2.238721138568340e-02
782	2.182603115910842e-02	2.187761623949553e-02
799	2.135309607111724e-02	2.137962089502233e-02
815	1.968067508198823e-02	1.995262314968880e-02
836	1.944144477030618e-02	1.949844599758046e-02
842	1.895641977105333e-02	1.905460717963247e-02
848	1.818806171502518e-02	1.819700858609984e-02
854	1.673392085497460e-02	1.698243652461744e-02
865	1.493834193386434e-02	1.513561248436208e-02
867	1.440268378358311e-02	1.445439770745927e-02
900	1.412248581347642e-02	1.412537544622754e-02
910	1.309651891659025e-02	1.318256738556407e-02
924	1.277043735086447e-02	1.288249551693134e-02
927	1.257398010316813e-02	1.258925411794167e-02
999	1.229948956243210e-02	1.230268770812382e-02
1006	1.179288946739221e-02	1.202264434617413e-02
1020	1.174468790550887e-02	1.174897554939530e-02
1051	1.153244345353543e-02	1.174897554939530e-02
%
% index = 545, name = bbob_f021_i13_d02__bbob_f021_i14_d02
% instance = 6, reference value = 8.784177775473350e-01
% function evaluation | indicator value | target hit
1	6.282822364208335e+00	6.309573444801933e+00
12	3.226975923890835e+00	3.235936569296283e+00
52	2.307909063742249e+00	2.344228815319922e+00
158	1.451823638919835e+00	1.479108388168207e+00
159	1.347152148982335e+00	1.348962882591654e+00
175	1.148199189419335e+00	1.174897554939530e+00
292	8.535935764807469e-01	8.709635899560806e-01
308	8.060295048272155e-01	8.128305161640993e-01
334	4.811086873570459e-01	4.897788193684462e-01
383	2.902329917169428e-01	2.951209226666385e-01
413	2.704642568255976e-01	2.754228703338166e-01
440	1.987716214563008e-01	1.995262314968880e-01
492	1.943659663080531e-01	1.949844599758045e-01
606	1.606336520103588e-01	1.621810097358930e-01
616	1.581345030298793e-01	1.584893192461113e-01
659	1.535900377021127e-01	1.548816618912481e-01
735	1.462211353210525e-01	1.479108388168208e-01
918	1.413418826153254e-01	1.445439770745928e-01
961	1.235187721866434e-01	1.258925411794167e-01
1013	1.161842077682319e-01	1.174897554939529e-01
1016	1.074876622765428e-01	1.096478196143185e-01
1051	1.074842523873779e-01	1.096478196143185e-01
%
% index = 546, name = bbob_f021_i15_d02__bbob_f021_i16_d02
% instance = 7, reference value = 9.387476429300460e-01
% function evaluation | indicator value | target hit
1	6.407298611679986e-01	6.456542290346555e-01
331	6.153183685272774e-01	6.165950018614822e-01
395	2.466208107578862e-01	2.511886431509580e-01
420	2.338172342861597e-01	2.344228815319922e-01
482	1.977464056031689e-01	1.995262314968880e-01
508	1.896125984986372e-01	1.905460717963247e-01
529	1.814900428706440e-01	1.819700858609984e-01
539	1.667149652078178e-01	1.698243652461744e-01
558	1.654530892842108e-01	1.659586907437560e-01
565	1.612123941021310e-01	1.621810097358930e-01
597	1.154250306565268e-01	1.174897554939529e-01
602	1.137074376253575e-01	1.148153621496883e-01
653	1.093046329790618e-01	1.096478196143185e-01
663	1.049252840288880e-01	1.071519305237607e-01
678	1.045241181458745e-01	1.047128548050900e-01
681	9.313379494431517e-02	9.332543007969910e-02
705	9.082427142687244e-02	9.120108393559097e-02
731	8.412890561666031e-02	8.511380382023763e-02
740	8.242229112723665e-02	8.317637711026708e-02
791	8.113379188539083e-02	8.128305161640990e-02
811	7.689677971926867e-02	7.762471166286916e-02
855	7.577688382612313e-02	7.585775750291836e-02
910	7.299926009199320e-02	7.413102413009177e-02
917	7.220484437422481e-02	7.244359600749903e-02
998	7.069819741323746e-02	7.079457843841380e-02
1051	7.013959907167133e-02	7.079457843841380e-02
%
% index = 547, name = bbob_f021_i17_d02__bbob_f021_i18_d02
% instance = 8, reference value = 9.010390610743050e-01
% function evaluation | indicator value | target hit
1	2.350666748553305e+00	2.398832919019490e+00
36	9.127408869638051e-01	9.332543007969910e-01
173	6.352303488065181e-01	6.456542290346555e-01
259	3.850757980176788e-01	3.890451449942806e-01
340	2.930140558018387e-01	2.951209226666385e-01
357	1.900409872509395e-01	1.905460717963247e-01
387	1.755678771624277e-01	1.778279410038923e-01
408	1.420572750175425e-01	1.445439770745928e-01
459	1.230847950008638e-01	1.258925411794167e-01
480	1.159032936983874e-01	1.174897554939529e-01
488	1.079745098835635e-01	1.096478196143185e-01
491	1.053433988308172e-01	1.071519305237607e-01
538	9.853946006662995e-02	1.000000000000000e-01
544	9.268992880118043e-02	9.332543007969910e-02
557	8.215811808942619e-02	8.317637711026708e-02
563	8.010343798722708e-02	8.128305161640990e-02
572	7.768394490146446e-02	7.943282347242814e-02
607	7.748070367076609e-02	7.762471166286916e-02
614	7.444040660120632e-02	7.585775750291836e-02
632	7.103575277694951e-02	7.244359600749903e-02
669	7.066612306584685e-02	7.079457843841380e-02
693	6.765946972436943e-02	6.918309709189366e-02
705	6.760557800975842e-02	6.760829753919818e-02
753	6.564452667618714e-02	6.606934480075961e-02
812	6.409111012327573e-02	6.456542290346556e-02
921	6.298333335693662e-02	6.309573444801933e-02
995	5.404789118831654e-02	5.495408738576246e-02
1007	5.369948946635850e-02	5.370317963702527e-02
1020	5.219765050401248e-02	5.248074602497726e-02
1051	5.217382474771692e-02	5.248074602497726e-02
%
% index = 548, name = bbob_f021_i19_d02__bbob_f021_i21_d02
% instance = 9, reference value = 8.692053108202790e-01
% function evaluation | indicator value | target hit
1	3.013571072798888e+00	3.019951720402016e+00
270	2.542837165686739e+00	2.570395782768863e+00
380	1.310683652103685e+00	1.318256738556407e+00
451	4.003733651572394e-01	4.073802778041127e-01
550	3.895096808059191e-01	3.981071705534972e-01
618	3.772717458292975e-01	3.801893963205612e-01
703	3.700400079931584e-01	3.715352290971726e-01
755	3.623253977885732e-01	3.630780547701014e-01
822	3.200373014424930e-01	3.235936569296283e-01
846	3.055381587069705e-01	3.090295432513591e-01
893	3.007066392965564e-01	3.019951720402016e-01
941	2.878133514591928e-01	2.884031503126606e-01
992	2.735514796516217e-01	2.754228703338166e-01
1020	2.686794513212750e-01	2.691534803926916e-01
1051	2.685560976722674e-01	2.691534803926916e-01
%
% index = 549, name = bbob_f021_i21_d02__bbob_f021_i22_d02
% instance = 10, reference value = 8.512682108768010e-01
% function evaluation | indicator value | target hit
1	9.413735929473011e-01	9.549925860214360e-01
400	8.684140059093011e-01	8.709635899560806e-01
425	7.415819059157855e-01	7.585775750291838e-01
511	4.480745729208077e-01	4.570881896148750e-01
560	4.392724269470545e-01	4.466835921509631e-01
577	2.901601744174863e-01	2.951209226666385e-01
581	2.695362928928501e-01	2.754228703338166e-01
596	2.670841260193676e-01	2.691534803926916e-01
627	1.743432400049585e-01	1.778279410038923e-01
705	1.728073248931590e-01	1.737800828749375e-01
806	1.693735501728921e-01	1.698243652461744e-01
1012	1.557338357381365e-01	1.584893192461113e-01
1050	1.503377623187280e-01	1.513561248436208e-01
1051	1.503377623187280e-01	1.513561248436208e-01
