%
% index = 50, name = bbob_f001_i02_d02__bbob_f014_i04_d02
% instance = 1, reference value = 6.672541076781430e-01
% function evaluation | indicator value | target hit
1	8.841291750661430e-01	8.912509381337456e-01
20	5.666285050008975e-01	5.754399373371569e-01
235	3.071647305720024e-01	3.090295432513591e-01
272	2.998675397340898e-01	3.019951720402016e-01
332	2.795027902565269e-01	2.818382931264454e-01
362	2.740818488054957e-01	2.754228703338166e-01
366	2.683711162352312e-01	2.691534803926916e-01
403	2.583278780487097e-01	2.630267991895382e-01
410	2.568874005959452e-01	2.570395782768864e-01
428	2.511035569219165e-01	2.511886431509580e-01
429	1.335784940962054e-01	1.348962882591654e-01
452	1.054881748276516e-01	1.071519305237607e-01
480	1.046099957146566e-01	1.047128548050900e-01
492	1.000296437162554e-01	1.023292992280754e-01
493	9.245027578551590e-02	9.332543007969910e-02
494	7.778266607570594e-02	7.943282347242814e-02
495	6.898932847853756e-02	6.918309709189366e-02
503	5.869604458440925e-02	5.888436553555890e-02
538	5.489595914124135e-02	5.495408738576246e-02
547	5.331656119481010e-02	5.370317963702527e-02
564	5.151078304773449e-02	5.248074602497726e-02
566	4.582239795423304e-02	4.677351412871981e-02
567	4.181600935937291e-02	4.265795188015926e-02
570	4.150771840396472e-02	4.168693834703355e-02
578	4.072408486539236e-02	4.073802778041128e-02
579	3.476789691717130e-02	3.548133892335755e-02
583	3.461996789776234e-02	3.467368504525317e-02
593	3.347315880126511e-02	3.388441561392026e-02
594	3.077295969377181e-02	3.090295432513590e-02
602	2.900573627641190e-02	2.951209226666385e-02
605	2.813666128807746e-02	2.818382931264454e-02
606	2.717054278312914e-02	2.754228703338166e-02
609	2.673269979401605e-02	2.691534803926915e-02
617	2.624497677893656e-02	2.630267991895381e-02
634	2.546665970718232e-02	2.570395782768863e-02
650	2.461609659262953e-02	2.511886431509579e-02
651	2.451478296683274e-02	2.454708915685030e-02
656	2.394754042355129e-02	2.398832919019490e-02
673	2.325683586646332e-02	2.344228815319923e-02
678	2.290054064615210e-02	2.290867652767773e-02
690	2.217418030328733e-02	2.238721138568340e-02
698	2.181681142154412e-02	2.187761623949553e-02
703	2.014612832695606e-02	2.041737944669529e-02
706	1.989943269736105e-02	1.995262314968880e-02
707	1.904908866928989e-02	1.905460717963247e-02
716	1.830219612989181e-02	1.862087136662868e-02
719	1.813451736491567e-02	1.819700858609984e-02
728	1.777405237067498e-02	1.778279410038923e-02
729	1.638687093132185e-02	1.659586907437561e-02
736	1.614639057223533e-02	1.621810097358930e-02
739	1.547679622638998e-02	1.548816618912481e-02
748	1.509186724571332e-02	1.513561248436208e-02
759	1.474355911054614e-02	1.479108388168207e-02
765	1.443415040088214e-02	1.445439770745927e-02
775	1.394581977299481e-02	1.412537544622754e-02
781	1.380015936795520e-02	1.380384264602885e-02
787	1.297367622124035e-02	1.318256738556407e-02
790	1.277593272189215e-02	1.288249551693134e-02
791	1.253559584767905e-02	1.258925411794167e-02
802	1.228460804676967e-02	1.230268770812382e-02
810	1.195647963104063e-02	1.202264434617413e-02
819	1.170905562290248e-02	1.174897554939530e-02
824	1.132996860732527e-02	1.148153621496883e-02
829	1.120982478394728e-02	1.122018454301964e-02
835	1.082225982088303e-02	1.096478196143185e-02
836	1.069837537022622e-02	1.071519305237606e-02
856	1.045357141335101e-02	1.047128548050900e-02
859	1.012521337059891e-02	1.023292992280754e-02
874	9.998233420273728e-03	1.000000000000000e-02
888	9.756711745400715e-03	9.772372209558112e-03
904	9.532733389699177e-03	9.549925860214359e-03
918	9.255222496304394e-03	9.332543007969915e-03
922	9.099299436257535e-03	9.120108393559097e-03
925	8.310791257151839e-03	8.317637711026709e-03
940	8.121540466616506e-03	8.128305161640995e-03
960	7.917329554152697e-03	7.943282347242814e-03
972	7.759217446320132e-03	7.762471166286920e-03
979	7.033393902712848e-03	7.079457843841380e-03
992	6.916269723759916e-03	6.918309709189363e-03
993	6.010243089159206e-03	6.025595860743574e-03
1016	5.870881132253092e-03	5.888436553555890e-03
1040	5.726937848007485e-03	5.754399373371567e-03
1056	5.597838863245608e-03	5.623413251903491e-03
1062	5.494360023318601e-03	5.495408738576248e-03
1089	5.370103745427679e-03	5.370317963702527e-03
1098	5.239888388195335e-03	5.248074602497728e-03
1116	5.099851897570562e-03	5.128613839913648e-03
1138	5.008179898710940e-03	5.011872336272725e-03
1155	3.856883356736951e-03	3.890451449942805e-03
1168	3.789472927831161e-03	3.801893963205613e-03
1173	3.609635094038999e-03	3.630780547701014e-03
1190	3.544933654363480e-03	3.548133892335753e-03
1210	3.465117982162647e-03	3.467368504525317e-03
1230	3.122917038493211e-03	3.162277660168379e-03
1238	3.089826493310688e-03	3.090295432513592e-03
1245	3.019285898978374e-03	3.019951720402016e-03
1266	2.943534261214964e-03	2.951209226666387e-03
1293	2.729892029184833e-03	2.754228703338166e-03
1295	2.497742730200758e-03	2.511886431509579e-03
1313	2.450307400895135e-03	2.454708915685031e-03
1326	2.285770529971254e-03	2.290867652767772e-03
1345	2.237275852631115e-03	2.238721138568340e-03
1366	1.995681280300365e-03	2.041737944669530e-03
1367	1.990877315853345e-03	1.995262314968879e-03
1385	1.947619720978677e-03	1.949844599758046e-03
1407	1.884339162196991e-03	1.905460717963246e-03
1418	1.861369965664994e-03	1.862087136662868e-03
1441	1.815694416397728e-03	1.819700858609983e-03
1461	1.740885649592849e-03	1.778279410038923e-03
1466	1.737226270324244e-03	1.737800828749376e-03
1488	1.673315124667951e-03	1.698243652461744e-03
1502	1.647365449941707e-03	1.659586907437561e-03
1518	1.621441656689537e-03	1.621810097358930e-03
1547	1.579840170756741e-03	1.584893192461114e-03
1563	1.541538772004247e-03	1.548816618912481e-03
1590	1.512800506597300e-03	1.513561248436209e-03
1599	1.477744636419698e-03	1.479108388168207e-03
1626	1.444471290808713e-03	1.445439770745928e-03
1634	1.402232607536025e-03	1.412537544622754e-03
1643	1.377847350003680e-03	1.380384264602885e-03
1659	1.348116733166482e-03	1.348962882591653e-03
1675	1.317285026780746e-03	1.318256738556408e-03
1693	1.287760273169680e-03	1.288249551693134e-03
1730	1.258009490846423e-03	1.258925411794167e-03
1761	1.226719623980577e-03	1.230268770812381e-03
1779	1.171077731748182e-03	1.174897554939529e-03
1791	1.148001470627213e-03	1.148153621496883e-03
1803	1.121248451353751e-03	1.122018454301963e-03
1830	1.094678473440802e-03	1.096478196143185e-03
1842	1.057064744893199e-03	1.071519305237606e-03
1858	1.047072028076079e-03	1.047128548050900e-03
1879	1.022021354448066e-03	1.023292992280754e-03
1909	9.978566461603666e-04	1.000000000000000e-03
1947	9.767733846997029e-04	9.772372209558111e-04
1986	9.548803030036135e-04	9.549925860214359e-04
2001	9.391001663795473e-04	9.549925860214359e-04
%
% index = 51, name = bbob_f001_i03_d02__bbob_f014_i05_d02
% instance = 2, reference value = 9.014702473019240e-01
% function evaluation | indicator value | target hit
1	3.131944377573275e-01	3.162277660168379e-01
108	2.545531189756539e-01	2.570395782768864e-01
210	2.484056739107295e-01	2.511886431509580e-01
256	1.473152999290238e-01	1.479108388168208e-01
276	1.292175427267270e-01	1.318256738556407e-01
279	1.206130601331781e-01	1.230268770812381e-01
305	1.154760865652288e-01	1.174897554939529e-01
306	1.066185674055011e-01	1.071519305237607e-01
320	1.010402889846442e-01	1.023292992280754e-01
321	9.613348361419882e-02	9.772372209558107e-02
337	8.348309775505836e-02	8.511380382023763e-02
354	8.269334099921966e-02	8.317637711026708e-02
360	7.745095250544831e-02	7.762471166286916e-02
361	7.584357976865519e-02	7.585775750291836e-02
376	7.407229309607422e-02	7.413102413009177e-02
394	6.957876992964107e-02	7.079457843841380e-02
397	6.846066980975118e-02	6.918309709189366e-02
403	6.675770833364103e-02	6.760829753919818e-02
412	6.255673069842083e-02	6.309573444801933e-02
418	5.997648997500249e-02	6.025595860743578e-02
435	5.590443202910444e-02	5.623413251903491e-02
446	5.485288597257987e-02	5.495408738576246e-02
447	5.012615849165269e-02	5.128613839913648e-02
456	5.011718381993002e-02	5.011872336272722e-02
464	4.886860052054598e-02	4.897788193684462e-02
469	4.658282205956443e-02	4.677351412871981e-02
477	4.537536729365443e-02	4.570881896148749e-02
484	4.466215158093645e-02	4.466835921509630e-02
490	3.525634034092473e-02	3.548133892335755e-02
494	3.337509833462260e-02	3.388441561392026e-02
495	3.144395600166305e-02	3.162277660168379e-02
496	2.741696053993115e-02	2.754228703338166e-02
509	2.684369571908185e-02	2.691534803926915e-02
515	2.611728933293045e-02	2.630267991895381e-02
516	2.507294615172040e-02	2.511886431509579e-02
518	2.063663226771273e-02	2.089296130854040e-02
525	2.029308695111542e-02	2.041737944669529e-02
538	1.974058415581170e-02	1.995262314968880e-02
540	1.928934698288187e-02	1.949844599758046e-02
541	1.896009585157854e-02	1.905460717963247e-02
551	1.850220397666935e-02	1.862087136662868e-02
553	1.786570879941984e-02	1.819700858609984e-02
558	1.764196998430634e-02	1.778279410038923e-02
559	1.708620953640150e-02	1.737800828749375e-02
565	1.690322154073554e-02	1.698243652461744e-02
569	1.599301377638018e-02	1.621810097358930e-02
570	1.556591675522956e-02	1.584893192461113e-02
571	1.484513063873538e-02	1.513561248436208e-02
572	1.451958056626390e-02	1.479108388168207e-02
575	1.441656814910042e-02	1.445439770745927e-02
589	1.389581782864302e-02	1.412537544622754e-02
591	1.371606002056647e-02	1.380384264602885e-02
597	1.267476093709197e-02	1.288249551693134e-02
601	1.249605609872573e-02	1.258925411794167e-02
603	1.193706086620161e-02	1.202264434617413e-02
610	1.166125421473130e-02	1.174897554939530e-02
615	1.145355489343991e-02	1.148153621496883e-02
625	1.116611598431483e-02	1.122018454301964e-02
629	1.056400129025159e-02	1.071519305237606e-02
630	1.042177934644251e-02	1.047128548050900e-02
642	9.960725353076350e-03	1.000000000000000e-02
644	9.281235959514356e-03	9.332543007969915e-03
645	9.114503613192992e-03	9.120108393559097e-03
650	8.911077661721389e-03	8.912509381337459e-03
655	8.671666894701002e-03	8.709635899560805e-03
660	8.295795246415993e-03	8.317637711026709e-03
665	8.073166518947295e-03	8.128305161640995e-03
674	7.936034040127882e-03	7.943282347242814e-03
686	7.547266246332729e-03	7.585775750291836e-03
698	7.409550078637306e-03	7.413102413009177e-03
707	7.241426803429984e-03	7.244359600749898e-03
713	6.991761040678002e-03	7.079457843841380e-03
715	6.901116387266870e-03	6.918309709189363e-03
724	6.338595902879107e-03	6.456542290346556e-03
725	6.238532895034843e-03	6.309573444801930e-03
726	6.124642891927046e-03	6.165950018614822e-03
731	6.023566064350616e-03	6.025595860743574e-03
738	5.845344705536104e-03	5.888436553555890e-03
740	5.751360151985296e-03	5.754399373371567e-03
748	5.594167697133612e-03	5.623413251903491e-03
751	5.471816338674995e-03	5.495408738576248e-03
755	5.284715429705766e-03	5.370317963702527e-03
760	5.213499582942593e-03	5.248074602497728e-03
764	5.113230649646527e-03	5.128613839913648e-03
772	4.973213460342629e-03	5.011872336272725e-03
774	4.887509102576626e-03	4.897788193684461e-03
790	4.755740750670201e-03	4.786300923226385e-03
798	4.650406951783759e-03	4.677351412871981e-03
805	4.525069756219580e-03	4.570881896148752e-03
812	4.457280339330461e-03	4.466835921509630e-03
821	4.360218990908882e-03	4.365158322401661e-03
827	4.252160034602381e-03	4.265795188015926e-03
840	4.147110262962883e-03	4.168693834703355e-03
845	3.973865298520285e-03	3.981071705534973e-03
853	3.876293965720201e-03	3.890451449942805e-03
864	3.801293053091515e-03	3.801893963205613e-03
874	3.707418409092833e-03	3.715352290971724e-03
885	3.623859089838422e-03	3.630780547701014e-03
892	3.540555983917448e-03	3.548133892335753e-03
911	3.438210567689670e-03	3.467368504525317e-03
918	3.378150166652549e-03	3.388441561392024e-03
941	3.303778102261234e-03	3.311311214825911e-03
949	3.232000031665794e-03	3.235936569296281e-03
965	3.153947657639766e-03	3.162277660168379e-03
981	3.088382614293783e-03	3.090295432513592e-03
985	2.998761971091390e-03	3.019951720402016e-03
998	2.937607478074256e-03	2.951209226666387e-03
1011	2.881874861216716e-03	2.884031503126605e-03
1026	2.813901996262080e-03	2.818382931264455e-03
1059	2.751317658648555e-03	2.754228703338166e-03
1072	2.690553907004012e-03	2.691534803926917e-03
1092	2.601495849373303e-03	2.630267991895381e-03
1106	2.569679915005896e-03	2.570395782768865e-03
1131	2.511686048053074e-03	2.511886431509579e-03
1142	2.449617568055173e-03	2.454708915685031e-03
1144	2.329630168511065e-03	2.344228815319923e-03
1170	2.290387926286552e-03	2.290867652767772e-03
1182	2.227998732674985e-03	2.238721138568340e-03
1198	2.185640077532414e-03	2.187761623949552e-03
1245	2.137761494597101e-03	2.137962089502233e-03
1262	2.089198625203958e-03	2.089296130854039e-03
1282	2.036917342228883e-03	2.041737944669530e-03
1294	1.994611003984903e-03	1.995262314968879e-03
1324	1.947277608671083e-03	1.949844599758046e-03
1350	1.905252935915258e-03	1.905460717963246e-03
1384	1.855231247006595e-03	1.862087136662868e-03
1426	1.819639448198518e-03	1.819700858609983e-03
1477	1.776620527396688e-03	1.778279410038923e-03
1512	1.731865636517393e-03	1.737800828749376e-03
1524	1.688955295479300e-03	1.698243652461744e-03
1556	1.628842111574325e-03	1.659586907437561e-03
1571	1.621614413997219e-03	1.621810097358930e-03
1607	1.583855022391445e-03	1.584893192461114e-03
1618	1.525513574231585e-03	1.548816618912481e-03
1626	1.509904807395990e-03	1.513561248436209e-03
1642	1.477952794620152e-03	1.479108388168207e-03
1694	1.445041166491134e-03	1.445439770745928e-03
1721	1.387125458229943e-03	1.412537544622754e-03
1728	1.379126461079849e-03	1.380384264602885e-03
1741	1.342192923426078e-03	1.348962882591653e-03
1793	1.317989514125650e-03	1.318256738556408e-03
1826	1.263336510737179e-03	1.288249551693134e-03
1836	1.258197797922689e-03	1.258925411794167e-03
1886	1.226924666386187e-03	1.230268770812381e-03
2001	1.208208829089008e-03	1.230268770812381e-03
%
% index = 52, name = bbob_f001_i07_d02__bbob_f014_i08_d02
% instance = 3, reference value = 8.842996120803170e-01
% function evaluation | indicator value | target hit
1	8.443687554706325e-01	8.511380382023764e-01
393	7.682552285109560e-01	7.762471166286917e-01
451	7.459709244753734e-01	7.585775750291838e-01
481	6.862058560908894e-01	6.918309709189365e-01
483	4.765266257313023e-01	4.786300923226383e-01
492	4.522201303400821e-01	4.570881896148750e-01
496	2.445613661255901e-01	2.454708915685030e-01
540	1.655171931035909e-01	1.659586907437560e-01
541	1.308534187778986e-01	1.318256738556407e-01
572	8.296431402133919e-02	8.317637711026708e-02
584	7.835766025221402e-02	7.943282347242814e-02
598	7.711529257551453e-02	7.762471166286916e-02
607	7.481981936252835e-02	7.585775750291836e-02
624	7.261991026799797e-02	7.413102413009177e-02
625	7.204063466652455e-02	7.244359600749903e-02
646	7.036462130530963e-02	7.079457843841380e-02
674	6.640341348675738e-02	6.760829753919818e-02
696	6.583480694480326e-02	6.606934480075961e-02
706	6.451383628384955e-02	6.456542290346556e-02
725	6.293908564333117e-02	6.309573444801933e-02
727	6.113864564986449e-02	6.165950018614822e-02
736	5.254593933509333e-02	5.370317963702527e-02
737	5.236369426327059e-02	5.248074602497726e-02
756	5.096233366159475e-02	5.128613839913648e-02
762	4.885884201510837e-02	4.897788193684462e-02
763	4.593331587506277e-02	4.677351412871981e-02
774	4.437237647738557e-02	4.466835921509630e-02
787	4.336153275164389e-02	4.365158322401658e-02
794	4.235102042910477e-02	4.265795188015926e-02
796	3.900417023042013e-02	3.981071705534973e-02
800	3.853427280504396e-02	3.890451449942807e-02
813	3.789416381036559e-02	3.801893963205612e-02
822	3.714081658509416e-02	3.715352290971726e-02
847	3.579642840468811e-02	3.630780547701014e-02
854	3.467382014355758e-02	3.548133892335755e-02
855	3.313383528718195e-02	3.388441561392026e-02
856	3.301748446672481e-02	3.311311214825911e-02
869	3.235820990500982e-02	3.235936569296283e-02
900	3.034585058323713e-02	3.090295432513590e-02
901	2.994570512054584e-02	3.019951720402016e-02
904	2.901160455083196e-02	2.951209226666385e-02
905	2.844088569680281e-02	2.884031503126606e-02
906	2.785800078585365e-02	2.818382931264454e-02
914	2.749440519568092e-02	2.754228703338166e-02
937	2.379450715826870e-02	2.398832919019490e-02
960	1.959218464474055e-02	1.995262314968880e-02
961	1.836811947379724e-02	1.862087136662868e-02
973	1.816593196531890e-02	1.819700858609984e-02
975	1.753172831898908e-02	1.778279410038923e-02
998	1.713380898546446e-02	1.737800828749375e-02
1013	1.624926534209314e-02	1.659586907437561e-02
1019	1.619089467727208e-02	1.621810097358930e-02
1032	1.537764261341590e-02	1.548816618912481e-02
1033	1.503552148488074e-02	1.513561248436208e-02
1036	1.451956641280605e-02	1.479108388168207e-02
1042	1.425793698266853e-02	1.445439770745927e-02
1044	1.397726441302305e-02	1.412537544622754e-02
1057	1.378760442619476e-02	1.380384264602885e-02
1075	1.347637725073281e-02	1.348962882591653e-02
1081	1.316226958493261e-02	1.318256738556407e-02
1093	1.281116373012625e-02	1.288249551693134e-02
1109	1.244244168086894e-02	1.258925411794167e-02
1113	1.228680887812750e-02	1.230268770812382e-02
1122	1.201864907984129e-02	1.202264434617413e-02
1132	1.056044169024628e-02	1.071519305237606e-02
1133	1.039862290158011e-02	1.047128548050900e-02
1135	9.284603287794346e-03	9.332543007969915e-03
1142	9.115852716568673e-03	9.120108393559097e-03
1152	8.760137285731551e-03	8.912509381337459e-03
1154	8.707718346114612e-03	8.709635899560805e-03
1170	8.429206887776819e-03	8.511380382023767e-03
1186	6.242105616328208e-03	6.309573444801930e-03
1201	6.052928839293426e-03	6.165950018614822e-03
1208	5.990477822010454e-03	6.025595860743574e-03
1216	5.871507860399250e-03	5.888436553555890e-03
1226	5.723320499895657e-03	5.754399373371567e-03
1245	5.158347632500448e-03	5.248074602497728e-03
1246	5.107450689657678e-03	5.128613839913648e-03
1255	4.978095377689007e-03	5.011872336272725e-03
1261	4.896795083179417e-03	4.897788193684461e-03
1280	4.778070715577898e-03	4.786300923226385e-03
1316	4.672081156059882e-03	4.677351412871981e-03
1342	4.565592888509884e-03	4.570881896148752e-03
1359	4.379677830900985e-03	4.466835921509630e-03
1366	4.049195501359626e-03	4.073802778041126e-03
1380	3.973989102298292e-03	3.981071705534973e-03
1394	3.871050653027397e-03	3.890451449942805e-03
1412	3.801746903983272e-03	3.801893963205613e-03
1433	3.714265738333888e-03	3.715352290971724e-03
1451	3.526316598410295e-03	3.548133892335753e-03
1472	3.453512393840730e-03	3.467368504525317e-03
1495	3.374825574610441e-03	3.388441561392024e-03
1511	3.214940431153113e-03	3.235936569296281e-03
1542	3.148787814039267e-03	3.162277660168379e-03
1592	3.082973379272547e-03	3.090295432513592e-03
1663	3.017857460753115e-03	3.019951720402016e-03
1738	2.913226141635028e-03	2.951209226666387e-03
1754	2.874402509325136e-03	2.884031503126605e-03
1827	2.816910752938107e-03	2.818382931264455e-03
1847	2.752067146577608e-03	2.754228703338166e-03
1911	2.690840840404274e-03	2.691534803926917e-03
1999	2.626978501747979e-03	2.630267991895381e-03
2001	2.626875523010108e-03	2.630267991895381e-03
%
% index = 53, name = bbob_f001_i09_d02__bbob_f014_i10_d02
% instance = 4, reference value = 9.458041049112040e-01
% function evaluation | indicator value | target hit
1	2.691667076148297e-01	2.754228703338166e-01
184	2.192035877480153e-01	2.238721138568339e-01
240	2.062054669003145e-01	2.089296130854039e-01
261	1.780143139954945e-01	1.819700858609984e-01
266	1.758854940529641e-01	1.778279410038923e-01
285	1.629925694202021e-01	1.659586907437560e-01
305	1.618697783901816e-01	1.621810097358930e-01
314	1.578700772360122e-01	1.584893192461113e-01
333	1.547930841632718e-01	1.548816618912481e-01
335	1.279795742255954e-01	1.288249551693134e-01
377	7.206588182157492e-02	7.244359600749903e-02
388	6.767000230399167e-02	6.918309709189366e-02
409	6.517115777880522e-02	6.606934480075961e-02
411	6.416694667481382e-02	6.456542290346556e-02
414	5.901462194816687e-02	6.025595860743578e-02
415	5.766880821479836e-02	5.888436553555890e-02
416	4.970918700609261e-02	5.011872336272722e-02
417	4.579948067273187e-02	4.677351412871981e-02
423	4.525640399102404e-02	4.570881896148749e-02
428	4.195207601267048e-02	4.265795188015926e-02
433	3.503407532019442e-02	3.548133892335755e-02
450	3.463727612607648e-02	3.467368504525317e-02
457	3.372647598617762e-02	3.388441561392026e-02
494	3.153834662105559e-02	3.162277660168379e-02
495	3.055505263665437e-02	3.090295432513590e-02
497	3.003157940950651e-02	3.019951720402016e-02
502	2.916566890559691e-02	2.951209226666385e-02
505	2.861636805996282e-02	2.884031503126606e-02
520	2.818255455452545e-02	2.818382931264454e-02
540	2.376233969333252e-02	2.398832919019490e-02
545	1.990599099197954e-02	1.995262314968880e-02
549	1.897037524339118e-02	1.905460717963247e-02
573	1.850139567705722e-02	1.862087136662868e-02
577	1.816049239640838e-02	1.819700858609984e-02
591	1.775197759835034e-02	1.778279410038923e-02
600	1.735117026699018e-02	1.737800828749375e-02
612	1.061496092703318e-02	1.071519305237606e-02
614	9.968946708695414e-03	1.000000000000000e-02
620	9.700026399969364e-03	9.772372209558112e-03
622	9.485921395531394e-03	9.549925860214359e-03
640	9.108661379335081e-03	9.120108393559097e-03
645	8.661408842023710e-03	8.709635899560805e-03
650	8.185841396495586e-03	8.317637711026709e-03
652	8.089435020743108e-03	8.128305161640995e-03
659	7.912156565504924e-03	7.943282347242814e-03
669	7.550849973451790e-03	7.585775750291836e-03
677	6.876150482923116e-03	6.918309709189363e-03
684	6.756117576325216e-03	6.760829753919818e-03
703	6.315911408921071e-03	6.456542290346556e-03
709	6.308671639493668e-03	6.309573444801930e-03
716	5.569581360050813e-03	5.623413251903491e-03
719	5.353434261146428e-03	5.370317963702527e-03
730	5.241071847518652e-03	5.248074602497728e-03
733	5.082607486242008e-03	5.128613839913648e-03
736	4.789153529724088e-03	4.897788193684461e-03
738	4.761856482003113e-03	4.786300923226385e-03
743	4.602480877883841e-03	4.677351412871981e-03
747	4.569892880799453e-03	4.570881896148752e-03
750	4.334241014747553e-03	4.365158322401661e-03
755	4.143305430432620e-03	4.168693834703355e-03
759	4.073099072143593e-03	4.073802778041126e-03
769	3.952376212153164e-03	3.981071705534973e-03
770	3.876354704082652e-03	3.890451449942805e-03
777	3.778822828798489e-03	3.801893963205613e-03
799	3.699289839800057e-03	3.715352290971724e-03
807	3.600547724134762e-03	3.630780547701014e-03
819	3.514412831336244e-03	3.548133892335753e-03
829	3.459374471846854e-03	3.467368504525317e-03
853	3.387927989881967e-03	3.388441561392024e-03
871	3.307021470577709e-03	3.311311214825911e-03
890	3.227668212683832e-03	3.235936569296281e-03
906	3.161260976314306e-03	3.162277660168379e-03
928	3.089316716171631e-03	3.090295432513592e-03
960	3.019931313298252e-03	3.019951720402016e-03
1010	2.948200439817250e-03	2.951209226666387e-03
1040	2.883749028112725e-03	2.884031503126605e-03
1107	2.816212260026041e-03	2.818382931264455e-03
1195	2.754119986026038e-03	2.754228703338166e-03
1290	2.690693288891932e-03	2.691534803926917e-03
1347	2.587230923263961e-03	2.630267991895381e-03
1351	2.515224546182360e-03	2.570395782768865e-03
1362	2.511523649161740e-03	2.511886431509579e-03
1416	2.453918062157334e-03	2.454708915685031e-03
1563	2.398760279391121e-03	2.398832919019490e-03
1790	2.344109895208502e-03	2.344228815319923e-03
2001	2.316306070205942e-03	2.344228815319923e-03
%
% index = 54, name = bbob_f001_i11_d02__bbob_f014_i12_d02
% instance = 5, reference value = 9.426031523342830e-01
% function evaluation | indicator value | target hit
1	3.943944478318446e-01	3.981071705534972e-01
215	2.742541110513488e-01	2.754228703338166e-01
220	2.499563892894600e-01	2.511886431509580e-01
237	2.252469060814212e-01	2.290867652767773e-01
282	2.134709622114290e-01	2.137962089502232e-01
283	8.406504548618798e-02	8.511380382023763e-02
298	8.048166486394237e-02	8.128305161640990e-02
330	6.690788999841646e-02	6.760829753919818e-02
343	6.128401982130638e-02	6.165950018614822e-02
357	6.003724350967143e-02	6.025595860743578e-02
378	5.441816093067831e-02	5.495408738576246e-02
379	5.170548955951615e-02	5.248074602497726e-02
409	4.710910426856174e-02	4.786300923226382e-02
417	4.204682495514145e-02	4.265795188015926e-02
433	4.161931847001454e-02	4.168693834703355e-02
436	3.840910991549940e-02	3.890451449942807e-02
457	3.471987932031884e-02	3.548133892335755e-02
459	3.443756823015864e-02	3.467368504525317e-02
461	3.380597371058258e-02	3.388441561392026e-02
470	3.300162101759019e-02	3.311311214825911e-02
493	3.190828942605661e-02	3.235936569296283e-02
514	3.086520634424827e-02	3.090295432513590e-02
515	2.446700142893576e-02	2.454708915685030e-02
522	2.335366345172885e-02	2.344228815319923e-02
531	2.283340516929244e-02	2.290867652767773e-02
537	2.214443834763224e-02	2.238721138568340e-02
539	2.138515123710594e-02	2.187761623949553e-02
540	2.127743252670333e-02	2.137962089502233e-02
546	2.085462643249969e-02	2.089296130854040e-02
557	2.012899763402021e-02	2.041737944669529e-02
558	1.982101654576585e-02	1.995262314968880e-02
562	1.926957818169450e-02	1.949844599758046e-02
564	1.873518414499087e-02	1.905460717963247e-02
568	1.857732210440088e-02	1.862087136662868e-02
570	1.813345762220819e-02	1.819700858609984e-02
573	1.768261031909257e-02	1.778279410038923e-02
580	1.727521964551926e-02	1.737800828749375e-02
605	1.695292242782820e-02	1.698243652461744e-02
616	1.588752541113614e-02	1.621810097358930e-02
617	1.575792779070551e-02	1.584893192461113e-02
635	1.465629366964405e-02	1.479108388168207e-02
642	1.443481256560930e-02	1.445439770745927e-02
645	1.364778855778603e-02	1.380384264602885e-02
665	1.347409757464191e-02	1.348962882591653e-02
681	1.301870090743751e-02	1.318256738556407e-02
707	1.287067538362419e-02	1.288249551693134e-02
728	1.257519870643942e-02	1.258925411794167e-02
762	1.229928254619184e-02	1.230268770812382e-02
777	1.202123775115105e-02	1.202264434617413e-02
790	1.105028052399581e-02	1.122018454301964e-02
794	1.089203533679461e-02	1.096478196143185e-02
807	1.071487425863282e-02	1.071519305237606e-02
828	1.017183077121464e-02	1.023292992280754e-02
848	9.990031821900502e-03	1.000000000000000e-02
849	9.756142304242377e-03	9.772372209558112e-03
856	9.546700649626150e-03	9.549925860214359e-03
877	9.263308479143362e-03	9.332543007969915e-03
884	9.097710288166416e-03	9.120108393559097e-03
887	8.711897269395807e-03	8.912509381337459e-03
888	8.691723388270622e-03	8.709635899560805e-03
914	8.510614672407324e-03	8.511380382023767e-03
952	8.313580178743840e-03	8.317637711026709e-03
981	8.115099235752599e-03	8.128305161640995e-03
1090	7.943093780243049e-03	7.943282347242814e-03
1328	7.762415307018489e-03	7.762471166286920e-03
1983	7.583073802842399e-03	7.585775750291836e-03
2001	7.579466584209493e-03	7.585775750291836e-03
%
% index = 55, name = bbob_f001_i13_d02__bbob_f014_i14_d02
% instance = 6, reference value = 8.990552467065900e-01
% function evaluation | indicator value | target hit
1	2.363246410974090e+00	2.398832919019490e+00
253	1.914890807598590e+00	1.949844599758045e+00
464	1.661188566235090e+00	1.698243652461744e+00
470	1.207274322082090e+00	1.230268770812382e+00
477	3.019480787193025e-01	3.019951720402016e-01
524	2.177290814651035e-01	2.187761623949552e-01
570	1.834317156480582e-01	1.862087136662867e-01
614	1.659739101638518e-01	1.698243652461744e-01
637	1.357186542605915e-01	1.380384264602885e-01
642	1.348709961191106e-01	1.348962882591654e-01
680	1.153771371843471e-01	1.174897554939529e-01
681	1.137420188600615e-01	1.148153621496883e-01
683	1.103952086196895e-01	1.122018454301964e-01
734	1.095562705732135e-01	1.096478196143185e-01
741	1.031512112237689e-01	1.047128548050900e-01
754	1.019934890165548e-01	1.023292992280754e-01
796	9.866001653867207e-02	1.000000000000000e-01
797	9.664571341617390e-02	9.772372209558107e-02
806	9.265561557547553e-02	9.332543007969910e-02
810	9.087229792439211e-02	9.120108393559097e-02
844	8.900341496447850e-02	8.912509381337455e-02
857	8.620530133148518e-02	8.709635899560805e-02
862	8.475338717023539e-02	8.511380382023763e-02
878	8.307027807457112e-02	8.317637711026708e-02
918	8.126485037241460e-02	8.128305161640990e-02
950	7.903696118031911e-02	7.943282347242814e-02
990	7.740264775448769e-02	7.762471166286916e-02
1105	7.251996581469089e-02	7.413102413009177e-02
1114	7.244253627134523e-02	7.244359600749903e-02
1341	7.077578883740099e-02	7.079457843841380e-02
1370	6.564703334595690e-02	6.606934480075961e-02
1470	5.529988069934999e-02	5.623413251903491e-02
1570	5.495139722717346e-02	5.495408738576246e-02
1675	3.919444447200959e-02	3.981071705534973e-02
1705	3.848636515087767e-02	3.890451449942807e-02
1782	2.907802972510698e-02	2.951209226666385e-02
1809	2.883443223743321e-02	2.884031503126606e-02
1871	2.740406788453065e-02	2.754228703338166e-02
1917	2.615565208668036e-02	2.630267991895381e-02
1944	2.533915460573877e-02	2.570395782768863e-02
1952	2.506753725158717e-02	2.511886431509579e-02
2001	2.471310173722585e-02	2.511886431509579e-02
%
% index = 56, name = bbob_f001_i15_d02__bbob_f014_i16_d02
% instance = 7, reference value = 8.133138528083800e-01
% function evaluation | indicator value | target hit
1	2.534351246890897e+01	2.570395782768863e+01
328	7.496112153930051e+00	7.585775750291837e+00
359	3.628928592575544e+00	3.630780547701014e+00
472	1.557821948943880e+00	1.584893192461114e+00
482	4.724269383358778e-01	4.786300923226383e-01
688	4.004346116981181e-01	4.073802778041127e-01
710	3.858498623259390e-01	3.890451449942806e-01
753	3.792178853191296e-01	3.801893963205612e-01
800	3.605378881023794e-01	3.630780547701014e-01
815	3.292743893153460e-01	3.311311214825911e-01
861	3.197886450862142e-01	3.235936569296283e-01
908	3.071051959322182e-01	3.090295432513591e-01
909	2.980413311132333e-01	3.019951720402016e-01
911	2.920483600830895e-01	2.951209226666385e-01
934	2.670697722311273e-01	2.691534803926916e-01
952	2.382486637764928e-01	2.398832919019490e-01
953	2.288463479714219e-01	2.290867652767773e-01
1025	2.211953336792806e-01	2.238721138568339e-01
1028	2.147010703662253e-01	2.187761623949552e-01
1029	2.029352801395961e-01	2.041737944669530e-01
1050	1.994752446709552e-01	1.995262314968880e-01
1140	1.943719713638364e-01	1.949844599758045e-01
1186	1.897191048890845e-01	1.905460717963247e-01
1210	1.860984433572589e-01	1.862087136662867e-01
1280	1.786215284441784e-01	1.819700858609984e-01
1295	1.774821911796660e-01	1.778279410038923e-01
1307	1.721832310851644e-01	1.737800828749375e-01
1348	1.695997185170544e-01	1.698243652461744e-01
1417	1.659562833396085e-01	1.659586907437560e-01
1430	1.616929886695770e-01	1.621810097358930e-01
1436	1.583565089305040e-01	1.584893192461113e-01
1499	1.548455570731071e-01	1.548816618912481e-01
1554	1.513046252537629e-01	1.513561248436208e-01
1601	1.469365922257538e-01	1.479108388168208e-01
1640	1.445395035333172e-01	1.445439770745928e-01
1710	1.412036177493718e-01	1.412537544622754e-01
1802	1.372942649519824e-01	1.380384264602885e-01
1855	1.331454960365297e-01	1.348962882591654e-01
1885	1.318103626818765e-01	1.318256738556407e-01
1976	1.270008509899064e-01	1.288249551693134e-01
2001	1.263130337644068e-01	1.288249551693134e-01
%
% index = 57, name = bbob_f001_i17_d02__bbob_f014_i18_d02
% instance = 8, reference value = 9.105502186350670e-01
% function evaluation | indicator value | target hit
1	3.098752591847614e-01	3.162277660168379e-01
333	2.980714855069118e-01	3.019951720402016e-01
370	2.884853851864829e-01	2.951209226666385e-01
371	2.647010338476182e-01	2.691534803926916e-01
375	2.168277864924313e-01	2.187761623949552e-01
385	1.713478104692556e-01	1.737800828749375e-01
416	1.680606001087418e-01	1.698243652461744e-01
453	1.621558369041431e-01	1.621810097358930e-01
458	1.530141928997857e-01	1.548816618912481e-01
466	1.142901995734823e-01	1.148153621496883e-01
467	1.056092016987583e-01	1.071519305237607e-01
474	8.954338734750267e-02	9.120108393559097e-02
475	8.215609885789232e-02	8.317637711026708e-02
488	7.759097414267735e-02	7.762471166286916e-02
489	7.445962841677745e-02	7.585775750291836e-02
499	7.299299754410338e-02	7.413102413009177e-02
503	5.145404188115976e-02	5.248074602497726e-02
522	4.996904406124436e-02	5.011872336272722e-02
534	4.780814786041165e-02	4.786300923226382e-02
552	4.585637230859640e-02	4.677351412871981e-02
556	4.410654978414053e-02	4.466835921509630e-02
558	4.270039250773028e-02	4.365158322401658e-02
559	4.244486574974371e-02	4.265795188015926e-02
563	4.144060252587545e-02	4.168693834703355e-02
565	4.029435522443514e-02	4.073802778041128e-02
568	3.931050064101416e-02	3.981071705534973e-02
579	3.523735293127339e-02	3.548133892335755e-02
585	3.230947533630069e-02	3.235936569296283e-02
595	2.701061195476784e-02	2.754228703338166e-02
605	2.690871075346202e-02	2.691534803926915e-02
608	2.616461403328552e-02	2.630267991895381e-02
616	2.515261245458766e-02	2.570395782768863e-02
621	2.300039537517296e-02	2.344228815319923e-02
622	2.226687147082174e-02	2.238721138568340e-02
626	2.186512179569600e-02	2.187761623949553e-02
629	2.118303217673190e-02	2.137962089502233e-02
639	2.044697551448160e-02	2.089296130854040e-02
640	2.026623309520104e-02	2.041737944669529e-02
648	1.990842728132769e-02	1.995262314968880e-02
656	1.906173011404932e-02	1.949844599758046e-02
657	1.704297957841627e-02	1.737800828749375e-02
659	1.696418617536355e-02	1.698243652461744e-02
668	1.626254770932867e-02	1.659586907437561e-02
672	1.610557736506435e-02	1.621810097358930e-02
674	1.570611005491263e-02	1.584893192461113e-02
675	1.535881150837537e-02	1.548816618912481e-02
684	1.468229544655109e-02	1.479108388168207e-02
686	1.408294181316461e-02	1.412537544622754e-02
690	1.347804061026714e-02	1.348962882591653e-02
692	1.212177682545468e-02	1.230268770812382e-02
697	1.122998359687799e-02	1.148153621496883e-02
699	1.119521714566007e-02	1.122018454301964e-02
700	1.009958021674573e-02	1.023292992280754e-02
710	9.814436851194208e-03	1.000000000000000e-02
711	9.595548615738969e-03	9.772372209558112e-03
714	9.170944625543798e-03	9.332543007969915e-03
715	8.351129873818919e-03	8.511380382023767e-03
716	8.265496267099270e-03	8.317637711026709e-03
719	8.009560069792920e-03	8.128305161640995e-03
723	7.913223630171884e-03	7.943282347242814e-03
728	7.656961483328062e-03	7.762471166286920e-03
730	7.293700746511478e-03	7.413102413009177e-03
731	7.244157399255879e-03	7.244359600749898e-03
737	7.055726492221748e-03	7.079457843841380e-03
746	6.453264968653172e-03	6.456542290346556e-03
755	6.249375995559525e-03	6.309573444801930e-03
758	6.089455873531935e-03	6.165950018614822e-03
762	6.020126291557681e-03	6.025595860743574e-03
768	5.880063447878836e-03	5.888436553555890e-03
776	5.718579053482942e-03	5.754399373371567e-03
779	5.621509518340950e-03	5.623413251903491e-03
788	5.484302272195873e-03	5.495408738576248e-03
802	5.276538313879087e-03	5.370317963702527e-03
803	5.223300133214814e-03	5.248074602497728e-03
809	5.106356500439113e-03	5.128613839913648e-03
812	5.003559851224471e-03	5.011872336272725e-03
825	4.866971697051081e-03	4.897788193684461e-03
830	4.720923083013084e-03	4.786300923226385e-03
834	4.582701601725581e-03	4.677351412871981e-03
837	4.526114591711261e-03	4.570881896148752e-03
847	4.444348614989102e-03	4.466835921509630e-03
849	4.343806743407175e-03	4.365158322401661e-03
855	4.253162377993447e-03	4.265795188015926e-03
864	4.134617743615676e-03	4.168693834703355e-03
866	4.065888141862595e-03	4.073802778041126e-03
894	3.968762546736060e-03	3.981071705534973e-03
901	3.731906914358207e-03	3.801893963205613e-03
906	3.687114987944384e-03	3.715352290971724e-03
911	3.626591781361710e-03	3.630780547701014e-03
918	3.535928822648082e-03	3.548133892335753e-03
919	3.446929248861030e-03	3.467368504525317e-03
937	3.384934595077715e-03	3.388441561392024e-03
951	3.308338848609371e-03	3.311311214825911e-03
965	3.185093486279822e-03	3.235936569296281e-03
980	3.154851226781497e-03	3.162277660168379e-03
989	3.004085626662656e-03	3.019951720402016e-03
995	2.949698301036641e-03	2.951209226666387e-03
1005	2.880112862542084e-03	2.884031503126605e-03
1014	2.815693041728462e-03	2.818382931264455e-03
1029	2.730758365518393e-03	2.754228703338166e-03
1040	2.690467233360416e-03	2.691534803926917e-03
1053	2.623665212606263e-03	2.630267991895381e-03
1078	2.517400540172687e-03	2.570395782768865e-03
1079	2.495219060378528e-03	2.511886431509579e-03
1090	2.452918883525057e-03	2.454708915685031e-03
1107	2.356532195595396e-03	2.398832919019490e-03
1115	2.340448957176333e-03	2.344228815319923e-03
1131	2.288800995853824e-03	2.290867652767772e-03
1147	2.233402973671805e-03	2.238721138568340e-03
1184	2.167592444486388e-03	2.187761623949552e-03
1204	2.137160714380748e-03	2.137962089502233e-03
1231	2.088790363578119e-03	2.089296130854039e-03
1274	2.036324937129796e-03	2.041737944669530e-03
1313	1.995007926566150e-03	1.995262314968879e-03
1344	1.937625098848428e-03	1.949844599758046e-03
1366	1.904936524307344e-03	1.905460717963246e-03
1400	1.862074305735928e-03	1.862087136662868e-03
1410	1.797328506160434e-03	1.819700858609983e-03
1437	1.762838629958074e-03	1.778279410038923e-03
1477	1.735043875899400e-03	1.737800828749376e-03
1521	1.696354851746906e-03	1.698243652461744e-03
1583	1.656953257249794e-03	1.659586907437561e-03
1650	1.621307974482233e-03	1.621810097358930e-03
1738	1.584743751232298e-03	1.584893192461114e-03
1802	1.541742245968702e-03	1.548816618912481e-03
1846	1.505862045355300e-03	1.513561248436209e-03
1907	1.478786939385079e-03	1.479108388168207e-03
2001	1.456898717398292e-03	1.479108388168207e-03
%
% index = 58, name = bbob_f001_i19_d02__bbob_f014_i21_d02
% instance = 9, reference value = 6.758960801894260e-01
% function evaluation | indicator value | target hit
1	2.780871277521426e+00	2.818382931264454e+00
84	1.081324082079926e+00	1.096478196143185e+00
124	6.049738614415258e-01	6.165950018614822e-01
218	6.017823973555184e-01	6.025595860743578e-01
332	5.121158648205323e-01	5.128613839913648e-01
339	4.262919274437260e-01	4.265795188015927e-01
367	4.130347206700465e-01	4.168693834703354e-01
373	3.405075301497968e-01	3.467368504525316e-01
377	3.041009005967985e-01	3.090295432513591e-01
387	2.978476268495675e-01	3.019951720402016e-01
410	2.546894620711421e-01	2.570395782768864e-01
416	2.228587216047750e-01	2.238721138568339e-01
429	1.871646997935105e-01	1.905460717963247e-01
435	1.820331649399350e-01	1.862087136662867e-01
436	1.776466418196159e-01	1.778279410038923e-01
442	1.703471428858265e-01	1.737800828749375e-01
443	1.651408130726995e-01	1.659586907437560e-01
454	1.574094698950317e-01	1.584893192461113e-01
468	1.423107402882655e-01	1.445439770745928e-01
472	1.401139364361241e-01	1.412537544622754e-01
485	1.362107498998101e-01	1.380384264602885e-01
489	1.300030638119384e-01	1.318256738556407e-01
497	1.282995197096389e-01	1.288249551693134e-01
499	1.244865821473112e-01	1.258925411794167e-01
514	1.216762145534758e-01	1.230268770812381e-01
516	1.184757803203380e-01	1.202264434617413e-01
520	1.129032441333133e-01	1.148153621496883e-01
522	1.055413925917280e-01	1.071519305237607e-01
528	1.043047961974805e-01	1.047128548050900e-01
530	1.000096874589496e-01	1.023292992280754e-01
536	9.992028376298001e-02	1.000000000000000e-01
558	9.681393615092948e-02	9.772372209558107e-02
565	8.741464557337719e-02	8.912509381337455e-02
567	8.653547064337108e-02	8.709635899560805e-02
573	8.386501977989114e-02	8.511380382023763e-02
574	8.156707936292218e-02	8.317637711026708e-02
587	8.101047562566333e-02	8.128305161640990e-02
599	7.874295569869250e-02	7.943282347242814e-02
601	7.677539859419136e-02	7.762471166286916e-02
602	7.378611232229881e-02	7.413102413009177e-02
604	7.218197075454869e-02	7.244359600749903e-02
616	6.973646905920028e-02	7.079457843841380e-02
617	6.891464632364008e-02	6.918309709189366e-02
635	6.730211536379382e-02	6.760829753919818e-02
641	6.569758789188551e-02	6.606934480075961e-02
642	6.420138905857387e-02	6.456542290346556e-02
650	6.043166443511228e-02	6.165950018614822e-02
652	6.022348821274237e-02	6.025595860743578e-02
665	5.819162951769585e-02	5.888436553555890e-02
669	5.568373452191522e-02	5.623413251903491e-02
674	5.487256579438649e-02	5.495408738576246e-02
686	5.243510234225846e-02	5.248074602497726e-02
696	5.031640907897994e-02	5.128613839913648e-02
707	4.984120199297992e-02	5.011872336272722e-02
711	4.783080313712806e-02	4.786300923226382e-02
726	4.591168134545176e-02	4.677351412871981e-02
732	4.555764547557506e-02	4.570881896148749e-02
745	4.436323203762071e-02	4.466835921509630e-02
751	4.359109523420124e-02	4.365158322401658e-02
752	4.233164177650128e-02	4.265795188015926e-02
758	4.103721905051183e-02	4.168693834703355e-02
770	4.071443626613147e-02	4.073802778041128e-02
772	3.960316219430704e-02	3.981071705534973e-02
777	3.883749412217219e-02	3.890451449942807e-02
786	3.799807777876341e-02	3.801893963205612e-02
798	3.707044233332835e-02	3.715352290971726e-02
799	3.618204316796481e-02	3.630780547701014e-02
804	3.532036404264649e-02	3.548133892335755e-02
810	3.406439191961874e-02	3.467368504525317e-02
813	3.375232320289023e-02	3.388441561392026e-02
822	3.089748652726143e-02	3.090295432513590e-02
840	3.018779215851264e-02	3.019951720402016e-02
842	2.837065932696436e-02	2.884031503126606e-02
843	2.798402879896711e-02	2.818382931264454e-02
855	2.735146752047424e-02	2.754228703338166e-02
868	2.689670320041015e-02	2.691534803926915e-02
872	2.611658350184054e-02	2.630267991895381e-02
876	2.564862259082512e-02	2.570395782768863e-02
880	2.490018550877415e-02	2.511886431509579e-02
883	2.443121263665660e-02	2.454708915685030e-02
890	2.374464388977571e-02	2.398832919019490e-02
897	2.319220516628806e-02	2.344228815319923e-02
905	2.289334388401798e-02	2.290867652767773e-02
913	2.234094531665476e-02	2.238721138568340e-02
919	2.166152765590224e-02	2.187761623949553e-02
931	2.136448281280634e-02	2.137962089502233e-02
946	2.086646277062965e-02	2.089296130854040e-02
957	2.038736845080569e-02	2.041737944669529e-02
961	1.990169542178966e-02	1.995262314968880e-02
972	1.946785915220428e-02	1.949844599758046e-02
995	1.903239191835204e-02	1.905460717963247e-02
1017	1.861750606373380e-02	1.862087136662868e-02
1022	1.807876642645934e-02	1.819700858609984e-02
1034	1.761162318495202e-02	1.778279410038923e-02
1046	1.737745354545472e-02	1.737800828749375e-02
1069	1.682211622166674e-02	1.698243652461744e-02
1081	1.651598320372172e-02	1.659586907437561e-02
1094	1.620951952954308e-02	1.621810097358930e-02
1101	1.584053505118566e-02	1.584893192461113e-02
1112	1.544599859415929e-02	1.548816618912481e-02
1128	1.510663521728972e-02	1.513561248436208e-02
1139	1.477271936621871e-02	1.479108388168207e-02
1157	1.445223926823225e-02	1.445439770745927e-02
1183	1.406713332610277e-02	1.412537544622754e-02
1203	1.380054304885003e-02	1.380384264602885e-02
1232	1.347163414016117e-02	1.348962882591653e-02
1246	1.318066188450651e-02	1.318256738556407e-02
1275	1.285843494150929e-02	1.288249551693134e-02
1277	1.256957234014466e-02	1.258925411794167e-02
1308	1.224760962743388e-02	1.230268770812382e-02
1332	1.200338191460271e-02	1.202264434617413e-02
1356	1.171491783970136e-02	1.174897554939530e-02
1360	1.147900538120028e-02	1.148153621496883e-02
1378	1.117894099332661e-02	1.122018454301964e-02
1398	1.095653014093934e-02	1.096478196143185e-02
1418	1.068147073519099e-02	1.071519305237606e-02
1452	1.045231796040880e-02	1.047128548050900e-02
1478	1.022197757461274e-02	1.023292992280754e-02
1494	9.998524621459226e-03	1.000000000000000e-02
1510	9.735594951923665e-03	9.772372209558112e-03
1525	9.429441290236595e-03	9.549925860214359e-03
1545	9.250617101206671e-03	9.332543007969915e-03
1556	9.111843462873082e-03	9.120108393559097e-03
1596	8.885641120663146e-03	8.912509381337459e-03
1637	8.707459122508254e-03	8.709635899560805e-03
1670	8.510446977338826e-03	8.511380382023767e-03
1694	8.313325853520181e-03	8.317637711026709e-03
1706	8.124119103904759e-03	8.128305161640995e-03
1765	7.940052502698913e-03	7.943282347242814e-03
1781	7.682349334823924e-03	7.762471166286920e-03
1798	7.585642696452566e-03	7.585775750291836e-03
1808	7.227818691065813e-03	7.244359600749898e-03
1809	7.050824410490653e-03	7.079457843841380e-03
1816	6.750219017847003e-03	6.760829753919818e-03
1868	6.585583620332569e-03	6.606934480075957e-03
1890	6.439156156655357e-03	6.456542290346556e-03
1936	6.306979715381633e-03	6.309573444801930e-03
1946	5.278606413652964e-03	5.370317963702527e-03
1958	5.106644909756430e-03	5.128613839913648e-03
1965	4.495917843483910e-03	4.570881896148752e-03
1975	4.456181282288529e-03	4.466835921509630e-03
1992	4.282078664915145e-03	4.365158322401661e-03
2001	4.270133533831655e-03	4.365158322401661e-03
%
% index = 59, name = bbob_f001_i21_d02__bbob_f014_i22_d02
% instance = 10, reference value = 8.824209803154200e-01
% function evaluation | indicator value | target hit
1	1.244295646803420e+00	1.258925411794167e+00
270	6.741595263771734e-01	6.760829753919817e-01
331	3.642244617145133e-01	3.715352290971726e-01
375	3.402049481707947e-01	3.467368504525316e-01
378	3.388179512717687e-01	3.388441561392025e-01
380	1.756518981718926e-01	1.778279410038923e-01
404	1.266258474842649e-01	1.288249551693134e-01
429	1.138914326772403e-01	1.148153621496883e-01
445	1.061145059147717e-01	1.071519305237607e-01
459	9.192811101374343e-02	9.332543007969910e-02
463	8.895806131315320e-02	8.912509381337455e-02
505	8.511206759515288e-02	8.511380382023763e-02
535	8.261330532156286e-02	8.317637711026708e-02
545	7.673133879986760e-02	7.762471166286916e-02
560	7.447485771260309e-02	7.585775750291836e-02
561	7.111217180286411e-02	7.244359600749903e-02
579	7.017456559649327e-02	7.079457843841380e-02
584	6.766771850243380e-02	6.918309709189366e-02
590	6.055110414611631e-02	6.165950018614822e-02
591	5.941219837358813e-02	6.025595860743578e-02
597	5.716460805097046e-02	5.754399373371569e-02
604	5.561895624923707e-02	5.623413251903491e-02
610	4.391571871710154e-02	4.466835921509630e-02
611	4.162020860575666e-02	4.168693834703355e-02
617	3.816298152442821e-02	3.890451449942807e-02
630	3.758136415100299e-02	3.801893963205612e-02
631	3.390173732094715e-02	3.467368504525317e-02
632	3.354303165194428e-02	3.388441561392026e-02
636	3.039035484872010e-02	3.090295432513590e-02
637	2.939609826588008e-02	2.951209226666385e-02
645	2.671252702434856e-02	2.691534803926915e-02
654	2.605660500231399e-02	2.630267991895381e-02
655	2.559274178546245e-02	2.570395782768863e-02
659	2.467400889474569e-02	2.511886431509579e-02
660	2.365348963600233e-02	2.398832919019490e-02
670	2.214912447947848e-02	2.238721138568340e-02
671	2.146197788534965e-02	2.187761623949553e-02
674	2.073651884410455e-02	2.089296130854040e-02
676	1.866626206767052e-02	1.905460717963247e-02
680	1.832888370964969e-02	1.862087136662868e-02
681	1.758244747542514e-02	1.778279410038923e-02
691	1.735317461426866e-02	1.737800828749375e-02
693	1.678601004648150e-02	1.698243652461744e-02
696	1.641185585234128e-02	1.659586907437561e-02
698	1.611420602054747e-02	1.621810097358930e-02
706	1.578756782829216e-02	1.584893192461113e-02
709	1.535349296614497e-02	1.548816618912481e-02
716	1.501878498109877e-02	1.513561248436208e-02
721	1.471382420562484e-02	1.479108388168207e-02
725	1.415693878712931e-02	1.445439770745927e-02
726	1.400042817365499e-02	1.412537544622754e-02
743	1.363950635897415e-02	1.380384264602885e-02
748	1.323763046531046e-02	1.348962882591653e-02
750	1.316482119763496e-02	1.318256738556407e-02
766	1.287612200171173e-02	1.288249551693134e-02
769	1.189689436459385e-02	1.202264434617413e-02
787	1.173854479712433e-02	1.174897554939530e-02
797	1.148076805297904e-02	1.148153621496883e-02
803	1.099309282888472e-02	1.122018454301964e-02
808	1.089244519996146e-02	1.096478196143185e-02
819	1.070554840312254e-02	1.071519305237606e-02
824	1.028951882860640e-02	1.047128548050900e-02
827	1.021403710994973e-02	1.023292992280754e-02
855	9.996137506053659e-03	1.000000000000000e-02
867	9.756055304396494e-03	9.772372209558112e-03
876	9.522330821412406e-03	9.549925860214359e-03
877	9.301493674716665e-03	9.332543007969915e-03
894	9.111839156878632e-03	9.120108393559097e-03
902	8.851803060153429e-03	8.912509381337459e-03
907	8.698351964993467e-03	8.709635899560805e-03
913	8.459594073691457e-03	8.511380382023767e-03
916	8.292471168679372e-03	8.317637711026709e-03
930	8.127847411660394e-03	8.128305161640995e-03
962	7.904831198256468e-03	7.943282347242814e-03
979	7.755277333618693e-03	7.762471166286920e-03
1012	6.889813891109875e-03	6.918309709189363e-03
1041	6.755768966728359e-03	6.760829753919818e-03
1047	6.605428711039529e-03	6.606934480075957e-03
1060	6.340346476627512e-03	6.456542290346556e-03
1063	6.304504198098027e-03	6.309573444801930e-03
1078	6.161642760056707e-03	6.165950018614822e-03
1092	6.025436481442936e-03	6.025595860743574e-03
1105	5.798762122383394e-03	5.888436553555890e-03
1114	5.750343966088423e-03	5.754399373371567e-03
1131	5.604527272289772e-03	5.623413251903491e-03
1140	5.443031163283596e-03	5.495408738576248e-03
1149	5.353081959614925e-03	5.370317963702527e-03
1174	5.230512317638492e-03	5.248074602497728e-03
1177	4.999663664191245e-03	5.011872336272725e-03
1207	4.897190577606070e-03	4.897788193684461e-03
1221	4.785965034655226e-03	4.786300923226385e-03
1236	4.674647129746079e-03	4.677351412871981e-03
1240	4.478911086013726e-03	4.570881896148752e-03
1248	4.458336582474187e-03	4.466835921509630e-03
1269	4.254773440065529e-03	4.265795188015926e-03
1277	4.099028097090618e-03	4.168693834703355e-03
1281	4.064071548283477e-03	4.073802778041126e-03
1301	3.964526118624745e-03	3.981071705534973e-03
1316	3.822806152934288e-03	3.890451449942805e-03
1320	3.587772107006226e-03	3.630780547701014e-03
1328	3.545782954929244e-03	3.548133892335753e-03
1339	3.463856112515762e-03	3.467368504525317e-03
1364	3.388044373326404e-03	3.388441561392024e-03
1395	3.307073322543874e-03	3.311311214825911e-03
1408	3.221202342422846e-03	3.235936569296281e-03
1442	3.161424944128854e-03	3.162277660168379e-03
1468	3.060829273379584e-03	3.090295432513592e-03
1477	2.923762044518052e-03	2.951209226666387e-03
1510	2.883503413785071e-03	2.884031503126605e-03
1529	2.817268212621182e-03	2.818382931264455e-03
1571	2.727129924992799e-03	2.754228703338166e-03
1582	2.687027203207459e-03	2.691534803926917e-03
1626	2.624555390025041e-03	2.630267991895381e-03
1705	2.535348091935785e-03	2.570395782768865e-03
1735	2.511575860431270e-03	2.511886431509579e-03
1831	2.454536888165215e-03	2.454708915685031e-03
1910	2.398178605175771e-03	2.398832919019490e-03
2001	2.367288125189382e-03	2.398832919019490e-03
