%
% index = 140, name = bbob_f002_i02_d02__bbob_f014_i04_d02
% instance = 1, reference value = 9.783297441394480e-01
% function evaluation | indicator value | target hit
1	5.103080401459384e-01	5.128613839913648e-01
24	2.874577140763861e-01	2.884031503126606e-01
136	8.246601861996983e-02	8.317637711026708e-02
268	7.766745788289020e-02	7.943282347242814e-02
270	6.143206597210760e-02	6.165950018614822e-02
271	4.040622831855611e-02	4.073802778041128e-02
362	3.980460871797220e-02	3.981071705534973e-02
410	3.081304456357470e-02	3.090295432513590e-02
411	2.923219747591388e-02	2.951209226666385e-02
414	2.791704075944257e-02	2.818382931264454e-02
542	2.656074686738996e-02	2.691534803926915e-02
557	2.528757953327931e-02	2.570395782768863e-02
573	2.491286219186140e-02	2.511886431509579e-02
583	2.416057476543654e-02	2.454708915685030e-02
586	2.391348490641521e-02	2.398832919019490e-02
665	2.343207841695882e-02	2.344228815319923e-02
721	2.121718895729441e-02	2.137962089502233e-02
776	2.086992306790880e-02	2.089296130854040e-02
777	1.891595015812486e-02	1.905460717963247e-02
820	1.861105070173907e-02	1.862087136662868e-02
822	1.514300189987405e-02	1.548816618912481e-02
823	1.513488022952547e-02	1.513561248436208e-02
864	1.478707743439900e-02	1.479108388168207e-02
953	1.441090250749755e-02	1.445439770745927e-02
1051	1.411225638440827e-02	1.412537544622754e-02
1143	1.274710501829623e-02	1.288249551693134e-02
1186	1.258188010844774e-02	1.258925411794167e-02
1217	1.193106853604275e-02	1.202264434617413e-02
1220	1.149921933846543e-02	1.174897554939530e-02
1232	1.147640217982537e-02	1.148153621496883e-02
1264	9.647005390068908e-03	9.772372209558112e-03
1298	9.526939760934550e-03	9.549925860214359e-03
1311	9.141122756632147e-03	9.332543007969915e-03
1327	9.119098291572758e-03	9.120108393559097e-03
1328	8.826294747956709e-03	8.912509381337459e-03
1329	8.464270503572791e-03	8.511380382023767e-03
1337	8.312850248142767e-03	8.317637711026709e-03
1367	8.051332615376272e-03	8.128305161640995e-03
1372	7.891467870717372e-03	7.943282347242814e-03
1377	7.647177914864023e-03	7.762471166286920e-03
1385	7.549446201963184e-03	7.585775750291836e-03
1451	7.343049531247425e-03	7.413102413009177e-03
1480	6.972532776483020e-03	7.079457843841380e-03
1487	6.842799739733674e-03	6.918309709189363e-03
1491	6.628685086102037e-03	6.760829753919818e-03
1492	6.013872235184459e-03	6.025595860743574e-03
1510	5.799295437817653e-03	5.888436553555890e-03
1524	5.677114641253866e-03	5.754399373371567e-03
1535	5.621355901600844e-03	5.623413251903491e-03
1558	5.485939218436320e-03	5.495408738576248e-03
1602	5.271027641974624e-03	5.370317963702527e-03
1619	5.247910834889957e-03	5.248074602497728e-03
1654	4.984484104298303e-03	5.011872336272725e-03
1685	4.877641086975415e-03	4.897788193684461e-03
1708	4.628583193879043e-03	4.677351412871981e-03
1736	4.538226854373550e-03	4.570881896148752e-03
1744	4.452424403670885e-03	4.466835921509630e-03
1745	4.360884374369989e-03	4.365158322401661e-03
1796	3.982664796238988e-03	4.073802778041126e-03
1797	3.914452734035900e-03	3.981071705534973e-03
1835	3.802358835467534e-03	3.890451449942805e-03
1848	3.794791072067594e-03	3.801893963205613e-03
1851	3.292148651822369e-03	3.311311214825911e-03
1876	3.179953043786266e-03	3.235936569296281e-03
1877	3.151455261841352e-03	3.162277660168379e-03
1883	2.328934279500317e-03	2.344228815319923e-03
1886	2.285093906208679e-03	2.290867652767772e-03
1889	2.219014105166561e-03	2.238721138568340e-03
1913	2.185694000631178e-03	2.187761623949552e-03
1922	2.125784334328640e-03	2.137962089502233e-03
1927	2.071423477729817e-03	2.089296130854039e-03
1934	2.034860520415571e-03	2.041737944669530e-03
1944	1.985147379103158e-03	1.995262314968879e-03
1973	1.882090086658517e-03	1.905460717963246e-03
2001	1.867589138113357e-03	1.905460717963246e-03
%
% index = 141, name = bbob_f002_i03_d02__bbob_f014_i05_d02
% instance = 2, reference value = 9.414367588119890e-01
% function evaluation | indicator value | target hit
1	3.077944465975494e+01	3.090295432513591e+01
207	8.607805882109488e+00	8.709635899560805e+00
265	8.178368965028048e+00	8.317637711026711e+00
303	6.208231606795891e-01	6.309573444801932e-01
393	3.698787420483852e-01	3.715352290971726e-01
447	1.071070594738577e-01	1.071519305237607e-01
452	8.316542953362072e-02	8.317637711026708e-02
609	7.992103484674484e-02	8.128305161640990e-02
703	7.935083307138613e-02	7.943282347242814e-02
737	6.529822197137058e-02	6.606934480075961e-02
860	6.456503946446557e-02	6.456542290346556e-02
1045	6.033438112360301e-02	6.165950018614822e-02
1137	5.976914428962044e-02	6.025595860743578e-02
1175	5.682199569392377e-02	5.754399373371569e-02
1217	5.485013536026495e-02	5.495408738576246e-02
1314	4.572971631872624e-02	4.677351412871981e-02
1315	4.199116739968445e-02	4.265795188015926e-02
1453	4.166952662273127e-02	4.168693834703355e-02
1519	3.955459231934388e-02	3.981071705534973e-02
1598	3.348236315881037e-02	3.388441561392026e-02
1682	3.224994518081425e-02	3.235936569296283e-02
1734	2.424626043759270e-02	2.454708915685030e-02
1809	2.389507948781722e-02	2.398832919019490e-02
1850	2.342942006187654e-02	2.344228815319923e-02
1873	2.135783139448222e-02	2.137962089502233e-02
1932	1.520604340907594e-02	1.548816618912481e-02
1955	1.496117917861561e-02	1.513561248436208e-02
1997	1.441109709493671e-02	1.445439770745927e-02
2001	1.441073300101092e-02	1.445439770745927e-02
%
% index = 142, name = bbob_f002_i07_d02__bbob_f014_i08_d02
% instance = 3, reference value = 9.986720532978610e-01
% function evaluation | indicator value | target hit
1	1.483176601426182e+03	1.513561248436209e+03
6	1.372653073412968e+03	1.380384264602885e+03
114	4.649188821815032e+02	4.677351412871981e+02
168	4.334116127251506e+02	4.365158322401661e+02
204	3.881862836746337e+02	3.890451449942805e+02
235	3.941440699253512e+01	3.981071705534973e+01
434	1.433411986735933e+01	1.445439770745927e+01
446	1.027004490826361e+00	1.047128548050900e+00
513	1.856290561836363e-01	1.862087136662867e-01
523	1.104824338875602e-01	1.122018454301964e-01
584	4.161445005963249e-02	4.168693834703355e-02
615	3.503385557368477e-02	3.548133892335755e-02
653	3.227354386766401e-02	3.235936569296283e-02
679	2.233082802404507e-02	2.238721138568340e-02
778	1.836813866864262e-02	1.862087136662868e-02
786	9.932360535825469e-03	1.000000000000000e-02
787	9.547377988809336e-03	9.549925860214359e-03
807	8.754528018976693e-03	8.912509381337459e-03
820	7.168243969787769e-03	7.244359600749898e-03
854	6.818277699048969e-03	6.918309709189363e-03
858	6.740329944524337e-03	6.760829753919818e-03
859	6.048712303216464e-03	6.165950018614822e-03
860	5.949834074134297e-03	6.025595860743574e-03
863	5.654893139205752e-03	5.754399373371567e-03
869	5.299498645320977e-03	5.370317963702527e-03
875	5.236729514586091e-03	5.248074602497728e-03
878	4.657988924454126e-03	4.677351412871981e-03
960	4.555675605171561e-03	4.570881896148752e-03
984	4.445091711715254e-03	4.466835921509630e-03
1008	4.364137348628838e-03	4.365158322401661e-03
2001	4.323215898651922e-03	4.365158322401661e-03
%
% index = 143, name = bbob_f002_i09_d02__bbob_f014_i10_d02
% instance = 4, reference value = 8.250789787741120e-01
% function evaluation | indicator value | target hit
1	1.986341352420612e+00	1.995262314968880e+00
140	1.942996640239612e+00	1.949844599758045e+00
199	1.605002746143112e+00	1.621810097358930e+00
218	1.159067756126612e+00	1.174897554939530e+00
259	3.855225241689313e-01	3.890451449942806e-01
272	2.671329067044493e-01	2.691534803926916e-01
276	1.902581469366498e-01	1.905460717963247e-01
306	1.569639770387494e-01	1.584893192461113e-01
320	1.515400917969255e-01	1.548816618912481e-01
348	1.487835077587871e-01	1.513561248436208e-01
356	1.443999682661588e-01	1.445439770745928e-01
415	1.412075129749450e-01	1.412537544622754e-01
418	1.365776551209060e-01	1.380384264602885e-01
454	1.315979633636355e-01	1.318256738556407e-01
491	1.279968121720563e-01	1.288249551693134e-01
507	1.208493830079711e-01	1.230268770812381e-01
511	1.186852501687300e-01	1.202264434617413e-01
538	1.161904848738218e-01	1.174897554939529e-01
552	1.122618209692281e-01	1.148153621496883e-01
559	1.108195343236926e-01	1.122018454301964e-01
565	1.092231714737459e-01	1.096478196143185e-01
575	1.060915366650035e-01	1.071519305237607e-01
580	9.868195437151261e-02	1.000000000000000e-01
583	9.755136747248239e-02	9.772372209558107e-02
598	9.480533771946398e-02	9.549925860214359e-02
599	9.062961553456028e-02	9.120108393559097e-02
604	8.673922339379159e-02	8.709635899560805e-02
605	8.419832622459877e-02	8.511380382023763e-02
606	7.825432893293094e-02	7.943282347242814e-02
607	7.260202510018088e-02	7.413102413009177e-02
609	7.243459979155964e-02	7.244359600749903e-02
625	6.993372113254293e-02	7.079457843841380e-02
630	6.868611523557699e-02	6.918309709189366e-02
642	6.662088478463457e-02	6.760829753919818e-02
652	6.424235898935393e-02	6.456542290346556e-02
659	6.301449093547418e-02	6.309573444801933e-02
664	6.067320663315157e-02	6.165950018614822e-02
665	5.712849331383785e-02	5.754399373371569e-02
676	5.599093034025238e-02	5.623413251903491e-02
677	5.482271110614034e-02	5.495408738576246e-02
701	5.351464432047592e-02	5.370317963702527e-02
732	5.196327626348085e-02	5.248074602497726e-02
740	5.118597564762939e-02	5.128613839913648e-02
745	4.953096055560735e-02	5.011872336272722e-02
752	4.774879096641016e-02	4.786300923226382e-02
768	4.664378913473388e-02	4.677351412871981e-02
774	4.060751469142454e-02	4.073802778041128e-02
802	3.342628406945436e-02	3.388441561392026e-02
813	3.309123456350949e-02	3.311311214825911e-02
820	3.221762914250659e-02	3.235936569296283e-02
829	3.154520389870308e-02	3.162277660168379e-02
841	2.394824394887696e-02	2.398832919019490e-02
845	2.332638442565527e-02	2.344228815319923e-02
862	2.287108393902271e-02	2.290867652767773e-02
867	2.198816974687645e-02	2.238721138568340e-02
872	2.181126698172708e-02	2.187761623949553e-02
876	1.973988904683421e-02	1.995262314968880e-02
893	1.946097190297635e-02	1.949844599758046e-02
905	1.900086324957939e-02	1.905460717963247e-02
918	1.833550370940762e-02	1.862087136662868e-02
924	1.815616361630157e-02	1.819700858609984e-02
944	1.526886247550685e-02	1.548816618912481e-02
945	1.498568116203403e-02	1.513561248436208e-02
951	1.478793794314448e-02	1.479108388168207e-02
973	1.444334376473588e-02	1.445439770745927e-02
975	1.412284486003090e-02	1.412537544622754e-02
985	1.265758146681017e-02	1.288249551693134e-02
993	1.258486881212817e-02	1.258925411794167e-02
1003	1.210321533659042e-02	1.230268770812382e-02
1013	1.191623387423058e-02	1.202264434617413e-02
1025	1.168333092667839e-02	1.174897554939530e-02
1043	1.136064513633317e-02	1.148153621496883e-02
1046	1.066813768877117e-02	1.071519305237606e-02
1048	1.000646175522291e-02	1.023292992280754e-02
1051	9.916682802629695e-03	1.000000000000000e-02
1062	8.622532639360636e-03	8.709635899560805e-03
1072	8.171919003588046e-03	8.317637711026709e-03
1085	8.118014008063446e-03	8.128305161640995e-03
1088	7.939836776318820e-03	7.943282347242814e-03
1095	7.536814710236373e-03	7.585775750291836e-03
1106	7.398169840004853e-03	7.413102413009177e-03
1130	7.219257685013747e-03	7.244359600749898e-03
1136	7.073041585835327e-03	7.079457843841380e-03
1140	6.234530648618897e-03	6.309573444801930e-03
1142	6.068568875198910e-03	6.165950018614822e-03
1150	5.979236108133335e-03	6.025595860743574e-03
1165	5.823459226442340e-03	5.888436553555890e-03
1170	5.715343250473848e-03	5.754399373371567e-03
1192	5.622368265193023e-03	5.623413251903491e-03
1195	5.128561534239240e-03	5.128613839913648e-03
1205	4.794086294553912e-03	4.897788193684461e-03
1207	4.782077439983490e-03	4.786300923226385e-03
1229	4.476109208431445e-03	4.570881896148752e-03
1237	4.464414186560961e-03	4.466835921509630e-03
1260	4.103758642994948e-03	4.168693834703355e-03
1263	4.051933731784585e-03	4.073802778041126e-03
1272	3.979677923665714e-03	3.981071705534973e-03
1295	3.880806801252690e-03	3.890451449942805e-03
1299	3.700436262502382e-03	3.715352290971724e-03
1317	3.630394922680691e-03	3.630780547701014e-03
1322	3.525355526007523e-03	3.548133892335753e-03
1324	3.400455407828629e-03	3.467368504525317e-03
1326	3.359149148685292e-03	3.388441561392024e-03
1349	3.305558563033828e-03	3.311311214825911e-03
1372	3.220005657332270e-03	3.235936569296281e-03
1376	3.141436929047559e-03	3.162277660168379e-03
1386	3.085253811899946e-03	3.090295432513592e-03
1402	2.999741192871497e-03	3.019951720402016e-03
1433	2.948897772299119e-03	2.951209226666387e-03
1442	2.879923472372203e-03	2.884031503126605e-03
1474	2.810146445206274e-03	2.818382931264455e-03
1495	2.749432727535472e-03	2.754228703338166e-03
1513	2.691030155439811e-03	2.691534803926917e-03
1556	2.587046217560007e-03	2.630267991895381e-03
1572	2.564968637415954e-03	2.570395782768865e-03
1610	2.506726327095365e-03	2.511886431509579e-03
1630	2.452933732180695e-03	2.454708915685031e-03
1650	2.397129986426383e-03	2.398832919019490e-03
1695	2.343376130329311e-03	2.344228815319923e-03
1757	2.286606830921412e-03	2.290867652767772e-03
1782	2.226309284823702e-03	2.238721138568340e-03
1826	2.187003979767566e-03	2.187761623949552e-03
1869	2.073736582169694e-03	2.089296130854039e-03
1892	2.020495871216554e-03	2.041737944669530e-03
1935	1.993502371016809e-03	1.995262314968879e-03
1973	1.948494546437529e-03	1.949844599758046e-03
1998	1.860807092981642e-03	1.862087136662868e-03
2001	1.857758079574556e-03	1.862087136662868e-03
%
% index = 144, name = bbob_f002_i11_d02__bbob_f014_i12_d02
% instance = 5, reference value = 9.883375327391670e-01
% function evaluation | indicator value | target hit
1	2.873972531299347e-01	2.884031503126606e-01
216	2.182499131613613e-02	2.187761623949553e-02
237	2.032760559419244e-02	2.041737944669529e-02
314	1.393007880538732e-02	1.412537544622754e-02
319	1.372454099866449e-02	1.380384264602885e-02
398	1.268000618974363e-02	1.288249551693134e-02
417	1.097125660762721e-02	1.122018454301964e-02
419	9.609831689446513e-03	9.772372209558112e-03
435	9.335657237438122e-03	9.549925860214359e-03
452	9.331302475206860e-03	9.332543007969915e-03
576	9.022405831041080e-03	9.120108393559097e-03
580	7.739536620192999e-03	7.762471166286920e-03
581	7.011927321553868e-03	7.079457843841380e-03
660	6.572940530747529e-03	6.606934480075957e-03
699	6.451178545540226e-03	6.456542290346556e-03
740	6.281481387923948e-03	6.309573444801930e-03
749	6.150292343502839e-03	6.165950018614822e-03
791	6.018535936047620e-03	6.025595860743574e-03
823	5.714964477098183e-03	5.754399373371567e-03
874	5.586946474009702e-03	5.623413251903491e-03
933	5.485516078517105e-03	5.495408738576248e-03
1016	5.364381702575693e-03	5.370317963702527e-03
1090	5.247837391109567e-03	5.248074602497728e-03
1341	5.105622774387752e-03	5.128613839913648e-03
1385	4.984133992257389e-03	5.011872336272725e-03
1574	4.219634225689162e-03	4.265795188015926e-03
1675	4.165626254963972e-03	4.168693834703355e-03
1706	3.901137636998064e-03	3.981071705534973e-03
1715	3.667362365670446e-03	3.715352290971724e-03
1760	3.304998296190353e-03	3.311311214825911e-03
1852	2.155793749072821e-03	2.187761623949552e-03
1880	2.043120069437299e-03	2.089296130854039e-03
1882	2.040619472402527e-03	2.041737944669530e-03
1936	1.982618690274718e-03	1.995262314968879e-03
1973	1.808337760760059e-03	1.819700858609983e-03
1982	1.572303303156053e-03	1.584893192461114e-03
2001	1.569750638658385e-03	1.584893192461114e-03
%
% index = 145, name = bbob_f002_i13_d02__bbob_f014_i14_d02
% instance = 6, reference value = 9.690858785718440e-01
% function evaluation | indicator value | target hit
1	5.544236534548416e-01	5.623413251903491e-01
158	4.462096155252946e-01	4.466835921509631e-01
179	8.030525622501428e-02	8.128305161640990e-02
243	7.758673068693700e-02	7.762471166286916e-02
276	6.666222149568102e-02	6.760829753919818e-02
298	5.522722135658154e-02	5.623413251903491e-02
303	4.032093098863454e-02	4.073802778041128e-02
352	3.536781779542431e-02	3.548133892335755e-02
375	3.296897999106374e-02	3.311311214825911e-02
427	2.938850589426367e-02	2.951209226666385e-02
440	2.800595206044287e-02	2.818382931264454e-02
441	2.731239071834035e-02	2.754228703338166e-02
455	2.677932129889848e-02	2.691534803926915e-02
464	2.607489090208936e-02	2.630267991895381e-02
466	2.495959694427219e-02	2.511886431509579e-02
472	2.400845731341261e-02	2.454708915685030e-02
473	2.299264740731888e-02	2.344228815319923e-02
478	2.266644505994886e-02	2.290867652767773e-02
481	2.233766881722887e-02	2.238721138568340e-02
509	2.044467475711953e-02	2.089296130854040e-02
547	2.037035415822264e-02	2.041737944669529e-02
586	1.951725948030281e-02	1.995262314968880e-02
587	1.899732145324606e-02	1.905460717963247e-02
618	1.845774477540962e-02	1.862087136662868e-02
630	1.816751186970889e-02	1.819700858609984e-02
647	1.767893270884080e-02	1.778279410038923e-02
653	1.736687336056220e-02	1.737800828749375e-02
661	1.574297713616735e-02	1.584893192461113e-02
682	1.528289477417621e-02	1.548816618912481e-02
688	1.498894645488125e-02	1.513561248436208e-02
706	1.463549327196079e-02	1.479108388168207e-02
711	1.444687716373572e-02	1.445439770745927e-02
773	1.411837711281938e-02	1.412537544622754e-02
815	1.374705219526173e-02	1.380384264602885e-02
871	1.348796850669365e-02	1.348962882591653e-02
969	1.286520247251610e-02	1.288249551693134e-02
1001	1.240728391748502e-02	1.258925411794167e-02
1006	1.204136585204008e-02	1.230268770812382e-02
1007	1.198663337115580e-02	1.202264434617413e-02
1035	1.168260264632603e-02	1.174897554939530e-02
1077	1.147052504730617e-02	1.148153621496883e-02
1113	1.074202964458615e-02	1.096478196143185e-02
1132	1.071349367242513e-02	1.071519305237606e-02
1170	1.012041744991288e-02	1.023292992280754e-02
1235	9.776235636149044e-03	1.000000000000000e-02
1238	9.768857853780788e-03	9.772372209558112e-03
1322	8.085679884254682e-03	8.128305161640995e-03
1323	7.369949337813542e-03	7.413102413009177e-03
1370	7.243844816016032e-03	7.244359600749898e-03
1413	6.397367136242726e-03	6.456542290346556e-03
1440	6.299928093975948e-03	6.309573444801930e-03
1468	6.055041273724804e-03	6.165950018614822e-03
1473	4.269951784771631e-03	4.365158322401661e-03
1475	4.255112658138271e-03	4.265795188015926e-03
1492	3.514263551369856e-03	3.548133892335753e-03
1524	3.411452998130726e-03	3.467368504525317e-03
1530	3.381141895145379e-03	3.388441561392024e-03
1576	3.297544217523374e-03	3.311311214825911e-03
1580	3.214126729962574e-03	3.235936569296281e-03
1598	3.162124293040303e-03	3.162277660168379e-03
1613	3.089288072041896e-03	3.090295432513592e-03
1637	2.998275006110607e-03	3.019951720402016e-03
1662	2.708706238761516e-03	2.754228703338166e-03
1663	2.690681463973110e-03	2.691534803926917e-03
1666	2.630034274864634e-03	2.630267991895381e-03
1680	2.547314026526526e-03	2.570395782768865e-03
1687	2.511827694008040e-03	2.511886431509579e-03
1698	2.300912033565528e-03	2.344228815319923e-03
1699	2.251257943871154e-03	2.290867652767772e-03
1709	2.231499644469559e-03	2.238721138568340e-03
1755	2.143488492867829e-03	2.187761623949552e-03
1758	2.128185112691083e-03	2.137962089502233e-03
1759	2.084988231055962e-03	2.089296130854039e-03
1780	2.038709996149413e-03	2.041737944669530e-03
1786	1.995194726722826e-03	1.995262314968879e-03
1807	1.947283672260491e-03	1.949844599758046e-03
1832	1.905212394895051e-03	1.905460717963246e-03
1855	1.780324172703240e-03	1.819700858609983e-03
1856	1.772837762506252e-03	1.778279410038923e-03
1862	1.726752784542263e-03	1.737800828749376e-03
1875	1.697594420212667e-03	1.698243652461744e-03
1890	1.652281184498006e-03	1.659586907437561e-03
1920	1.559294643838194e-03	1.584893192461114e-03
1921	1.469572288209764e-03	1.479108388168207e-03
1976	1.442211727091469e-03	1.445439770745928e-03
1979	1.391786235655945e-03	1.412537544622754e-03
1981	1.361652350225562e-03	1.380384264602885e-03
1994	1.329609983646174e-03	1.348962882591653e-03
2001	1.324854870495384e-03	1.348962882591653e-03
%
% index = 146, name = bbob_f002_i15_d02__bbob_f014_i16_d02
% instance = 7, reference value = 9.826251193764360e-01
% function evaluation | indicator value | target hit
1	5.021674683032936e+00	5.128613839913648e+00
57	1.086701622587936e+00	1.096478196143185e+00
152	1.036422159099147e+00	1.047128548050900e+00
325	2.715131412528214e-01	2.754228703338166e-01
415	2.257495850326726e-01	2.290867652767773e-01
440	1.571794900763180e-01	1.584893192461113e-01
484	1.113370349059662e-01	1.122018454301964e-01
502	9.670812115850380e-02	9.772372209558107e-02
513	8.855508894590036e-02	8.912509381337455e-02
564	8.702207861840405e-02	8.709635899560805e-02
596	7.471902812753273e-02	7.585775750291836e-02
597	3.126552230488400e-02	3.162277660168379e-02
612	3.060677382983590e-02	3.090295432513590e-02
615	2.884763595545137e-02	2.951209226666385e-02
616	2.880653064005656e-02	2.884031503126606e-02
623	2.722776769721069e-02	2.754228703338166e-02
665	2.650426767593972e-02	2.691534803926915e-02
698	2.474020244439501e-02	2.511886431509579e-02
708	2.349568144028280e-02	2.398832919019490e-02
709	2.050093072238224e-02	2.089296130854040e-02
710	2.028466773739601e-02	2.041737944669529e-02
722	1.988394833258733e-02	1.995262314968880e-02
727	1.597813927246317e-02	1.621810097358930e-02
757	1.505393910830721e-02	1.513561248436208e-02
772	1.133268003135224e-02	1.148153621496883e-02
773	9.615209039144479e-03	9.772372209558112e-03
781	9.452394130763375e-03	9.549925860214359e-03
807	8.884816017926123e-03	8.912509381337459e-03
808	7.429191729276030e-03	7.585775750291836e-03
813	7.301240020143207e-03	7.413102413009177e-03
819	7.229049736025339e-03	7.244359600749898e-03
838	6.424634136214746e-03	6.456542290346556e-03
845	6.287856860873076e-03	6.309573444801930e-03
847	5.980449496994389e-03	6.025595860743574e-03
854	5.239858094723382e-03	5.248074602497728e-03
867	5.102531543587419e-03	5.128613839913648e-03
870	4.591623715229809e-03	4.677351412871981e-03
871	4.526523469553401e-03	4.570881896148752e-03
879	3.688191401429175e-03	3.715352290971724e-03
886	3.596490439255251e-03	3.630780547701014e-03
891	3.521615735191608e-03	3.548133892335753e-03
900	3.457485475356292e-03	3.467368504525317e-03
903	2.982673227841515e-03	3.019951720402016e-03
908	2.808304848599952e-03	2.818382931264455e-03
910	2.574564128732804e-03	2.630267991895381e-03
913	2.367485786306189e-03	2.398832919019490e-03
914	2.178240411131793e-03	2.187761623949552e-03
923	2.088655067139289e-03	2.089296130854039e-03
938	1.970540965387069e-03	1.995262314968879e-03
939	1.947159941555587e-03	1.949844599758046e-03
944	1.888790388234751e-03	1.905460717963246e-03
953	1.794393595898724e-03	1.819700858609983e-03
955	1.737151103261780e-03	1.737800828749376e-03
958	1.661092978772372e-03	1.698243652461744e-03
959	1.555627715052688e-03	1.584893192461114e-03
966	1.547573687958881e-03	1.548816618912481e-03
973	1.511323770206352e-03	1.513561248436209e-03
976	1.459585008774189e-03	1.479108388168207e-03
977	1.441543138473333e-03	1.445439770745928e-03
984	1.405297345334011e-03	1.412537544622754e-03
986	1.365931128028630e-03	1.380384264602885e-03
994	1.346217729559118e-03	1.348962882591653e-03
1000	1.315296524690091e-03	1.318256738556408e-03
1011	1.235569384864355e-03	1.258925411794167e-03
1022	1.230253081990873e-03	1.230268770812381e-03
1032	1.199920876909344e-03	1.202264434617413e-03
1038	1.132208688610969e-03	1.148153621496883e-03
1039	1.090439275766575e-03	1.096478196143185e-03
1044	1.069061973776431e-03	1.071519305237606e-03
1049	1.032848183163959e-03	1.047128548050900e-03
1056	1.020471425752234e-03	1.023292992280754e-03
1064	9.966476688708648e-04	1.000000000000000e-03
1076	9.699831423065630e-04	9.772372209558111e-04
1087	9.519364680096176e-04	9.549925860214359e-04
1103	9.114747667388068e-04	9.120108393559096e-04
1122	8.650033780698285e-04	8.709635899560805e-04
1129	8.509296166721025e-04	8.511380382023768e-04
1139	8.273882713344394e-04	8.317637711026709e-04
1153	8.107861460066035e-04	8.128305161640995e-04
1177	7.884069905887969e-04	7.943282347242813e-04
1183	7.754473790032579e-04	7.762471166286919e-04
1198	7.555635185136911e-04	7.585775750291835e-04
1216	7.395374688814460e-04	7.413102413009177e-04
1227	7.242293843945369e-04	7.244359600749898e-04
1260	7.051918568664606e-04	7.079457843841380e-04
1293	6.890761900489872e-04	6.918309709189362e-04
1322	6.760251555029129e-04	6.760829753919819e-04
1373	6.600102551919118e-04	6.606934480075957e-04
1412	6.456287630735025e-04	6.456542290346556e-04
1460	6.296075401661660e-04	6.309573444801930e-04
1529	6.164036517822824e-04	6.165950018614823e-04
1612	6.022367662676942e-04	6.025595860743575e-04
1678	5.887068227878878e-04	5.888436553555889e-04
1742	5.747363238430836e-04	5.754399373371566e-04
1806	5.501526628612918e-04	5.623413251903491e-04
1817	5.490829539831488e-04	5.495408738576248e-04
1988	5.370134201051480e-04	5.370317963702527e-04
2001	5.366464804250626e-04	5.370317963702527e-04
%
% index = 147, name = bbob_f002_i17_d02__bbob_f014_i18_d02
% instance = 8, reference value = 9.254884573673220e-01
% function evaluation | indicator value | target hit
1	1.095138490127956e+01	1.096478196143185e+01
151	7.470188098118737e+00	7.585775750291837e+00
178	6.823958685136322e+00	6.918309709189364e+00
267	3.553348071340822e+00	3.630780547701014e+00
316	6.364912577466695e-01	6.456542290346555e-01
390	4.927252845450398e-01	5.011872336272722e-01
470	4.361797230775947e-01	4.365158322401660e-01
490	3.360901198139518e-01	3.388441561392025e-01
491	3.306934585472650e-01	3.311311214825911e-01
516	2.770827077514826e-01	2.818382931264454e-01
527	1.821534420725216e-01	1.862087136662867e-01
545	1.357000094260014e-01	1.380384264602885e-01
554	1.240937925209165e-01	1.258925411794167e-01
570	1.165811186265278e-01	1.174897554939529e-01
588	9.282206692069062e-02	9.332543007969910e-02
610	9.071875044697653e-02	9.120108393559097e-02
622	8.896142932033213e-02	8.912509381337455e-02
631	8.443046394578380e-02	8.511380382023763e-02
652	8.084013295672121e-02	8.128305161640990e-02
658	7.911405294587925e-02	7.943282347242814e-02
662	7.743913013939019e-02	7.762471166286916e-02
678	5.662601102291120e-02	5.754399373371569e-02
681	5.460370432951511e-02	5.495408738576246e-02
698	5.343890792754769e-02	5.370317963702527e-02
712	5.062558237458825e-02	5.128613839913648e-02
725	5.000904903428627e-02	5.011872336272722e-02
727	4.611416318643613e-02	4.677351412871981e-02
741	4.543505353076072e-02	4.570881896148749e-02
767	3.864729837700009e-02	3.890451449942807e-02
780	3.788851344896349e-02	3.801893963205612e-02
783	3.666579169828044e-02	3.715352290971726e-02
788	3.368209393930055e-02	3.388441561392026e-02
812	3.297082292185705e-02	3.311311214825911e-02
833	3.234844801603187e-02	3.235936569296283e-02
849	3.109412345067930e-02	3.162277660168379e-02
853	2.518563221348835e-02	2.570395782768863e-02
855	2.503973960028605e-02	2.511886431509579e-02
861	2.421337263870160e-02	2.454708915685030e-02
871	2.388408244790474e-02	2.398832919019490e-02
892	1.956443586141343e-02	1.995262314968880e-02
893	1.496319995917672e-02	1.513561248436208e-02
902	1.477698740102362e-02	1.479108388168207e-02
905	1.429399375977214e-02	1.445439770745927e-02
923	1.411940718552784e-02	1.412537544622754e-02
931	1.375726684614409e-02	1.380384264602885e-02
934	1.331764883193665e-02	1.348962882591653e-02
936	1.313160558898574e-02	1.318256738556407e-02
946	1.284281263800990e-02	1.288249551693134e-02
949	1.257272143654942e-02	1.258925411794167e-02
961	1.229295479344839e-02	1.230268770812382e-02
972	1.198788838325560e-02	1.202264434617413e-02
996	1.174024546927466e-02	1.174897554939530e-02
1000	1.041217477114853e-02	1.047128548050900e-02
1002	1.017698496937425e-02	1.023292992280754e-02
1015	9.999641295003081e-03	1.000000000000000e-02
1023	9.480664602263822e-03	9.549925860214359e-03
1029	9.297261099273646e-03	9.332543007969915e-03
1049	9.116759575267586e-03	9.120108393559097e-03
1062	8.909838915178825e-03	8.912509381337459e-03
1071	8.075983096246353e-03	8.128305161640995e-03
1078	7.791959093832457e-03	7.943282347242814e-03
1081	7.739312676320442e-03	7.762471166286920e-03
1105	7.577391318539850e-03	7.585775750291836e-03
1120	7.412398998358771e-03	7.413102413009177e-03
1135	6.975939853836377e-03	7.079457843841380e-03
1141	6.907132635065150e-03	6.918309709189363e-03
1152	6.744511703746681e-03	6.760829753919818e-03
1167	6.606216040128676e-03	6.606934480075957e-03
1205	6.454687741824228e-03	6.456542290346556e-03
1226	6.304093073101091e-03	6.309573444801930e-03
1229	5.792827414646373e-03	5.888436553555890e-03
1235	5.754290439182630e-03	5.754399373371567e-03
1250	5.378536400386658e-03	5.495408738576248e-03
1252	5.368092889731502e-03	5.370317963702527e-03
1264	4.858954658985448e-03	4.897788193684461e-03
1281	4.779461023664777e-03	4.786300923226385e-03
1289	4.610682014108303e-03	4.677351412871981e-03
1297	4.570754274151434e-03	4.570881896148752e-03
1302	4.449696809138870e-03	4.466835921509630e-03
1304	4.326423877792474e-03	4.365158322401661e-03
1311	4.258675984665561e-03	4.265795188015926e-03
1319	4.149991984160106e-03	4.168693834703355e-03
1337	4.066303692333517e-03	4.073802778041126e-03
1343	3.911833949105215e-03	3.981071705534973e-03
1345	3.877176133001647e-03	3.890451449942805e-03
1368	3.795760679555782e-03	3.801893963205613e-03
1384	3.708546376243405e-03	3.715352290971724e-03
1388	3.630366904115889e-03	3.630780547701014e-03
1424	3.548100029035828e-03	3.548133892335753e-03
1472	3.456151835509402e-03	3.467368504525317e-03
1523	3.387656985628484e-03	3.388441561392024e-03
1576	3.311279006423806e-03	3.311311214825911e-03
1620	3.235470637027005e-03	3.235936569296281e-03
1671	3.161364224886443e-03	3.162277660168379e-03
1740	3.090144378597004e-03	3.090295432513592e-03
1833	3.019307563343121e-03	3.019951720402016e-03
1962	2.949266419701502e-03	2.951209226666387e-03
2001	2.931060418165599e-03	2.951209226666387e-03
%
% index = 148, name = bbob_f002_i19_d02__bbob_f014_i21_d02
% instance = 9, reference value = 9.856713707251540e-01
% function evaluation | indicator value | target hit
1	8.935210702857153e+00	9.120108393559097e+00
217	5.238748952838153e+00	5.248074602497725e+00
232	4.014028881867153e+00	4.073802778041127e+00
280	3.614994206941148e+00	3.630780547701014e+00
304	2.855145220302654e+00	2.884031503126606e+00
305	4.033311545919063e-01	4.073802778041127e-01
360	3.780573447637435e-01	3.801893963205612e-01
400	3.052746809068115e-01	3.090295432513591e-01
409	2.786061433077998e-01	2.818382931264454e-01
416	2.694856912620116e-01	2.754228703338166e-01
417	2.505746923389242e-01	2.511886431509580e-01
428	2.398956731394832e-01	2.454708915685030e-01
429	2.171272191118144e-01	2.187761623949552e-01
444	9.591583269466974e-02	9.772372209558107e-02
452	9.409974918023978e-02	9.549925860214359e-02
523	9.280484486776086e-02	9.332543007969910e-02
534	5.522379641308894e-02	5.623413251903491e-02
543	5.461242819402323e-02	5.495408738576246e-02
555	4.619434383411891e-02	4.677351412871981e-02
556	3.908842919108235e-02	3.981071705534973e-02
564	3.867700945494901e-02	3.890451449942807e-02
576	1.001554522531478e-02	1.023292992280754e-02
580	9.251052592155085e-03	9.332543007969915e-03
582	8.754920032615132e-03	8.912509381337459e-03
615	8.611889131256656e-03	8.709635899560805e-03
616	8.085987548503093e-03	8.128305161640995e-03
629	7.282341937811299e-03	7.413102413009177e-03
634	7.198150114721469e-03	7.244359600749898e-03
662	6.633681135611358e-03	6.760829753919818e-03
678	6.276926306053254e-03	6.309573444801930e-03
679	6.144143680667735e-03	6.165950018614822e-03
684	5.685834434188242e-03	5.754399373371567e-03
706	5.111789962568891e-03	5.128613839913648e-03
713	4.797065418613911e-03	4.897788193684461e-03
719	4.750506642067553e-03	4.786300923226385e-03
728	4.673000383455306e-03	4.677351412871981e-03
752	4.552090976582712e-03	4.570881896148752e-03
753	4.305242729836900e-03	4.365158322401661e-03
766	4.235950410045208e-03	4.265795188015926e-03
768	4.100954745831165e-03	4.168693834703355e-03
769	4.029547676193013e-03	4.073802778041126e-03
781	3.899810648913427e-03	3.981071705534973e-03
783	3.728950073958903e-03	3.801893963205613e-03
796	3.685647375388013e-03	3.715352290971724e-03
812	3.599207486857159e-03	3.630780547701014e-03
819	3.546269168731242e-03	3.548133892335753e-03
821	3.357332742913721e-03	3.388441561392024e-03
831	3.299219003746856e-03	3.311311214825911e-03
838	3.157212280025079e-03	3.162277660168379e-03
849	3.064939454881066e-03	3.090295432513592e-03
851	2.913691711631250e-03	2.951209226666387e-03
864	2.868182993540858e-03	2.884031503126605e-03
874	2.762443513091628e-03	2.818382931264455e-03
878	2.709698911179670e-03	2.754228703338166e-03
882	2.608830933417350e-03	2.630267991895381e-03
883	2.526766662729885e-03	2.570395782768865e-03
888	2.504829910492168e-03	2.511886431509579e-03
901	2.413427395616119e-03	2.454708915685031e-03
905	2.390928700015116e-03	2.398832919019490e-03
907	2.302981390607362e-03	2.344228815319923e-03
912	2.289984075280804e-03	2.290867652767772e-03
915	2.193931929743820e-03	2.238721138568340e-03
916	2.136849629678084e-03	2.137962089502233e-03
920	2.068817518984245e-03	2.089296130854039e-03
937	2.037461594892376e-03	2.041737944669530e-03
944	1.990498893557402e-03	1.995262314968879e-03
967	1.948859363217204e-03	1.949844599758046e-03
973	1.852439327808542e-03	1.862087136662868e-03
982	1.818692650885412e-03	1.819700858609983e-03
991	1.735085476942566e-03	1.737800828749376e-03
1002	1.678257220649515e-03	1.698243652461744e-03
1006	1.635843343773868e-03	1.659586907437561e-03
1007	1.605559275940638e-03	1.621810097358930e-03
1013	1.545974784222692e-03	1.548816618912481e-03
1021	1.495217611661492e-03	1.513561248436209e-03
1035	1.463460995248522e-03	1.479108388168207e-03
1042	1.443302168161797e-03	1.445439770745928e-03
1053	1.409157577739184e-03	1.412537544622754e-03
1064	1.331524299261866e-03	1.348962882591653e-03
1066	1.273742142915757e-03	1.288249551693134e-03
1076	1.242015228556048e-03	1.258925411794167e-03
1077	1.207193657188022e-03	1.230268770812381e-03
1078	1.202001855080459e-03	1.202264434617413e-03
1102	1.136889788618367e-03	1.148153621496883e-03
1103	1.078156395583396e-03	1.096478196143185e-03
1104	1.061642206833024e-03	1.071519305237606e-03
1108	1.043001875472349e-03	1.047128548050900e-03
1109	1.014055371392542e-03	1.023292992280754e-03
1112	9.708092357253451e-04	9.772372209558111e-04
1138	9.511103477010119e-04	9.549925860214359e-04
1154	9.314407269095382e-04	9.332543007969915e-04
1161	8.961421140641912e-04	9.120108393559096e-04
1168	8.883319346061347e-04	8.912509381337459e-04
1185	8.708806265937952e-04	8.709635899560805e-04
1189	8.365600532527218e-04	8.511380382023768e-04
1198	8.287580399451988e-04	8.317637711026709e-04
1204	8.027513005741671e-04	8.128305161640995e-04
1207	7.759667946382054e-04	7.762471166286919e-04
1209	7.257644163044530e-04	7.413102413009177e-04
1210	7.202417049620990e-04	7.244359600749898e-04
1226	6.973820842246514e-04	7.079457843841380e-04
1230	6.607167789156598e-04	6.760829753919819e-04
1232	6.581451714834374e-04	6.606934480075957e-04
1252	6.429868414046247e-04	6.456542290346556e-04
1269	6.305466905587309e-04	6.309573444801930e-04
1286	6.165601333557591e-04	6.165950018614823e-04
1301	6.003628238711034e-04	6.025595860743575e-04
1311	5.885127252804878e-04	5.888436553555889e-04
1328	5.710301273302854e-04	5.754399373371566e-04
1339	5.587488467312385e-04	5.623413251903491e-04
1353	5.372122183503469e-04	5.495408738576248e-04
1354	5.352919550688506e-04	5.370317963702527e-04
1364	5.237402364116628e-04	5.248074602497728e-04
1376	4.980844795071659e-04	5.011872336272725e-04
1386	4.888584216142799e-04	4.897788193684461e-04
1396	4.674168389361411e-04	4.677351412871981e-04
1397	4.566141141190139e-04	4.570881896148752e-04
1402	4.465110610036849e-04	4.466835921509630e-04
1419	4.335283899425946e-04	4.365158322401661e-04
1420	4.223943349106474e-04	4.265795188015926e-04
1423	3.935963201219250e-04	3.981071705534974e-04
1439	3.883613374827677e-04	3.890451449942805e-04
1457	3.766903987804104e-04	3.801893963205612e-04
1461	3.493725334940967e-04	3.548133892335753e-04
1469	3.458875698078012e-04	3.467368504525317e-04
1494	3.315809729569352e-04	3.388441561392024e-04
1495	3.270791968003062e-04	3.311311214825911e-04
1500	3.227320771220787e-04	3.235936569296281e-04
1502	3.158858641041373e-04	3.162277660168379e-04
1507	3.070106464152511e-04	3.090295432513592e-04
1511	3.018008172762654e-04	3.019951720402016e-04
1522	2.943525415737280e-04	2.951209226666387e-04
1534	2.735676609554316e-04	2.754228703338166e-04
1558	2.628668227967479e-04	2.630267991895381e-04
1560	2.545751910935090e-04	2.570395782768865e-04
1561	2.491997782330113e-04	2.511886431509580e-04
1575	2.449142005522820e-04	2.454708915685031e-04
1598	2.374349114283580e-04	2.398832919019490e-04
1605	2.326269946507642e-04	2.344228815319923e-04
1613	2.284935759623297e-04	2.290867652767772e-04
1620	2.232097658707577e-04	2.238721138568340e-04
1628	2.183762211304119e-04	2.187761623949552e-04
1648	2.130997832061610e-04	2.137962089502232e-04
1663	2.088106605360185e-04	2.089296130854039e-04
1676	2.038202016071411e-04	2.041737944669530e-04
1690	1.991499877256331e-04	1.995262314968879e-04
1700	1.949545828145993e-04	1.949844599758046e-04
1716	1.901950687724918e-04	1.905460717963246e-04
1746	1.861007112604618e-04	1.862087136662868e-04
1777	1.818021256791980e-04	1.819700858609983e-04
1783	1.771233809022554e-04	1.778279410038923e-04
1801	1.735353214161739e-04	1.737800828749376e-04
1815	1.689804989005728e-04	1.698243652461744e-04
1829	1.657577921884146e-04	1.659586907437562e-04
1864	1.613736670482702e-04	1.621810097358930e-04
1893	1.575365861906652e-04	1.584893192461114e-04
1903	1.548457999336339e-04	1.548816618912481e-04
1933	1.513470252254567e-04	1.513561248436209e-04
1954	1.476070947999952e-04	1.479108388168207e-04
1973	1.442414870193032e-04	1.445439770745928e-04
1977	1.382842076247393e-04	1.412537544622754e-04
1982	1.380221110980351e-04	1.380384264602885e-04
2000	1.345505999810204e-04	1.348962882591653e-04
2001	1.336529265473230e-04	1.348962882591653e-04
%
% index = 149, name = bbob_f002_i21_d02__bbob_f014_i22_d02
% instance = 10, reference value = 9.324458239162360e-01
% function evaluation | indicator value | target hit
1	1.363504814902353e+00	1.380384264602885e+00
323	8.585900526718988e-01	8.709635899560807e-01
331	6.871774976360705e-01	6.918309709189365e-01
414	3.344204577734448e-01	3.388441561392025e-01
426	3.157714246097226e-01	3.162277660168379e-01
470	1.687723103940819e-01	1.698243652461744e-01
498	1.335971753749311e-01	1.348962882591654e-01
528	1.303127007102645e-01	1.318256738556407e-01
529	1.216630332735121e-01	1.230268770812381e-01
556	1.048462575823941e-01	1.071519305237607e-01
557	1.046431845351335e-01	1.047128548050900e-01
565	9.739101919273396e-02	9.772372209558107e-02
574	7.931773803131681e-02	7.943282347242814e-02
581	6.898381523192776e-02	6.918309709189366e-02
604	6.358837260783345e-02	6.456542290346556e-02
605	6.307383569231317e-02	6.309573444801933e-02
610	5.739860293130483e-02	5.754399373371569e-02
640	5.479521464946446e-02	5.495408738576246e-02
641	5.273022131766192e-02	5.370317963702527e-02
646	4.778099940730218e-02	4.786300923226382e-02
654	4.665333875694733e-02	4.677351412871981e-02
672	4.319977415062137e-02	4.365158322401658e-02
674	4.152717612273393e-02	4.168693834703355e-02
678	3.956624583025348e-02	3.981071705534973e-02
746	3.828302540805539e-02	3.890451449942807e-02
752	3.197265911367630e-02	3.235936569296283e-02
753	2.985321221440318e-02	3.019951720402016e-02
760	2.947024094969053e-02	2.951209226666385e-02
785	2.810936683053866e-02	2.818382931264454e-02
802	2.744324473871784e-02	2.754228703338166e-02
809	2.358505571867797e-02	2.398832919019490e-02
820	2.121290034990098e-02	2.137962089502233e-02
838	2.057775402724449e-02	2.089296130854040e-02
846	2.027497104467546e-02	2.041737944669529e-02
853	1.944329418557555e-02	1.949844599758046e-02
880	1.904888537789051e-02	1.905460717963247e-02
903	1.860745721247226e-02	1.862087136662868e-02
919	1.797189374903674e-02	1.819700858609984e-02
931	1.773919223125731e-02	1.778279410038923e-02
952	1.737563299600831e-02	1.737800828749375e-02
970	1.647599790691301e-02	1.659586907437561e-02
980	1.611105551656711e-02	1.621810097358930e-02
986	1.574969617260058e-02	1.584893192461113e-02
1007	1.541930129513391e-02	1.548816618912481e-02
1026	1.446115562585881e-02	1.479108388168207e-02
1027	1.432671570784150e-02	1.445439770745927e-02
1039	1.404039206550678e-02	1.412537544622754e-02
1056	1.378325640896461e-02	1.380384264602885e-02
1070	1.330241198244053e-02	1.348962882591653e-02
1089	1.316891155837818e-02	1.318256738556407e-02
1092	1.248511053505341e-02	1.258925411794167e-02
1093	1.225939026864775e-02	1.230268770812382e-02
1109	1.201651611735155e-02	1.202264434617413e-02
1112	1.172620021635851e-02	1.174897554939530e-02
1137	1.006826400775040e-02	1.023292992280754e-02
1144	8.837592228426616e-03	8.912509381337459e-03
1155	8.685345954608126e-03	8.709635899560805e-03
1171	8.502232365542373e-03	8.511380382023767e-03
1172	8.156992000788565e-03	8.317637711026709e-03
1173	7.610782073971145e-03	7.762471166286920e-03
1180	7.581902201119539e-03	7.585775750291836e-03
1196	6.949991739274575e-03	7.079457843841380e-03
1204	6.263585370031799e-03	6.309573444801930e-03
1236	4.603994267768807e-03	4.677351412871981e-03
1237	4.556566997606759e-03	4.570881896148752e-03
1243	4.463115454393596e-03	4.466835921509630e-03
1257	4.306211937519788e-03	4.365158322401661e-03
1262	4.249836619658498e-03	4.265795188015926e-03
1278	4.136877565119712e-03	4.168693834703355e-03
1293	4.044165138311739e-03	4.073802778041126e-03
1299	3.948074245655464e-03	3.981071705534973e-03
1310	3.881592840311754e-03	3.890451449942805e-03
1329	3.779958860109622e-03	3.801893963205613e-03
1333	3.710912514735987e-03	3.715352290971724e-03
1348	3.342126540461288e-03	3.388441561392024e-03
1360	2.601232652898466e-03	2.630267991895381e-03
1361	2.341957797902139e-03	2.344228815319923e-03
1372	2.281335781854188e-03	2.290867652767772e-03
1377	2.236202493623551e-03	2.238721138568340e-03
1396	2.180677074586024e-03	2.187761623949552e-03
1399	2.128331545556250e-03	2.137962089502233e-03
1413	2.088094314800948e-03	2.089296130854039e-03
1428	2.039446296226655e-03	2.041737944669530e-03
1436	1.960499371133073e-03	1.995262314968879e-03
1437	1.939736057075092e-03	1.949844599758046e-03
1456	1.903773411519372e-03	1.905460717963246e-03
1485	1.845997221952667e-03	1.862087136662868e-03
1499	1.813863284705231e-03	1.819700858609983e-03
1528	1.776157903969011e-03	1.778279410038923e-03
1549	1.736768648533893e-03	1.737800828749376e-03
1572	1.696423613801401e-03	1.698243652461744e-03
1588	1.654211490322632e-03	1.659586907437561e-03
1617	1.621414456898007e-03	1.621810097358930e-03
1648	1.581970758799622e-03	1.584893192461114e-03
1667	1.265011143162242e-03	1.288249551693134e-03
1677	1.251925326730352e-03	1.258925411794167e-03
1694	1.218543688223384e-03	1.230268770812381e-03
1729	1.198353590643353e-03	1.202264434617413e-03
1759	1.144964766729650e-03	1.148153621496883e-03
1798	1.117579914315492e-03	1.122018454301963e-03
1821	1.060578035768422e-03	1.071519305237606e-03
1829	1.043973808232734e-03	1.047128548050900e-03
1855	1.018669139271955e-03	1.023292992280754e-03
1884	9.529376907129183e-04	9.549925860214359e-04
1913	9.328940307875566e-04	9.332543007969915e-04
1935	9.112050837583041e-04	9.120108393559096e-04
1964	8.891005715944145e-04	8.912509381337459e-04
1972	8.645613804939556e-04	8.709635899560805e-04
1990	8.501118056634116e-04	8.511380382023768e-04
2001	8.372632195748908e-04	8.511380382023768e-04
