%
% index = 170, name = bbob_f002_i02_d02__bbob_f020_i04_d02
% instance = 1, reference value = 9.692048671402220e-01
% function evaluation | indicator value | target hit
1	3.249946223728951e-01	3.311311214825911e-01
193	2.471725376346305e-01	2.511886431509580e-01
278	2.453139923154850e-01	2.454708915685030e-01
290	2.311007619507238e-01	2.344228815319922e-01
291	2.024833721960201e-01	2.041737944669530e-01
333	1.925468356493182e-01	1.949844599758045e-01
343	1.386528301382287e-01	1.412537544622754e-01
358	1.363363126756318e-01	1.380384264602885e-01
389	1.307629570690381e-01	1.318256738556407e-01
392	1.119256849306516e-01	1.122018454301964e-01
404	9.537011885453250e-02	9.549925860214359e-02
454	9.329703863014260e-02	9.332543007969910e-02
463	6.329499482997636e-02	6.456542290346556e-02
466	6.221741920777935e-02	6.309573444801933e-02
467	5.982338254521713e-02	6.025595860743578e-02
471	5.818181710402026e-02	5.888436553555890e-02
472	5.160795965906806e-02	5.248074602497726e-02
473	5.074283642183686e-02	5.128613839913648e-02
505	4.823476575961450e-02	4.897788193684462e-02
510	4.776422691953597e-02	4.786300923226382e-02
541	4.280713760475874e-02	4.365158322401658e-02
554	4.242482628276967e-02	4.265795188015926e-02
558	2.788245447408899e-02	2.818382931264454e-02
559	2.627279607866539e-02	2.630267991895381e-02
569	2.510274166409687e-02	2.511886431509579e-02
573	2.215587348897485e-02	2.238721138568340e-02
574	2.105938847414734e-02	2.137962089502233e-02
575	1.600523489118366e-02	1.621810097358930e-02
608	1.584420468379988e-02	1.584893192461113e-02
613	1.544843467003676e-02	1.548816618912481e-02
618	1.509646821578403e-02	1.513561248436208e-02
622	1.453548073981459e-02	1.479108388168207e-02
625	1.430281567898184e-02	1.445439770745927e-02
633	1.399421303215975e-02	1.412537544622754e-02
640	1.377846115708681e-02	1.380384264602885e-02
662	1.341699605736646e-02	1.348962882591653e-02
663	8.191267192966256e-03	8.317637711026709e-03
668	6.915699517625273e-03	6.918309709189363e-03
669	6.760250242850097e-03	6.760829753919818e-03
674	6.504575181061290e-03	6.606934480075957e-03
681	6.243852560443797e-03	6.309573444801930e-03
684	5.963180418432579e-03	6.025595860743574e-03
688	5.801208924087531e-03	5.888436553555890e-03
692	5.729179961067477e-03	5.754399373371567e-03
699	4.754586459126076e-03	4.786300923226385e-03
704	4.578774294980104e-03	4.677351412871981e-03
708	4.486386892139538e-03	4.570881896148752e-03
711	4.235978444201871e-03	4.265795188015926e-03
717	4.135368370467130e-03	4.168693834703355e-03
723	3.659126780957145e-03	3.715352290971724e-03
728	3.483538867742997e-03	3.548133892335753e-03
731	3.244480929515570e-03	3.311311214825911e-03
732	3.179692761690944e-03	3.235936569296281e-03
733	3.144113413896310e-03	3.162277660168379e-03
734	3.032725061008823e-03	3.090295432513592e-03
736	3.012396470095657e-03	3.019951720402016e-03
744	2.939993383801354e-03	2.951209226666387e-03
750	2.869676102563390e-03	2.884031503126605e-03
754	2.813315500920455e-03	2.818382931264455e-03
755	2.665990319847933e-03	2.691534803926917e-03
757	2.627027259565762e-03	2.630267991895381e-03
758	2.444639245795854e-03	2.454708915685031e-03
760	2.393775101366735e-03	2.398832919019490e-03
767	2.330546671499012e-03	2.344228815319923e-03
776	2.265297656488863e-03	2.290867652767772e-03
780	2.237509825255612e-03	2.238721138568340e-03
792	2.151496551950460e-03	2.187761623949552e-03
793	2.042117151942580e-03	2.089296130854039e-03
794	2.034567382944608e-03	2.041737944669530e-03
803	1.990432597353986e-03	1.995262314968879e-03
808	1.926061306748994e-03	1.949844599758046e-03
812	1.830886297299328e-03	1.862087136662868e-03
814	1.814454798222065e-03	1.819700858609983e-03
822	1.759361884921207e-03	1.778279410038923e-03
833	1.729744715758930e-03	1.737800828749376e-03
840	1.567123521853953e-03	1.584893192461114e-03
846	1.543953233539619e-03	1.548816618912481e-03
856	1.506606455493498e-03	1.513561248436209e-03
864	1.464721061875673e-03	1.479108388168207e-03
869	1.442836639661493e-03	1.445439770745928e-03
873	1.400285526344636e-03	1.412537544622754e-03
874	1.367488869826960e-03	1.380384264602885e-03
878	1.342019647733950e-03	1.348962882591653e-03
880	1.295646859357236e-03	1.318256738556408e-03
881	1.284851609893112e-03	1.288249551693134e-03
893	1.245596750630962e-03	1.258925411794167e-03
899	1.229138260654628e-03	1.230268770812381e-03
908	1.185407005926509e-03	1.202264434617413e-03
911	1.118879906404135e-03	1.122018454301963e-03
918	1.081633710677932e-03	1.096478196143185e-03
919	1.041688421619891e-03	1.047128548050900e-03
926	1.016001170731529e-03	1.023292992280754e-03
932	9.995542215999187e-04	1.000000000000000e-03
950	9.755491118268456e-04	9.772372209558111e-04
956	9.542832878600693e-04	9.549925860214359e-04
967	9.331925612823255e-04	9.332543007969915e-04
980	9.114522519113599e-04	9.120108393559096e-04
986	8.848451700622650e-04	8.912509381337459e-04
999	8.697023033288342e-04	8.709635899560805e-04
1014	8.510781385828725e-04	8.511380382023768e-04
1032	8.310877276281881e-04	8.317637711026709e-04
1036	7.972093492575327e-04	8.128305161640995e-04
1038	7.938387898166477e-04	7.943282347242813e-04
1051	7.758539259093977e-04	7.762471166286919e-04
1065	7.503362186265239e-04	7.585775750291835e-04
1071	7.395069571519697e-04	7.413102413009177e-04
1074	6.854587592786121e-04	6.918309709189362e-04
1087	6.758711149843499e-04	6.760829753919819e-04
1098	6.599016889083931e-04	6.606934480075957e-04
1117	6.452357438853085e-04	6.456542290346556e-04
1131	6.308596441526593e-04	6.309573444801930e-04
1137	6.141861107303859e-04	6.165950018614823e-04
1153	5.718549075417467e-04	5.754399373371566e-04
1168	5.621409761874530e-04	5.623413251903491e-04
1173	5.292541059598310e-04	5.370317963702527e-04
1177	5.233312585158911e-04	5.248074602497728e-04
1201	5.125466142231749e-04	5.128613839913648e-04
1229	5.010809081661405e-04	5.011872336272725e-04
1256	4.740066624627781e-04	4.786300923226385e-04
1273	4.667651013711138e-04	4.677351412871981e-04
1288	4.565253988774165e-04	4.570881896148752e-04
1311	4.448909093429654e-04	4.466835921509630e-04
1328	4.344020155573336e-04	4.365158322401661e-04
1346	4.245671389481176e-04	4.265795188015926e-04
1373	4.168006660278945e-04	4.168693834703355e-04
1398	4.070091966189571e-04	4.073802778041126e-04
1432	3.980950759804314e-04	3.981071705534974e-04
1474	3.870119553007756e-04	3.890451449942805e-04
1491	3.801266877363485e-04	3.801893963205612e-04
1508	3.714800639140758e-04	3.715352290971724e-04
1547	3.624061602622852e-04	3.630780547701014e-04
1572	3.530098453737862e-04	3.548133892335753e-04
1610	3.467190546624366e-04	3.467368504525317e-04
1667	3.381076867297050e-04	3.388441561392024e-04
1714	3.311128536860330e-04	3.311311214825911e-04
1797	3.018751224626026e-04	3.019951720402016e-04
1847	2.888301620872502e-04	2.951209226666387e-04
1850	2.883787713573449e-04	2.884031503126605e-04
1906	2.816769692672860e-04	2.818382931264455e-04
1954	2.753734780746031e-04	2.754228703338166e-04
1961	2.420292748145370e-04	2.454708915685031e-04
2001	2.401025517707600e-04	2.454708915685031e-04
%
% index = 171, name = bbob_f002_i03_d02__bbob_f020_i05_d02
% instance = 2, reference value = 9.534095338964780e-01
% function evaluation | indicator value | target hit
1	4.277069897799211e-01	4.365158322401660e-01
174	4.005035239365463e-01	4.073802778041127e-01
236	2.632333235928160e-01	2.691534803926916e-01
257	1.759148767748465e-01	1.778279410038923e-01
263	1.654849924244087e-01	1.659586907437560e-01
286	1.521980623117437e-01	1.548816618912481e-01
303	1.408841456225259e-01	1.412537544622754e-01
307	1.161561340674596e-01	1.174897554939529e-01
311	1.032713097444550e-01	1.047128548050900e-01
319	9.258977462816798e-02	9.332543007969910e-02
325	7.083526477347057e-02	7.244359600749903e-02
332	7.060322428164700e-02	7.079457843841380e-02
337	6.906840328992003e-02	6.918309709189366e-02
361	6.683068525787739e-02	6.760829753919818e-02
364	6.351374196695525e-02	6.456542290346556e-02
390	6.298986567137754e-02	6.309573444801933e-02
402	5.205240283605161e-02	5.248074602497726e-02
403	4.012217847041544e-02	4.073802778041128e-02
410	3.914588535978969e-02	3.981071705534973e-02
413	3.837761990575794e-02	3.890451449942807e-02
416	3.678676376929479e-02	3.715352290971726e-02
423	3.318329838308631e-02	3.388441561392026e-02
429	3.310070581141122e-02	3.311311214825911e-02
450	3.173426591493622e-02	3.235936569296283e-02
451	3.115002202975459e-02	3.162277660168379e-02
462	3.020569492635128e-02	3.090295432513590e-02
484	2.991945247350924e-02	3.019951720402016e-02
490	2.458915128341244e-02	2.511886431509579e-02
502	2.154921292400180e-02	2.187761623949553e-02
503	2.101865746097453e-02	2.137962089502233e-02
506	2.037679804231463e-02	2.041737944669529e-02
510	1.985536233358154e-02	1.995262314968880e-02
511	1.710040731230522e-02	1.737800828749375e-02
517	1.697472655944565e-02	1.698243652461744e-02
519	1.651559887212928e-02	1.659586907437561e-02
521	1.424244451540446e-02	1.445439770745927e-02
529	1.262189072932440e-02	1.288249551693134e-02
534	1.252686170648998e-02	1.258925411794167e-02
538	1.173913112642766e-02	1.174897554939530e-02
539	1.109251108209108e-02	1.122018454301964e-02
542	1.086049647060439e-02	1.096478196143185e-02
553	1.071121466772873e-02	1.071519305237606e-02
554	1.002498804763263e-02	1.023292992280754e-02
555	9.730704322113093e-03	9.772372209558112e-03
556	9.526426966259716e-03	9.549925860214359e-03
568	9.307406455922651e-03	9.332543007969915e-03
576	8.435651289925739e-03	8.511380382023767e-03
582	7.345885766776639e-03	7.413102413009177e-03
591	7.204159931797127e-03	7.244359600749898e-03
598	6.923922824450091e-03	7.079457843841380e-03
599	6.712373980067743e-03	6.760829753919818e-03
606	6.413836758460079e-03	6.456542290346556e-03
613	6.300896049357796e-03	6.309573444801930e-03
619	6.140577931304736e-03	6.165950018614822e-03
622	5.992443342663134e-03	6.025595860743574e-03
634	5.611502382190769e-03	5.623413251903491e-03
640	5.466531072753855e-03	5.495408738576248e-03
647	5.299522391981282e-03	5.370317963702527e-03
651	5.241137090029269e-03	5.248074602497728e-03
659	5.122682417494584e-03	5.128613839913648e-03
668	4.955648908334109e-03	5.011872336272725e-03
669	4.855145849621212e-03	4.897788193684461e-03
678	4.777979782541686e-03	4.786300923226385e-03
680	4.669858817286765e-03	4.677351412871981e-03
693	4.554896285511645e-03	4.570881896148752e-03
700	4.464207638944839e-03	4.466835921509630e-03
702	4.312608964696318e-03	4.365158322401661e-03
704	4.197057817756367e-03	4.265795188015926e-03
707	4.166126574188467e-03	4.168693834703355e-03
715	3.952435327518655e-03	3.981071705534973e-03
717	3.794093856690828e-03	3.801893963205613e-03
724	3.492493988197620e-03	3.548133892335753e-03
726	3.423839588241995e-03	3.467368504525317e-03
727	3.340326067252986e-03	3.388441561392024e-03
729	3.253757485993658e-03	3.311311214825911e-03
740	3.203857426616552e-03	3.235936569296281e-03
743	3.153654407277551e-03	3.162277660168379e-03
746	3.072878111471167e-03	3.090295432513592e-03
753	3.019602599860449e-03	3.019951720402016e-03
754	2.762231353888089e-03	2.818382931264455e-03
755	2.733017528355197e-03	2.754228703338166e-03
758	2.690330505857208e-03	2.691534803926917e-03
762	2.624067671073260e-03	2.630267991895381e-03
771	2.568618767067266e-03	2.570395782768865e-03
778	2.510597444631557e-03	2.511886431509579e-03
787	2.433626687063706e-03	2.454708915685031e-03
793	2.374106257376885e-03	2.398832919019490e-03
801	2.342974072386816e-03	2.344228815319923e-03
810	2.234643475065190e-03	2.238721138568340e-03
813	2.185969507925489e-03	2.187761623949552e-03
826	2.132373651797415e-03	2.137962089502233e-03
834	2.086599940257616e-03	2.089296130854039e-03
836	1.987667871365839e-03	1.995262314968879e-03
840	1.946967842851866e-03	1.949844599758046e-03
846	1.888807720841212e-03	1.905460717963246e-03
853	1.852627341814572e-03	1.862087136662868e-03
856	1.756137909852185e-03	1.778279410038923e-03
857	1.713661525982735e-03	1.737800828749376e-03
859	1.689646051866500e-03	1.698243652461744e-03
865	1.603544544725666e-03	1.621810097358930e-03
869	1.574443913706536e-03	1.584893192461114e-03
874	1.535036275859269e-03	1.548816618912481e-03
877	1.504963425446371e-03	1.513561248436209e-03
881	1.477202919222487e-03	1.479108388168207e-03
890	1.407931150974373e-03	1.412537544622754e-03
904	1.379409885638005e-03	1.380384264602885e-03
909	1.347535848726933e-03	1.348962882591653e-03
917	1.177707264185757e-03	1.202264434617413e-03
920	1.173642850696877e-03	1.174897554939529e-03
931	1.147984268985880e-03	1.148153621496883e-03
941	1.104776533380258e-03	1.122018454301963e-03
953	1.096260684240069e-03	1.096478196143185e-03
970	1.071113527788659e-03	1.071519305237606e-03
984	1.044997018029403e-03	1.047128548050900e-03
1003	1.023187686385429e-03	1.023292992280754e-03
1017	9.947194848517471e-04	1.000000000000000e-03
1033	9.763426725851732e-04	9.772372209558111e-04
1042	9.438420147833693e-04	9.549925860214359e-04
1050	9.327316062476276e-04	9.332543007969915e-04
1066	9.115548040349308e-04	9.120108393559096e-04
1092	8.893082644708672e-04	8.912509381337459e-04
1113	8.701681865121991e-04	8.709635899560805e-04
1135	8.480216346553604e-04	8.511380382023768e-04
1159	8.315448895136468e-04	8.317637711026709e-04
1191	8.114005111217182e-04	8.128305161640995e-04
1219	7.919815987160739e-04	7.943282347242813e-04
1247	7.675838126817158e-04	7.762471166286919e-04
1259	7.580219667743249e-04	7.585775750291835e-04
1261	7.302582630238641e-04	7.413102413009177e-04
1269	7.166518854990755e-04	7.244359600749898e-04
1296	7.049816655937402e-04	7.079457843841380e-04
1307	6.910160135183974e-04	6.918309709189362e-04
1347	6.752570261500113e-04	6.760829753919819e-04
1372	6.465728044349195e-04	6.606934480075957e-04
1380	6.450730053240150e-04	6.456542290346556e-04
1408	6.302168564388255e-04	6.309573444801930e-04
1427	6.136812271463343e-04	6.165950018614823e-04
1449	6.023404096165974e-04	6.025595860743575e-04
1506	5.823767974967309e-04	5.888436553555889e-04
1541	5.753062614992643e-04	5.754399373371566e-04
1583	5.622684219489527e-04	5.623413251903491e-04
1644	5.492635213071306e-04	5.495408738576248e-04
1656	5.367067962485095e-04	5.370317963702527e-04
1692	5.243872041151842e-04	5.248074602497728e-04
1783	5.126828695518615e-04	5.128613839913648e-04
1864	5.010704452322878e-04	5.011872336272725e-04
1931	4.893067507013571e-04	4.897788193684461e-04
1965	4.776327989221008e-04	4.786300923226385e-04
1973	4.340190789197118e-04	4.365158322401661e-04
1999	4.162552007225262e-04	4.168693834703355e-04
2001	4.161693156197188e-04	4.168693834703355e-04
%
% index = 172, name = bbob_f002_i07_d02__bbob_f020_i08_d02
% instance = 3, reference value = 9.994034665234370e-01
% function evaluation | indicator value | target hit
1	7.928279543421115e+02	7.943282347242813e+02
185	7.484377729721394e+02	7.585775750291835e+02
212	6.842314907867966e+02	6.918309709189363e+02
219	7.313599678804950e+01	7.413102413009177e+01
390	6.264491988366508e+01	6.309573444801933e+01
391	5.587566035242103e+01	5.623413251903491e+01
406	5.331497359420107e+01	5.370317963702527e+01
476	2.108891369824745e-01	2.137962089502232e-01
614	1.033375273300701e-01	1.047128548050900e-01
620	3.273314678884620e-02	3.311311214825911e-02
753	3.039559122902036e-02	3.090295432513590e-02
766	1.229650786995062e-02	1.230268770812382e-02
770	9.407913097865817e-03	9.549925860214359e-03
891	9.116288208313117e-03	9.120108393559097e-03
903	8.083489029944713e-03	8.128305161640995e-03
920	7.756958052052454e-03	7.762471166286920e-03
1012	6.802402851508793e-03	6.918309709189363e-03
1016	4.371595172519060e-03	4.466835921509630e-03
1056	4.124438218876425e-03	4.168693834703355e-03
1112	4.040989293455088e-03	4.073802778041126e-03
1121	3.959218412508569e-03	3.981071705534973e-03
1232	3.867603826241073e-03	3.890451449942805e-03
1361	3.796841414698604e-03	3.801893963205613e-03
2001	3.769149420432716e-03	3.801893963205613e-03
%
% index = 173, name = bbob_f002_i09_d02__bbob_f020_i10_d02
% instance = 4, reference value = 9.900149333579240e-01
% function evaluation | indicator value | target hit
1	1.086177848927843e+01	1.096478196143185e+01
223	8.871057238135924e+00	8.912509381337454e+00
256	7.395025234063923e+00	7.413102413009175e+00
272	6.851818279109423e+00	6.918309709189364e+00
302	1.605093116251424e+00	1.621810097358930e+00
329	5.536035611154630e-01	5.623413251903491e-01
365	5.414351911196840e-01	5.495408738576245e-01
403	1.495966547712335e-01	1.513561248436208e-01
423	1.423147438262250e-01	1.445439770745928e-01
424	1.401790086414353e-01	1.412537544622754e-01
425	1.344411089293430e-01	1.348962882591654e-01
440	1.191037983045020e-01	1.202264434617413e-01
506	8.802913338450225e-02	8.912509381337455e-02
552	3.178280383388321e-02	3.235936569296283e-02
553	3.156952164148363e-02	3.162277660168379e-02
561	2.661182460264899e-02	2.691534803926915e-02
562	2.538559740313007e-02	2.570395782768863e-02
574	2.295977303646635e-02	2.344228815319923e-02
584	2.206195467127459e-02	2.238721138568340e-02
600	2.184898140674896e-02	2.187761623949553e-02
615	2.023488993587075e-02	2.041737944669529e-02
642	1.898301166294114e-02	1.905460717963247e-02
652	1.845939583869582e-02	1.862087136662868e-02
660	1.628141566848085e-02	1.659586907437561e-02
665	1.559663678297252e-02	1.584893192461113e-02
666	1.392678249818080e-02	1.412537544622754e-02
667	1.303417296742437e-02	1.318256738556407e-02
682	1.208999249008624e-02	1.230268770812382e-02
683	1.147866049559654e-02	1.148153621496883e-02
695	9.916175963566864e-03	1.000000000000000e-02
708	7.693499544802362e-03	7.762471166286920e-03
709	7.440114122064800e-03	7.585775750291836e-03
711	7.132910599526920e-03	7.244359600749898e-03
732	6.969347806616399e-03	7.079457843841380e-03
748	6.905427697150857e-03	6.918309709189363e-03
758	6.423817627139949e-03	6.456542290346556e-03
759	6.079259513599000e-03	6.165950018614822e-03
770	5.930794725880650e-03	6.025595860743574e-03
778	5.881989827189349e-03	5.888436553555890e-03
793	5.550610094855024e-03	5.623413251903491e-03
801	4.979340263534748e-03	5.011872336272725e-03
804	4.517072682233669e-03	4.570881896148752e-03
808	4.301946063610673e-03	4.365158322401661e-03
810	4.232454235944094e-03	4.265795188015926e-03
818	4.126851172413404e-03	4.168693834703355e-03
827	3.949764734765937e-03	3.981071705534973e-03
831	3.678313206692763e-03	3.715352290971724e-03
853	3.556161738169084e-03	3.630780547701014e-03
854	3.524396234295457e-03	3.548133892335753e-03
855	3.020621018727132e-03	3.090295432513592e-03
858	2.929290818913133e-03	2.951209226666387e-03
869	2.881804684881861e-03	2.884031503126605e-03
870	2.814302419383408e-03	2.818382931264455e-03
871	2.707317368683571e-03	2.754228703338166e-03
872	1.520651254778183e-03	1.548816618912481e-03
875	1.508290911717447e-03	1.513561248436209e-03
877	1.469657160115156e-03	1.479108388168207e-03
882	1.444165040401457e-03	1.445439770745928e-03
888	1.386479427221587e-03	1.412537544622754e-03
894	1.327018972051008e-03	1.348962882591653e-03
898	1.309854560940460e-03	1.318256738556408e-03
899	1.271222270149863e-03	1.288249551693134e-03
902	1.258190126730674e-03	1.258925411794167e-03
905	1.141147527866759e-03	1.148153621496883e-03
906	1.108043040584317e-03	1.122018454301963e-03
908	1.095303110771106e-03	1.096478196143185e-03
914	1.064374211053432e-03	1.071519305237606e-03
915	1.038151203313298e-03	1.047128548050900e-03
932	1.022531524795589e-03	1.023292992280754e-03
941	9.631308340414257e-04	9.772372209558111e-04
947	9.363268929859503e-04	9.549925860214359e-04
948	8.934900803194701e-04	9.120108393559096e-04
950	8.895319250329381e-04	8.912509381337459e-04
961	8.660125273680652e-04	8.709635899560805e-04
964	8.507085811612081e-04	8.511380382023768e-04
976	8.275855979893443e-04	8.317637711026709e-04
978	8.068130445778587e-04	8.128305161640995e-04
988	7.939206891359740e-04	7.943282347242813e-04
997	7.513924072098943e-04	7.585775750291835e-04
999	7.267248353952649e-04	7.413102413009177e-04
1000	7.155955365468758e-04	7.244359600749898e-04
1004	7.062294382230716e-04	7.079457843841380e-04
1011	6.865074483055622e-04	6.918309709189362e-04
1015	6.753612458634262e-04	6.760829753919819e-04
1034	6.528314543291502e-04	6.606934480075957e-04
1043	6.146439920596825e-04	6.165950018614823e-04
1054	6.013853035037320e-04	6.025595860743575e-04
1068	5.865476119020219e-04	5.888436553555889e-04
1082	5.742075864278995e-04	5.754399373371566e-04
1099	5.621035400155128e-04	5.623413251903491e-04
1107	5.493111707801646e-04	5.495408738576248e-04
1119	5.343704223673695e-04	5.370317963702527e-04
1132	5.141836405440081e-04	5.248074602497728e-04
1134	5.009665391939588e-04	5.011872336272725e-04
1158	4.861791070513988e-04	4.897788193684461e-04
1169	4.750132822157749e-04	4.786300923226385e-04
1194	4.675995136836919e-04	4.677351412871981e-04
1236	4.564147589257717e-04	4.570881896148752e-04
1244	4.447343218683120e-04	4.466835921509630e-04
1265	4.342883883282633e-04	4.365158322401661e-04
1276	4.252494342152913e-04	4.265795188015926e-04
1287	4.163801725498573e-04	4.168693834703355e-04
1333	4.070471850916579e-04	4.073802778041126e-04
1379	3.977972722419842e-04	3.981071705534974e-04
1425	3.889757340891364e-04	3.890451449942805e-04
1494	3.801400572175373e-04	3.801893963205612e-04
1546	3.709625730835553e-04	3.715352290971724e-04
1627	3.628906665131826e-04	3.630780547701014e-04
1700	3.547929054871224e-04	3.548133892335753e-04
1812	3.466387744092136e-04	3.467368504525317e-04
1921	3.387855455525557e-04	3.388441561392024e-04
2001	3.367862271163036e-04	3.388441561392024e-04
%
% index = 174, name = bbob_f002_i11_d02__bbob_f020_i12_d02
% instance = 5, reference value = 9.999353479516190e-01
% function evaluation | indicator value | target hit
1	5.952380222058619e+00	6.025595860743578e+00
64	8.592167721579173e-01	8.709635899560807e-01
303	8.115381644270724e-01	8.128305161640993e-01
402	3.247516430133163e-01	3.311311214825911e-01
406	1.550148412248877e-01	1.584893192461113e-01
438	1.399959587914609e-01	1.412537544622754e-01
452	4.692765908439067e-02	4.786300923226382e-02
571	1.102137794634650e-02	1.122018454301964e-02
582	4.944797673719137e-03	5.011872336272725e-03
593	4.636078269856792e-03	4.677351412871981e-03
612	4.337238427858270e-03	4.365158322401661e-03
617	2.260591939016510e-03	2.290867652767772e-03
633	1.992497962626794e-03	1.995262314968879e-03
643	1.894003876215522e-03	1.905460717963246e-03
680	9.483995723277294e-04	9.549925860214359e-04
681	8.227737159258730e-04	8.317637711026709e-04
683	7.523150642946286e-04	7.585775750291835e-04
703	7.391490517292265e-04	7.413102413009177e-04
726	3.904844695632459e-04	3.981071705534974e-04
743	3.792081691217364e-04	3.801893963205612e-04
764	2.860706884980635e-04	2.884031503126605e-04
772	2.592901272905346e-04	2.630267991895381e-04
790	2.403683726408534e-04	2.454708915685031e-04
791	2.384876267393921e-04	2.398832919019490e-04
800	1.821503170833516e-04	1.862087136662868e-04
816	1.752046425451681e-04	1.778279410038923e-04
825	1.079866989865952e-04	1.096478196143185e-04
834	9.166448526642945e-05	9.332543007969905e-05
839	9.100476131851387e-05	9.120108393559096e-05
846	8.775814943162707e-05	8.912509381337459e-05
852	8.680168833863355e-05	8.709635899560814e-05
872	6.544544804620855e-05	6.606934480075965e-05
885	6.429751970027375e-05	6.456542290346549e-05
886	5.839626291437305e-05	5.888436553555884e-05
917	5.487452500274603e-05	5.495408738576248e-05
951	4.466006947867474e-05	4.466835921509635e-05
958	4.234283909343439e-05	4.265795188015926e-05
968	4.000263210934829e-05	4.073802778041130e-05
995	3.975941148948170e-05	3.981071705534969e-05
1109	3.883992963060745e-05	3.890451449942805e-05
2001	3.870192144106444e-05	3.890451449942805e-05
%
% index = 175, name = bbob_f002_i13_d02__bbob_f020_i14_d02
% instance = 6, reference value = 9.998905141377150e-01
% function evaluation | indicator value | target hit
1	1.149970119642996e+01	1.174897554939530e+01
259	2.917697662637137e+00	2.951209226666386e+00
309	2.863596416098215e+00	2.884031503126606e+00
436	1.983524055545610e+00	1.995262314968880e+00
440	1.562813213468043e+00	1.584893192461114e+00
455	1.088389395317215e+00	1.096478196143185e+00
465	7.795377625734189e-01	7.943282347242815e-01
494	6.676888575833757e-01	6.760829753919817e-01
548	2.991251960445593e-01	3.019951720402016e-01
565	2.723765265998525e-01	2.754228703338166e-01
604	2.403555528559780e-01	2.454708915685030e-01
620	2.232867789717059e-01	2.238721138568339e-01
621	2.062174415175601e-01	2.089296130854039e-01
642	5.805701300437116e-03	5.888436553555890e-03
666	5.605732261488638e-03	5.623413251903491e-03
726	5.438636796076146e-03	5.495408738576248e-03
755	6.058976040800301e-04	6.165950018614823e-04
759	5.950619040244742e-04	6.025595860743575e-04
787	5.762293572724175e-04	5.888436553555889e-04
815	4.971019350424877e-04	5.011872336272725e-04
836	1.734878809463991e-04	1.737800828749376e-04
899	1.648208806193097e-04	1.659586907437562e-04
909	1.491997099717368e-04	1.513561248436209e-04
921	1.326702268061863e-04	1.348962882591653e-04
950	1.252275691084881e-04	1.258925411794167e-04
994	9.486003249958852e-05	9.549925860214369e-05
1214	8.858067117256674e-05	8.912509381337459e-05
1228	7.007029777794660e-05	7.079457843841373e-05
1295	5.726744124734395e-05	5.754399373371566e-05
1395	3.142081000107044e-05	3.162277660168380e-05
1414	3.049177126113189e-05	3.090295432513592e-05
1517	3.019394574910184e-05	3.019951720402019e-05
1529	2.803134844719946e-05	2.818382931264455e-05
1697	2.754096034951470e-05	2.754228703338169e-05
1858	2.674936310376186e-05	2.691534803926914e-05
2001	2.658418598744383e-05	2.691534803926914e-05
%
% index = 176, name = bbob_f002_i15_d02__bbob_f020_i16_d02
% instance = 7, reference value = 9.997227765701180e-01
% function evaluation | indicator value | target hit
1	1.003318150297129e+01	1.023292992280754e+01
4	9.393454649044601e+00	9.549925860214358e+00
211	9.007530193793908e+00	9.120108393559097e+00
245	5.384013474717516e+00	5.495408738576246e+00
303	2.127529597538027e+00	2.137962089502232e+00
318	3.224441811656734e-01	3.235936569296283e-01
370	1.356246336201223e-01	1.380384264602885e-01
383	9.873207199043221e-02	1.000000000000000e-01
457	8.685431869300531e-02	8.709635899560805e-02
523	8.505367729352231e-02	8.511380382023763e-02
538	8.142396463549451e-02	8.317637711026708e-02
560	7.755891771347545e-02	7.762471166286916e-02
571	6.404262915726266e-02	6.456542290346556e-02
578	6.160886131832422e-02	6.165950018614822e-02
579	4.025750757635560e-02	4.073802778041128e-02
592	3.980569534170986e-02	3.981071705534973e-02
596	1.211098240654152e-02	1.230268770812382e-02
618	6.557236746696504e-03	6.606934480075957e-03
644	6.393146704123165e-03	6.456542290346556e-03
668	5.263922201888871e-03	5.370317963702527e-03
679	2.448398907166527e-03	2.454708915685031e-03
707	2.397684206390083e-03	2.398832919019490e-03
709	2.113004167129007e-03	2.137962089502233e-03
715	1.507388346236760e-03	1.513561248436209e-03
718	1.398199436271952e-03	1.412537544622754e-03
741	5.376008454400782e-04	5.495408738576248e-04
793	5.101979694205339e-04	5.128613839913648e-04
894	1.108541409666763e-04	1.122018454301963e-04
935	1.095738694757431e-04	1.096478196143185e-04
1010	1.068903768903784e-04	1.071519305237606e-04
1376	1.045215253361320e-04	1.047128548050900e-04
1401	5.279265868352034e-05	5.370317963702532e-05
1472	5.237972126137524e-05	5.248074602497723e-05
1656	5.098422159799387e-05	5.128613839913648e-05
2001	5.039971129350285e-05	5.128613839913648e-05
%
% index = 177, name = bbob_f002_i17_d02__bbob_f020_i18_d02
% instance = 8, reference value = 9.795108763305160e-01
% function evaluation | indicator value | target hit
1	3.106109285196071e-01	3.162277660168379e-01
233	2.617766687317292e-01	2.630267991895382e-01
234	2.538127440248668e-01	2.570395782768864e-01
278	2.387604201108792e-01	2.398832919019490e-01
309	2.264272904958335e-01	2.290867652767773e-01
312	2.035006357578051e-01	2.041737944669530e-01
338	1.985628937514796e-01	1.995262314968880e-01
339	1.549633693305172e-01	1.584893192461113e-01
356	1.490263180415875e-01	1.513561248436208e-01
359	1.300372736240474e-01	1.318256738556407e-01
373	7.580064147240040e-02	7.585775750291836e-02
432	7.312944458308546e-02	7.413102413009177e-02
440	4.106734605803430e-02	4.168693834703355e-02
441	3.628173477596908e-02	3.630780547701014e-02
456	3.480537346580015e-02	3.548133892335755e-02
457	3.295313713775394e-02	3.311311214825911e-02
464	2.239561989323591e-02	2.290867652767773e-02
465	2.223010721257968e-02	2.238721138568340e-02
493	1.505813033466918e-02	1.513561248436208e-02
500	1.478376134771597e-02	1.479108388168207e-02
501	1.414358400796212e-02	1.445439770745927e-02
503	1.278088523580001e-02	1.288249551693134e-02
514	1.143284628596053e-02	1.148153621496883e-02
526	1.062680649968972e-02	1.071519305237606e-02
527	1.045372792184729e-02	1.047128548050900e-02
541	8.033771337380480e-03	8.128305161640995e-03
548	7.929861935740856e-03	7.943282347242814e-03
561	7.550645061374484e-03	7.585775750291836e-03
564	7.253987386541150e-03	7.413102413009177e-03
565	7.182159130991517e-03	7.244359600749898e-03
571	6.921231127081096e-03	7.079457843841380e-03
577	6.613515446964424e-03	6.760829753919818e-03
582	6.543214625462479e-03	6.606934480075957e-03
588	5.869742253145405e-03	5.888436553555890e-03
599	5.727221411884753e-03	5.754399373371567e-03
600	5.597546368731443e-03	5.623413251903491e-03
604	5.362907042835485e-03	5.370317963702527e-03
605	5.233503798763528e-03	5.248074602497728e-03
606	5.122130547779102e-03	5.128613839913648e-03
623	4.990895112761407e-03	5.011872336272725e-03
626	4.680997147955779e-03	4.786300923226385e-03
632	4.671159483539022e-03	4.677351412871981e-03
635	4.356800631234004e-03	4.365158322401661e-03
655	4.137135959947580e-03	4.168693834703355e-03
664	3.570485182969874e-03	3.630780547701014e-03
667	3.540249478349189e-03	3.548133892335753e-03
672	3.402891875737613e-03	3.467368504525317e-03
677	3.365456945607859e-03	3.388441561392024e-03
681	3.274396325054885e-03	3.311311214825911e-03
685	3.233053562612387e-03	3.235936569296281e-03
691	3.003759717584153e-03	3.019951720402016e-03
696	2.947638391068264e-03	2.951209226666387e-03
702	2.880538723663673e-03	2.884031503126605e-03
706	2.733326782383472e-03	2.754228703338166e-03
712	2.691275584578712e-03	2.691534803926917e-03
722	2.618139298676936e-03	2.630267991895381e-03
725	2.531712410761666e-03	2.570395782768865e-03
728	2.475573766021921e-03	2.511886431509579e-03
732	2.214770162514590e-03	2.238721138568340e-03
734	2.161689882193896e-03	2.187761623949552e-03
738	2.134680313851556e-03	2.137962089502233e-03
752	2.041634836576711e-03	2.041737944669530e-03
756	1.964614596692615e-03	1.995262314968879e-03
757	1.941941268004510e-03	1.949844599758046e-03
760	1.876255116907255e-03	1.905460717963246e-03
761	1.847711524212037e-03	1.862087136662868e-03
765	1.801313336178723e-03	1.819700858609983e-03
769	1.757943017345776e-03	1.778279410038923e-03
770	1.720647917375029e-03	1.737800828749376e-03
774	1.687553079621651e-03	1.698243652461744e-03
782	1.647945843337384e-03	1.659586907437561e-03
786	1.608048183218802e-03	1.621810097358930e-03
791	1.563188051118880e-03	1.584893192461114e-03
806	1.530088583919897e-03	1.548816618912481e-03
810	1.512644932942786e-03	1.513561248436209e-03
813	1.407800726434649e-03	1.412537544622754e-03
818	1.341425955660003e-03	1.348962882591653e-03
824	1.314943127482371e-03	1.318256738556408e-03
829	1.281525876920986e-03	1.288249551693134e-03
831	1.250231260563339e-03	1.258925411794167e-03
833	1.226888492240064e-03	1.230268770812381e-03
844	1.183689660999687e-03	1.202264434617413e-03
847	1.174581106906158e-03	1.174897554939529e-03
858	1.147849531298539e-03	1.148153621496883e-03
860	1.039967783253548e-03	1.047128548050900e-03
871	1.022945790826180e-03	1.023292992280754e-03
883	9.993314814280563e-04	1.000000000000000e-03
892	9.578551880830011e-04	9.772372209558111e-04
893	9.531135227462961e-04	9.549925860214359e-04
900	9.254254363249004e-04	9.332543007969915e-04
907	9.058106704732394e-04	9.120108393559096e-04
913	8.911304585925706e-04	8.912509381337459e-04
915	8.189465037654609e-04	8.317637711026709e-04
919	8.102896311054097e-04	8.128305161640995e-04
927	7.926197923315836e-04	7.943282347242813e-04
930	7.755442909156418e-04	7.762471166286919e-04
940	7.581008545132217e-04	7.585775750291835e-04
954	7.411458290829120e-04	7.413102413009177e-04
960	7.241324672675464e-04	7.244359600749898e-04
971	5.580652590349011e-04	5.623413251903491e-04
974	5.348923545641648e-04	5.370317963702527e-04
985	5.208817504274155e-04	5.248074602497728e-04
997	5.126338657811536e-04	5.128613839913648e-04
1004	5.005385922677297e-04	5.011872336272725e-04
1013	4.673076463261872e-04	4.677351412871981e-04
1024	4.542972282289837e-04	4.570881896148752e-04
1031	4.462644475762279e-04	4.466835921509630e-04
1051	4.349834210208847e-04	4.365158322401661e-04
1059	4.213308241846070e-04	4.265795188015926e-04
1063	4.144030814078326e-04	4.168693834703355e-04
1074	4.058220530095413e-04	4.073802778041126e-04
1083	3.979171496264478e-04	3.981071705534974e-04
1095	3.889103233072344e-04	3.890451449942805e-04
1109	3.768195183323497e-04	3.801893963205612e-04
1118	3.715089307316788e-04	3.715352290971724e-04
1133	3.629787767885917e-04	3.630780547701014e-04
1140	3.377474457264551e-04	3.388441561392024e-04
1155	3.304405347299699e-04	3.311311214825911e-04
1162	3.232288234212843e-04	3.235936569296281e-04
1184	2.940832997460063e-04	2.951209226666387e-04
1201	2.880104640531345e-04	2.884031503126605e-04
1217	2.814676319042864e-04	2.818382931264455e-04
1237	2.749303371203382e-04	2.754228703338166e-04
1260	2.686040496873154e-04	2.691534803926917e-04
1282	2.630194397436059e-04	2.630267991895381e-04
1298	2.563342987682571e-04	2.570395782768865e-04
1319	2.510412158510666e-04	2.511886431509580e-04
1343	2.451481027413438e-04	2.454708915685031e-04
1377	2.395210024386252e-04	2.398832919019490e-04
1400	2.339867973752963e-04	2.344228815319923e-04
1410	2.278659081741408e-04	2.290867652767772e-04
1422	2.225171511974766e-04	2.238721138568340e-04
1439	2.184304609812449e-04	2.187761623949552e-04
1476	2.137570282489953e-04	2.137962089502232e-04
1516	2.089012578111449e-04	2.089296130854039e-04
1539	2.002676913749335e-04	2.041737944669530e-04
1543	1.994907441273952e-04	1.995262314968879e-04
1560	1.949482549012949e-04	1.949844599758046e-04
1595	1.902731694157778e-04	1.905460717963246e-04
1604	1.844232693559711e-04	1.862087136662868e-04
1617	1.819286398687670e-04	1.819700858609983e-04
1637	1.713371569972422e-04	1.737800828749376e-04
1647	1.696305936460529e-04	1.698243652461744e-04
1681	1.659123180308697e-04	1.659586907437562e-04
1698	1.608303394347033e-04	1.621810097358930e-04
1699	1.571134465504498e-04	1.584893192461114e-04
1705	1.534694571083683e-04	1.548816618912481e-04
1725	1.513296912881712e-04	1.513561248436209e-04
1751	1.479040457401659e-04	1.479108388168207e-04
1809	1.433404374960867e-04	1.445439770745928e-04
1840	1.412096328421431e-04	1.412537544622754e-04
1877	1.378405741915278e-04	1.380384264602885e-04
1898	1.347423527386926e-04	1.348962882591653e-04
1930	1.318141458240829e-04	1.318256738556407e-04
1968	1.283004926475595e-04	1.288249551693134e-04
2001	1.267920910560383e-04	1.288249551693134e-04
%
% index = 178, name = bbob_f002_i19_d02__bbob_f020_i21_d02
% instance = 9, reference value = 8.265092410454230e-01
% function evaluation | indicator value | target hit
1	1.375277966046429e+03	1.380384264602885e+03
314	7.969646318718771e+02	8.128305161640995e+02
316	3.502258308342697e+02	3.548133892335753e+02
376	2.237970633377655e+00	2.238721138568339e+00
483	7.316148288084748e-01	7.413102413009175e-01
611	5.988664735647709e-01	6.025595860743578e-01
619	2.908946207004139e-01	2.951209226666385e-01
645	2.861587622087944e-01	2.884031503126606e-01
667	1.978263566585445e-01	1.995262314968880e-01
695	1.943291541271910e-01	1.949844599758045e-01
704	1.753122079090063e-01	1.778279410038923e-01
806	1.564293710302809e-01	1.584893192461113e-01
882	1.404763150013785e-01	1.412537544622754e-01
904	1.322476266502416e-01	1.348962882591654e-01
983	1.318225982071802e-01	1.318256738556407e-01
988	1.049836231857313e-01	1.071519305237607e-01
994	1.018318606014820e-01	1.023292992280754e-01
1454	9.931997644092749e-02	1.000000000000000e-01
1474	9.751555546409829e-02	9.772372209558107e-02
2001	9.655981737389319e-02	9.772372209558107e-02
%
% index = 179, name = bbob_f002_i21_d02__bbob_f020_i22_d02
% instance = 10, reference value = 9.811562840830540e-01
% function evaluation | indicator value | target hit
1	2.716256664480730e-01	2.754228703338166e-01
367	1.965689396762552e-01	1.995262314968880e-01
417	1.937287839915015e-01	1.949844599758045e-01
452	7.108130247768307e-02	7.244359600749903e-02
526	6.347716903861189e-02	6.456542290346556e-02
527	6.135983643741760e-02	6.165950018614822e-02
559	5.898070419421408e-02	6.025595860743578e-02
567	5.792857588164946e-02	5.888436553555890e-02
601	4.701354569734340e-02	4.786300923226382e-02
615	4.658600636380539e-02	4.677351412871981e-02
616	3.471037153461909e-02	3.548133892335755e-02
617	2.058682694727154e-02	2.089296130854040e-02
620	1.917889342789114e-02	1.949844599758046e-02
625	1.865756008261721e-02	1.905460717963247e-02
640	1.782000739468304e-02	1.819700858609984e-02
646	1.733701524329834e-02	1.737800828749375e-02
658	1.474168856653701e-02	1.479108388168207e-02
659	1.419034276355291e-02	1.445439770745927e-02
670	1.278629915491292e-02	1.288249551693134e-02
671	1.185175083809142e-02	1.202264434617413e-02
678	1.136438606250278e-02	1.148153621496883e-02
684	1.103034807694026e-02	1.122018454301964e-02
702	1.076705656973220e-02	1.096478196143185e-02
703	1.000694371569255e-02	1.023292992280754e-02
704	9.124921004934117e-03	9.332543007969915e-03
706	9.111010603764069e-03	9.120108393559097e-03
708	8.780163291821186e-03	8.912509381337459e-03
732	8.596389643321878e-03	8.709635899560805e-03
746	8.321987991677271e-03	8.511380382023767e-03
749	8.312295459504959e-03	8.317637711026709e-03
754	7.586234518094481e-03	7.762471166286920e-03
755	7.574677240931416e-03	7.585775750291836e-03
762	6.188094683185263e-03	6.309573444801930e-03
763	5.799413193253833e-03	5.888436553555890e-03
767	5.745080139082925e-03	5.754399373371567e-03
777	5.620393188198292e-03	5.623413251903491e-03
784	5.151374857136903e-03	5.248074602497728e-03
785	5.017855527910675e-03	5.128613839913648e-03
786	4.912323375571459e-03	5.011872336272725e-03
788	4.886855684821945e-03	4.897788193684461e-03
790	4.649386453201232e-03	4.677351412871981e-03
796	4.554701356044633e-03	4.570881896148752e-03
821	4.349898107832595e-03	4.365158322401661e-03
832	4.189237340371799e-03	4.265795188015926e-03
833	4.110935233204605e-03	4.168693834703355e-03
834	4.028568057812598e-03	4.073802778041126e-03
835	3.797782689637375e-03	3.801893963205613e-03
849	3.590525875015849e-03	3.630780547701014e-03
857	3.473055653870682e-03	3.548133892335753e-03
858	3.442087955692896e-03	3.467368504525317e-03
859	3.382935472608595e-03	3.388441561392024e-03
862	3.182504916781737e-03	3.235936569296281e-03
863	3.114731030424367e-03	3.162277660168379e-03
864	3.015553581517505e-03	3.019951720402016e-03
867	2.905111016292095e-03	2.951209226666387e-03
869	2.854084858476602e-03	2.884031503126605e-03
877	2.785168759416479e-03	2.818382931264455e-03
897	2.737919224811369e-03	2.754228703338166e-03
906	2.675864971929509e-03	2.691534803926917e-03
913	2.593478558032603e-03	2.630267991895381e-03
918	2.568876830129962e-03	2.570395782768865e-03
920	2.504790913101962e-03	2.511886431509579e-03
922	2.424392197262870e-03	2.454708915685031e-03
925	2.310453416834779e-03	2.344228815319923e-03
931	2.209723562097365e-03	2.238721138568340e-03
934	2.154920339173860e-03	2.187761623949552e-03
935	2.136304725884997e-03	2.137962089502233e-03
944	1.981806814994602e-03	1.995262314968879e-03
946	1.901437389732252e-03	1.905460717963246e-03
951	1.788101049245427e-03	1.819700858609983e-03
952	1.771542792796232e-03	1.778279410038923e-03
961	1.732825425523443e-03	1.737800828749376e-03
964	1.689071474274217e-03	1.698243652461744e-03
969	1.633496281174707e-03	1.659586907437561e-03
971	1.606274419726161e-03	1.621810097358930e-03
977	1.566749799588152e-03	1.584893192461114e-03
991	1.474646215090969e-03	1.479108388168207e-03
998	1.419977544068307e-03	1.445439770745928e-03
1000	1.411630964083699e-03	1.412537544622754e-03
1003	1.370864924540527e-03	1.380384264602885e-03
1005	1.319461941493905e-03	1.348962882591653e-03
1007	1.288585757435401e-03	1.318256738556408e-03
1009	1.287782943232840e-03	1.288249551693134e-03
1010	1.251780412278580e-03	1.258925411794167e-03
1015	1.228569310649408e-03	1.230268770812381e-03
1017	1.193735277695507e-03	1.202264434617413e-03
1021	1.121264285754653e-03	1.122018454301963e-03
1029	1.096340402395146e-03	1.096478196143185e-03
1033	1.069819607958156e-03	1.071519305237606e-03
1037	1.008668448137073e-03	1.023292992280754e-03
1038	9.944571796879353e-04	1.000000000000000e-03
1040	9.622581443298195e-04	9.772372209558111e-04
1042	9.473155211564555e-04	9.549925860214359e-04
1052	9.276437601638543e-04	9.332543007969915e-04
1060	8.959469400455777e-04	9.120108393559096e-04
1061	8.910333756739774e-04	8.912509381337459e-04
1063	8.522785722628878e-04	8.709635899560805e-04
1064	8.502170291637690e-04	8.511380382023768e-04
1071	8.295877902276816e-04	8.317637711026709e-04
1077	8.125587373788434e-04	8.128305161640995e-04
1095	7.885892137381445e-04	7.943282347242813e-04
1099	7.616609294593957e-04	7.762471166286919e-04
1103	7.583749858327549e-04	7.585775750291835e-04
1107	7.362051940535963e-04	7.413102413009177e-04
1115	7.232582304244062e-04	7.244359600749898e-04
1130	7.018140754081470e-04	7.079457843841380e-04
1136	6.913313250389574e-04	6.918309709189362e-04
1140	6.659134260150745e-04	6.760829753919819e-04
1141	6.543624466355258e-04	6.606934480075957e-04
1148	6.456089031063872e-04	6.456542290346556e-04
1163	6.305484782899162e-04	6.309573444801930e-04
1170	6.161083456257543e-04	6.165950018614823e-04
1179	5.957601867834228e-04	6.025595860743575e-04
1183	5.878672468522250e-04	5.888436553555889e-04
1197	5.549670169073817e-04	5.623413251903491e-04
1204	5.493331425753256e-04	5.495408738576248e-04
1211	5.261817630179966e-04	5.370317963702527e-04
1213	5.072897347166982e-04	5.128613839913648e-04
1220	4.955051657974385e-04	5.011872336272725e-04
1223	4.870875640854422e-04	4.897788193684461e-04
1233	4.689774622472775e-04	4.786300923226385e-04
1235	4.641410442474125e-04	4.677351412871981e-04
1239	4.560907150988891e-04	4.570881896148752e-04
1257	4.463126267703066e-04	4.466835921509630e-04
1273	4.355144924931276e-04	4.365158322401661e-04
1290	4.251980914254938e-04	4.265795188015926e-04
1296	4.165996641828373e-04	4.168693834703355e-04
1310	4.060079838764663e-04	4.073802778041126e-04
1330	3.933055548135389e-04	3.981071705534974e-04
1342	3.884382314791601e-04	3.890451449942805e-04
1349	3.800654949095428e-04	3.801893963205612e-04
1352	3.690734336986301e-04	3.715352290971724e-04
1354	3.614091131611818e-04	3.630780547701014e-04
1380	3.529320513082634e-04	3.548133892335753e-04
1386	3.413692896263587e-04	3.467368504525317e-04
1390	3.385296637280488e-04	3.388441561392024e-04
1419	3.294000387868978e-04	3.311311214825911e-04
1432	3.223027250068844e-04	3.235936569296281e-04
1433	3.149562512584358e-04	3.162277660168379e-04
1445	3.085759297314361e-04	3.090295432513592e-04
1457	3.018904991686222e-04	3.019951720402016e-04
1483	2.949054755793101e-04	2.951209226666387e-04
1492	2.874738319496029e-04	2.884031503126605e-04
1530	2.705516349786885e-04	2.754228703338166e-04
1539	2.683814662686190e-04	2.691534803926917e-04
1578	2.583318028975823e-04	2.630267991895381e-04
1583	2.569112731166667e-04	2.570395782768865e-04
1615	2.505376691825933e-04	2.511886431509580e-04
1631	2.451275190193947e-04	2.454708915685031e-04
1662	2.395797100503971e-04	2.398832919019490e-04
1691	2.340030104381885e-04	2.344228815319923e-04
1715	2.289028813384775e-04	2.290867652767772e-04
1725	2.134882106380465e-04	2.137962089502232e-04
1769	1.974645859992297e-04	1.995262314968879e-04
1786	1.949148555656643e-04	1.949844599758046e-04
1798	1.905133636588285e-04	1.905460717963246e-04
1830	1.840810903824819e-04	1.862087136662868e-04
1837	1.817158063827096e-04	1.819700858609983e-04
1874	1.777901680672933e-04	1.778279410038923e-04
1896	1.736130511625911e-04	1.737800828749376e-04
1913	1.698074308584818e-04	1.698243652461744e-04
1973	1.652024275183850e-04	1.659586907437562e-04
1997	1.621691727125008e-04	1.621810097358930e-04
2001	1.619578672000799e-04	1.621810097358930e-04
