%
% index = 390, name = bbob_f013_i02_d02__bbob_f021_i04_d02
% instance = 1, reference value = 8.001612461515990e-001
% function evaluation | indicator value | target hit
1	1.049778494504599e+000	1.071519305237606e+000
97	3.233326231402656e-001	3.235936569296283e-001
109	3.097538710986226e-001	3.162277660168379e-001
123	3.084241705568864e-001	3.090295432513591e-001
144	2.957707615928407e-001	3.019951720402016e-001
146	2.933884673544207e-001	2.951209226666385e-001
163	2.676564184173979e-001	2.691534803926916e-001
167	2.477641329791274e-001	2.511886431509580e-001
174	2.179187194204839e-001	2.187761623949552e-001
185	2.120785557489217e-001	2.137962089502232e-001
190	2.040991448372610e-001	2.041737944669530e-001
226	1.966547853699648e-001	1.995262314968880e-001
265	1.945159383036915e-001	1.949844599758046e-001
303	1.903552527929877e-001	1.905460717963247e-001
349	1.858451348086299e-001	1.862087136662868e-001
360	1.737973567636661e-001	1.778279410038923e-001
361	1.737242528606883e-001	1.737800828749375e-001
363	1.552553482652387e-001	1.584893192461113e-001
379	1.547984911553891e-001	1.548816618912481e-001
439	1.512466158445655e-001	1.513561248436208e-001
518	1.305627050654057e-001	1.318256738556407e-001
550	1.288171235603686e-001	1.288249551693134e-001
663	1.255780714263317e-001	1.258925411794167e-001
695	1.193579737225077e-001	1.202264434617413e-001
724	1.156128669041880e-001	1.174897554939529e-001
754	1.086040922345130e-001	1.096478196143185e-001
767	1.049891963981310e-001	1.071519305237607e-001
798	1.044688493846933e-001	1.047128548050900e-001
825	1.014007583298797e-001	1.023292992280754e-001
887	9.969899289077999e-002	1.000000000000000e-001
932	9.751177049154114e-002	9.772372209558107e-002
2011	9.678706883300003e-002	9.772372209558107e-002
%
% index = 391, name = bbob_f013_i03_d02__bbob_f021_i05_d02
% instance = 2, reference value = 8.144228826818790e-001
% function evaluation | indicator value | target hit
1	1.055620323418879e+000	1.071519305237606e+000
81	7.446063457304316e-001	7.585775750291838e-001
96	7.385318828401751e-001	7.413102413009175e-001
118	6.741200313873429e-001	6.760829753919818e-001
146	6.478579735606695e-001	6.606934480075960e-001
157	6.455710089939586e-001	6.456542290346555e-001
286	5.226156904110380e-001	5.248074602497725e-001
337	3.683305728803464e-001	3.715352290971726e-001
358	3.064330238195420e-001	3.090295432513591e-001
363	3.016292090868756e-001	3.019951720402016e-001
410	2.939654787423223e-001	2.951209226666385e-001
436	2.868974221646926e-001	2.884031503126606e-001
471	2.812695272469208e-001	2.818382931264454e-001
480	2.727620150616491e-001	2.754228703338166e-001
528	2.678797428537663e-001	2.691534803926916e-001
571	2.593370567243083e-001	2.630267991895382e-001
592	2.569148223046298e-001	2.570395782768864e-001
634	2.508604264005366e-001	2.511886431509580e-001
649	2.445692329590176e-001	2.454708915685031e-001
731	2.394316197182956e-001	2.398832919019490e-001
741	2.319842043659055e-001	2.344228815319922e-001
746	2.289472680451519e-001	2.290867652767773e-001
874	2.237765840843002e-001	2.238721138568340e-001
1052	2.186452551461778e-001	2.187761623949552e-001
1118	2.137394094571201e-001	2.137962089502232e-001
1197	2.084250469503476e-001	2.089296130854039e-001
1216	2.022182858155428e-001	2.041737944669530e-001
1227	1.990469102151248e-001	1.995262314968880e-001
1290	1.949444323574140e-001	1.949844599758046e-001
1389	1.895861526726199e-001	1.905460717963247e-001
1396	1.860819143646262e-001	1.862087136662868e-001
1436	1.702866558288959e-001	1.737800828749375e-001
1455	1.697991217448741e-001	1.698243652461744e-001
1508	1.639485059769934e-001	1.659586907437561e-001
1514	1.607719383544825e-001	1.621810097358930e-001
1523	1.584494380376085e-001	1.584893192461113e-001
1629	1.542694593515249e-001	1.548816618912481e-001
1634	1.503178945405619e-001	1.513561248436208e-001
1734	1.460110022980219e-001	1.479108388168208e-001
1776	1.257774647986738e-001	1.258925411794167e-001
1810	1.220751482278202e-001	1.230268770812382e-001
1824	1.200783118228901e-001	1.202264434617413e-001
1836	1.149034445933206e-001	1.174897554939529e-001
1841	1.135602350661852e-001	1.148153621496883e-001
1847	1.121171319616374e-001	1.122018454301964e-001
1876	1.095250529011830e-001	1.096478196143185e-001
1879	1.064582062297401e-001	1.071519305237607e-001
1880	1.039169832242350e-001	1.047128548050900e-001
1892	1.015000631190853e-001	1.023292992280754e-001
1923	9.971732186368010e-002	1.000000000000000e-001
1925	8.933890112438703e-002	9.120108393559097e-002
1932	8.675230010925705e-002	8.709635899560805e-002
1943	8.170388064423440e-002	8.317637711026708e-002
1947	7.890582622320441e-002	7.943282347242814e-002
1971	7.762019255336083e-002	7.762471166286916e-002
1999	7.519337247045421e-002	7.585775750291836e-002
2010	6.334420713904509e-002	6.456542290346556e-002
2011	6.334420713904509e-002	6.456542290346556e-002
%
% index = 392, name = bbob_f013_i07_d02__bbob_f021_i08_d02
% instance = 3, reference value = 8.413539749479360e-001
% function evaluation | indicator value | target hit
1	1.214131210179436e+000	1.230268770812382e+000
387	1.056786823402936e+000	1.071519305237606e+000
398	8.349418505222238e-001	8.511380382023764e-001
443	8.219948304488393e-001	8.317637711026710e-001
502	8.081733922683622e-001	8.128305161640993e-001
564	7.935539065627660e-001	7.943282347242815e-001
597	7.739495191435301e-001	7.762471166286917e-001
643	7.563360206577472e-001	7.585775750291838e-001
785	7.396163059399840e-001	7.413102413009175e-001
1257	7.243707159484540e-001	7.244359600749900e-001
2011	7.203434616186469e-001	7.244359600749900e-001
%
% index = 393, name = bbob_f013_i09_d02__bbob_f021_i10_d02
% instance = 4, reference value = 5.451315535100160e-001
% function evaluation | indicator value | target hit
1	1.128909067158898e+001	1.148153621496883e+001
61	4.932394681551232e-001	5.011872336272722e-001
114	4.648905363679075e-001	4.677351412871982e-001
370	4.558012841359091e-001	4.570881896148750e-001
600	3.239431597738121e-001	3.311311214825911e-001
602	3.214799312616894e-001	3.235936569296283e-001
604	2.952622725944833e-001	3.019951720402016e-001
614	2.948050464439400e-001	2.951209226666385e-001
737	2.883336193050659e-001	2.884031503126606e-001
2011	2.841802704037714e-001	2.884031503126606e-001
%
% index = 394, name = bbob_f013_i11_d02__bbob_f021_i12_d02
% instance = 5, reference value = 7.100697629928550e-001
% function evaluation | indicator value | target hit
1	1.943400398812855e+000	1.949844599758045e+000
2011	1.943400398812855e+000	1.949844599758045e+000
%
% index = 395, name = bbob_f013_i13_d02__bbob_f021_i14_d02
% instance = 6, reference value = 9.405379420989221e-001
% function evaluation | indicator value | target hit
1	1.723546488911922e+000	1.737800828749375e+000
56	1.101460484930422e+000	1.122018454301963e+000
57	1.037943392975422e+000	1.047128548050900e+000
71	9.351140967375010e-001	9.549925860214360e-001
85	9.242429061368978e-001	9.332543007969910e-001
92	8.404311268808351e-001	8.511380382023764e-001
93	7.350377973608614e-001	7.413102413009175e-001
94	5.080982693028934e-001	5.128613839913648e-001
104	4.838076495945741e-001	4.897788193684462e-001
116	3.344178987642131e-001	3.388441561392026e-001
128	3.309009477997796e-001	3.311311214825911e-001
137	1.558734746311513e-001	1.584893192461113e-001
142	1.227353573147595e-001	1.230268770812382e-001
162	1.201661357169165e-001	1.202264434617413e-001
170	1.169313221408934e-001	1.174897554939529e-001
174	1.133501404211379e-001	1.148153621496883e-001
189	1.116814210438721e-001	1.122018454301964e-001
190	1.046438945172548e-001	1.047128548050900e-001
195	1.004930434953338e-001	1.023292992280754e-001
196	9.973705428942448e-002	1.000000000000000e-001
221	9.530887252922071e-002	9.549925860214359e-002
249	9.304205461669490e-002	9.332543007969910e-002
254	8.827327000538965e-002	8.912509381337455e-002
302	8.704754395901959e-002	8.709635899560805e-002
309	8.365712567995476e-002	8.511380382023763e-002
350	8.317612448483291e-002	8.317637711026708e-002
366	8.094670612558452e-002	8.128305161640990e-002
368	7.860067296592688e-002	7.943282347242814e-002
380	7.724058641889564e-002	7.762471166286916e-002
389	7.428375358957118e-002	7.585775750291836e-002
399	7.338017143050601e-002	7.413102413009177e-002
449	7.177889116276381e-002	7.244359600749903e-002
472	6.927327137961481e-002	7.079457843841380e-002
501	6.918280362121110e-002	6.918309709189366e-002
838	6.670912180735045e-002	6.760829753919818e-002
1193	6.606922426436890e-002	6.606934480075961e-002
1454	6.405725601966861e-002	6.456542290346556e-002
1723	6.234922915323049e-002	6.309573444801933e-002
1995	6.165420308998615e-002	6.165950018614822e-002
2011	6.165373950762310e-002	6.165950018614822e-002
%
% index = 396, name = bbob_f013_i15_d02__bbob_f021_i16_d02
% instance = 7, reference value = 9.112444027698080e-001
% function evaluation | indicator value | target hit
1	4.121298253417045e-001	4.168693834703354e-001
72	3.983911260753047e-001	4.073802778041127e-001
86	3.979134566739079e-001	3.981071705534973e-001
121	3.727304164150234e-001	3.801893963205612e-001
150	3.701802417722960e-001	3.715352290971726e-001
1370	3.629226347296158e-001	3.630780547701014e-001
2011	3.586576382470972e-001	3.630780547701014e-001
%
% index = 397, name = bbob_f013_i17_d02__bbob_f021_i18_d02
% instance = 8, reference value = 9.310698063043580e-001
% function evaluation | indicator value | target hit
1	7.922030928456718e-001	7.943282347242815e-001
271	7.736853143420464e-001	7.762471166286917e-001
363	7.580887466125789e-001	7.585775750291838e-001
382	7.399765723226321e-001	7.413102413009175e-001
448	7.239770205885897e-001	7.244359600749900e-001
498	7.070183402291139e-001	7.079457843841379e-001
523	6.898533951083885e-001	6.918309709189364e-001
533	6.757183827144739e-001	6.760829753919818e-001
584	6.567615182837208e-001	6.606934480075960e-001
622	6.429090862860774e-001	6.456542290346555e-001
631	6.233609730339254e-001	6.309573444801933e-001
636	6.096361368505807e-001	6.165950018614822e-001
660	6.009419798491926e-001	6.025595860743578e-001
673	5.637864133200470e-001	5.754399373371569e-001
674	5.451388716569907e-001	5.495408738576245e-001
685	5.201816456895688e-001	5.248074602497725e-001
700	4.450221879727511e-001	4.466835921509632e-001
712	3.888716586664290e-001	3.890451449942806e-001
724	3.341871736953793e-001	3.388441561392026e-001
738	2.975611795720720e-001	3.019951720402016e-001
754	2.515721001461452e-001	2.570395782768864e-001
762	2.491709792353672e-001	2.511886431509580e-001
799	2.453272290554371e-001	2.454708915685031e-001
805	1.992701222070934e-001	1.995262314968880e-001
860	1.894522000561709e-001	1.905460717963247e-001
931	1.792613913934302e-001	1.819700858609984e-001
932	1.774423088495343e-001	1.778279410038923e-001
982	1.690332026946528e-001	1.698243652461744e-001
1006	1.628142207902681e-001	1.659586907437561e-001
1035	1.621346619764862e-001	1.621810097358930e-001
1064	1.556353332387654e-001	1.584893192461113e-001
1140	1.494296799849925e-001	1.513561248436208e-001
1172	1.411400559290325e-001	1.412537544622755e-001
1243	1.355912916316108e-001	1.380384264602885e-001
1265	1.348638894406679e-001	1.348962882591654e-001
1353	1.305701974615109e-001	1.318256738556407e-001
1382	1.287668859788750e-001	1.288249551693134e-001
1404	1.250125821026609e-001	1.258925411794167e-001
1433	1.230127163184400e-001	1.230268770812382e-001
1615	1.202050373706616e-001	1.202264434617413e-001
1858	1.174818356355494e-001	1.174897554939529e-001
2011	1.162855298272648e-001	1.174897554939529e-001
%
% index = 398, name = bbob_f013_i19_d02__bbob_f021_i21_d02
% instance = 9, reference value = 9.296630893783160e-001
% function evaluation | indicator value | target hit
1	8.724753102007122e-001	8.912509381337456e-001
2011	8.724753102007122e-001	8.912509381337456e-001
%
% index = 399, name = bbob_f013_i21_d02__bbob_f021_i22_d02
% instance = 10, reference value = 9.786750485790280e-001
% function evaluation | indicator value | target hit
1	1.265884980275028e+000	1.288249551693134e+000
2011	1.265884980275028e+000	1.288249551693134e+000
