%
% index = 50, name = bbob_f001_i02_d02__bbob_f014_i04_d02
% instance = 1, reference value = 6.672541076781430e-01
% function evaluation | indicator value | target hit
1	8.841291750661430e-01	8.912509381337456e-01
286	8.252876071286429e-01	8.317637711026710e-01
302	6.429370171051708e-01	6.456542290346555e-01
321	2.867702244123753e-01	2.884031503126606e-01
332	2.523545866451037e-01	2.570395782768864e-01
370	2.201047886413245e-01	2.238721138568339e-01
376	2.092121599606941e-01	2.137962089502232e-01
418	2.088914082339759e-01	2.089296130854039e-01
431	1.205952312279899e-01	1.230268770812381e-01
433	1.197568593845892e-01	1.202264434617413e-01
447	1.134583558367368e-01	1.148153621496883e-01
457	8.980116431700658e-02	9.120108393559097e-02
460	7.117382112814374e-02	7.244359600749903e-02
492	7.065496043983233e-02	7.079457843841380e-02
510	6.674882598126219e-02	6.760829753919818e-02
527	6.472332458097785e-02	6.606934480075961e-02
531	6.135476608028023e-02	6.165950018614822e-02
546	6.023994836923086e-02	6.025595860743578e-02
550	5.758734342410354e-02	5.888436553555890e-02
556	5.473723251078444e-02	5.495408738576246e-02
570	5.255384626673254e-02	5.370317963702527e-02
577	5.179565630965066e-02	5.248074602497726e-02
589	5.111068529448881e-02	5.128613839913648e-02
596	4.796083720778133e-02	4.897788193684462e-02
598	4.767633218068512e-02	4.786300923226382e-02
606	4.612876050897829e-02	4.677351412871981e-02
616	4.462853010007317e-02	4.466835921509630e-02
622	4.024666336264959e-02	4.073802778041128e-02
634	3.980234716458830e-02	3.981071705534973e-02
637	3.791576748952441e-02	3.801893963205612e-02
645	3.714712257972175e-02	3.715352290971726e-02
650	3.320661415400494e-02	3.388441561392026e-02
652	3.187966714483104e-02	3.235936569296283e-02
661	3.101239757993379e-02	3.162277660168379e-02
664	3.030056350786525e-02	3.090295432513590e-02
665	2.934527612799354e-02	2.951209226666385e-02
669	2.780318540122984e-02	2.818382931264454e-02
673	2.738234923091065e-02	2.754228703338166e-02
675	2.679332976364801e-02	2.691534803926915e-02
686	2.439031708165007e-02	2.454708915685030e-02
698	2.370575569082123e-02	2.398832919019490e-02
705	2.343587395226832e-02	2.344228815319923e-02
713	2.241496065340209e-02	2.290867652767773e-02
714	2.236551476494386e-02	2.238721138568340e-02
723	2.187657399063847e-02	2.187761623949553e-02
726	2.130712701439974e-02	2.137962089502233e-02
732	2.085031949631166e-02	2.089296130854040e-02
739	2.036879553342197e-02	2.041737944669529e-02
742	1.672522830338974e-02	1.698243652461744e-02
749	1.649859456264235e-02	1.659586907437561e-02
751	1.618556228348422e-02	1.621810097358930e-02
756	1.583684480025038e-02	1.584893192461113e-02
763	1.548777745129570e-02	1.548816618912481e-02
773	1.483487456576627e-02	1.513561248436208e-02
774	1.469913304380310e-02	1.479108388168207e-02
777	1.445173363074637e-02	1.445439770745927e-02
798	1.409217563563070e-02	1.412537544622754e-02
807	1.374944786808541e-02	1.380384264602885e-02
821	1.148996105923683e-02	1.174897554939530e-02
822	1.148104526947102e-02	1.148153621496883e-02
831	1.113980191476249e-02	1.122018454301964e-02
843	1.095719994095101e-02	1.096478196143185e-02
853	1.068147225470450e-02	1.071519305237606e-02
859	1.040291550513395e-02	1.047128548050900e-02
861	1.023069126414100e-02	1.023292992280754e-02
868	9.700979336002002e-03	9.772372209558112e-03
873	7.977358431048742e-03	8.128305161640995e-03
880	7.922844557619269e-03	7.943282347242814e-03
891	7.761978334549391e-03	7.762471166286920e-03
901	7.541491367114461e-03	7.585775750291836e-03
904	7.399433914604292e-03	7.413102413009177e-03
913	7.239984670447175e-03	7.244359600749898e-03
921	7.038846174248881e-03	7.079457843841380e-03
926	6.903180964384581e-03	6.918309709189363e-03
931	6.725442045559138e-03	6.760829753919818e-03
936	6.130272104299284e-03	6.165950018614822e-03
943	6.021229130098615e-03	6.025595860743574e-03
973	5.886367647576884e-03	5.888436553555890e-03
982	5.681981286506432e-03	5.754399373371567e-03
989	5.622581353108336e-03	5.623413251903491e-03
1008	5.420819166750301e-03	5.495408738576248e-03
1011	5.172893940387557e-03	5.248074602497728e-03
1019	5.122988835489672e-03	5.128613839913648e-03
1023	4.969646322048327e-03	5.011872336272725e-03
1028	4.888139826275562e-03	4.897788193684461e-03
1045	4.729393871992116e-03	4.786300923226385e-03
1048	4.677281350712881e-03	4.677351412871981e-03
1051	4.454964148298046e-03	4.466835921509630e-03
%
% index = 51, name = bbob_f001_i03_d02__bbob_f014_i05_d02
% instance = 2, reference value = 9.014702473019240e-01
% function evaluation | indicator value | target hit
1	3.131944377573275e-01	3.162277660168379e-01
49	2.141277067803474e-01	2.187761623949552e-01
223	2.050006423658004e-01	2.089296130854039e-01
226	2.009516004558494e-01	2.041737944669530e-01
235	1.296673163240152e-01	1.318256738556407e-01
254	1.269914628435503e-01	1.288249551693134e-01
298	1.198550741996347e-01	1.202264434617413e-01
320	1.041962576011088e-01	1.047128548050900e-01
323	9.819384136845566e-02	1.000000000000000e-01
325	9.700369305567924e-02	9.772372209558107e-02
344	9.428558257819408e-02	9.549925860214359e-02
345	9.311703060802679e-02	9.332543007969910e-02
347	8.500383012771739e-02	8.511380382023763e-02
349	8.311491084787281e-02	8.317637711026708e-02
366	7.970545237930815e-02	8.128305161640990e-02
374	7.935002230555888e-02	7.943282347242814e-02
387	7.643036217553678e-02	7.762471166286916e-02
398	6.004573271477387e-02	6.025595860743578e-02
400	4.927373775158717e-02	5.011872336272722e-02
403	4.874018967792271e-02	4.897788193684462e-02
411	4.533285863446557e-02	4.570881896148749e-02
412	3.764113860319540e-02	3.801893963205612e-02
416	3.711204913140354e-02	3.715352290971726e-02
444	3.322264986360013e-02	3.388441561392026e-02
450	3.284339372472644e-02	3.311311214825911e-02
454	3.032049461814368e-02	3.090295432513590e-02
455	2.967043701165584e-02	3.019951720402016e-02
460	2.914140730804204e-02	2.951209226666385e-02
461	2.829989923783649e-02	2.884031503126606e-02
471	2.818208201805616e-02	2.818382931264454e-02
474	2.646448838357573e-02	2.691534803926915e-02
482	2.630045401659620e-02	2.630267991895381e-02
495	2.484953697988534e-02	2.511886431509579e-02
504	2.435162137155777e-02	2.454708915685030e-02
507	2.026472787982359e-02	2.041737944669529e-02
513	1.941965222243192e-02	1.949844599758046e-02
517	1.868824251692824e-02	1.905460717963247e-02
518	1.779712282150747e-02	1.819700858609984e-02
521	1.758366775008680e-02	1.778279410038923e-02
531	1.724166184916487e-02	1.737800828749375e-02
541	1.690410917009100e-02	1.698243652461744e-02
554	1.588455678042711e-02	1.621810097358930e-02
556	1.577153840344647e-02	1.584893192461113e-02
566	1.544310605636978e-02	1.548816618912481e-02
572	1.508215092371767e-02	1.513561248436208e-02
575	1.474423385572576e-02	1.479108388168207e-02
585	1.405845925614158e-02	1.412537544622754e-02
597	1.378885819509179e-02	1.380384264602885e-02
601	1.249234804036581e-02	1.258925411794167e-02
607	1.223238480294364e-02	1.230268770812382e-02
611	1.201531679274548e-02	1.202264434617413e-02
617	1.174599311000224e-02	1.174897554939530e-02
636	1.148076414895127e-02	1.148153621496883e-02
657	1.120994968917643e-02	1.122018454301964e-02
660	1.061805126701931e-02	1.071519305237606e-02
661	1.034320715928561e-02	1.047128548050900e-02
670	1.011642257698475e-02	1.023292992280754e-02
679	9.778185526703176e-03	1.000000000000000e-02
684	9.765790541057973e-03	9.772372209558112e-03
690	9.545049120365801e-03	9.549925860214359e-03
702	9.246615102687428e-03	9.332543007969915e-03
704	8.904459614348048e-03	8.912509381337459e-03
708	8.652756403204176e-03	8.709635899560805e-03
712	8.418307146936921e-03	8.511380382023767e-03
731	8.302939115338748e-03	8.317637711026709e-03
733	8.114588614112517e-03	8.128305161640995e-03
737	7.915069905862770e-03	7.943282347242814e-03
758	7.748070898893733e-03	7.762471166286920e-03
782	7.585536576048768e-03	7.585775750291836e-03
793	7.351976989705800e-03	7.413102413009177e-03
797	7.223220696543686e-03	7.244359600749898e-03
825	5.983906291391561e-03	6.025595860743574e-03
844	5.868085049945182e-03	5.888436553555890e-03
855	5.712001919849330e-03	5.754399373371567e-03
858	5.572618523228212e-03	5.623413251903491e-03
869	5.491339257532757e-03	5.495408738576248e-03
895	5.364311715808756e-03	5.370317963702527e-03
923	5.243525720953435e-03	5.248074602497728e-03
951	5.123206595859520e-03	5.128613839913648e-03
969	4.605575263387229e-03	4.677351412871981e-03
979	4.567382467091985e-03	4.570881896148752e-03
982	3.496517270868860e-03	3.548133892335753e-03
994	3.467300759380398e-03	3.467368504525317e-03
1015	3.387431468860447e-03	3.388441561392024e-03
1035	3.019849524836471e-03	3.019951720402016e-03
1051	2.997670322528290e-03	3.019951720402016e-03
%
% index = 52, name = bbob_f001_i07_d02__bbob_f014_i08_d02
% instance = 3, reference value = 8.842996120803170e-01
% function evaluation | indicator value | target hit
1	8.443687554706325e-01	8.511380382023764e-01
292	6.380204595822774e-01	6.456542290346555e-01
317	3.935358908760692e-01	3.981071705534972e-01
334	2.555809201392070e-01	2.570395782768864e-01
344	2.471620878202235e-01	2.511886431509580e-01
379	2.387419796404364e-01	2.398832919019490e-01
393	2.063086530328045e-01	2.089296130854039e-01
395	1.599095951007747e-01	1.621810097358930e-01
405	1.542702068616666e-01	1.548816618912481e-01
420	1.512091131128841e-01	1.513561248436208e-01
448	1.464297979346235e-01	1.479108388168208e-01
454	1.302509945931408e-01	1.318256738556407e-01
461	1.233647863736721e-01	1.258925411794167e-01
472	1.199091380668534e-01	1.202264434617413e-01
480	1.062440023492264e-01	1.071519305237607e-01
508	1.031180879291829e-01	1.047128548050900e-01
514	9.016878037090492e-02	9.120108393559097e-02
526	8.691826547036663e-02	8.709635899560805e-02
542	7.038118909525237e-02	7.079457843841380e-02
554	6.652084303206773e-02	6.760829753919818e-02
573	6.591902729054466e-02	6.606934480075961e-02
574	5.860870886603109e-02	5.888436553555890e-02
592	5.460215454984707e-02	5.495408738576246e-02
602	5.139715688539215e-02	5.248074602497726e-02
606	5.043045915418909e-02	5.128613839913648e-02
608	5.010971532542252e-02	5.011872336272722e-02
620	4.880349395852224e-02	4.897788193684462e-02
624	4.495537646570857e-02	4.570881896148749e-02
628	4.389638720040223e-02	4.466835921509630e-02
640	4.348824543558516e-02	4.365158322401658e-02
653	4.236963249461012e-02	4.265795188015926e-02
657	4.165387112822450e-02	4.168693834703355e-02
687	4.061626951552022e-02	4.073802778041128e-02
703	3.967449509149712e-02	3.981071705534973e-02
713	3.872795845820287e-02	3.890451449942807e-02
739	3.770489840623292e-02	3.801893963205612e-02
765	3.714944882669835e-02	3.715352290971726e-02
771	2.928206780066755e-02	2.951209226666385e-02
780	2.781047037577344e-02	2.818382931264454e-02
805	2.750357951409632e-02	2.754228703338166e-02
807	2.641547230813224e-02	2.691534803926915e-02
814	2.629769822698180e-02	2.630267991895381e-02
815	2.558948442205067e-02	2.570395782768863e-02
827	2.501827607474261e-02	2.511886431509579e-02
852	2.452064045689817e-02	2.454708915685030e-02
860	2.391987499137271e-02	2.398832919019490e-02
869	2.344079414803490e-02	2.344228815319923e-02
891	2.266032647121585e-02	2.290867652767773e-02
905	2.176976375537409e-02	2.187761623949553e-02
917	2.134312474333666e-02	2.137962089502233e-02
932	2.083560425500974e-02	2.089296130854040e-02
951	2.024387615163936e-02	2.041737944669529e-02
975	1.992573720633473e-02	1.995262314968880e-02
984	1.934934979571434e-02	1.949844599758046e-02
985	1.882566102860339e-02	1.905460717963247e-02
1003	1.857323204395234e-02	1.862087136662868e-02
1028	1.814420339495315e-02	1.819700858609984e-02
1033	1.776711336705672e-02	1.778279410038923e-02
1043	1.719580951840638e-02	1.737800828749375e-02
1045	1.694933884444172e-02	1.698243652461744e-02
1048	1.652872165289687e-02	1.659586907437561e-02
1051	1.652539237066231e-02	1.659586907437561e-02
%
% index = 53, name = bbob_f001_i09_d02__bbob_f014_i10_d02
% instance = 4, reference value = 9.458041049112040e-01
% function evaluation | indicator value | target hit
1	2.691667076148297e-01	2.754228703338166e-01
199	2.685046467400044e-01	2.691534803926916e-01
201	2.357683398004029e-01	2.398832919019490e-01
261	2.156228904665392e-01	2.187761623949552e-01
290	2.101308612720425e-01	2.137962089502232e-01
300	1.648706086585432e-01	1.659586907437560e-01
353	1.349281121931809e-01	1.380384264602885e-01
357	1.348597267271163e-01	1.348962882591654e-01
359	1.211449535101776e-01	1.230268770812381e-01
369	1.141558327448212e-01	1.148153621496883e-01
380	8.020159662159776e-02	8.128305161640990e-02
407	7.744248569641954e-02	7.762471166286916e-02
429	7.517837305499231e-02	7.585775750291836e-02
434	7.302542669786694e-02	7.413102413009177e-02
454	5.358989824081806e-02	5.370317963702527e-02
457	5.246820337119895e-02	5.248074602497726e-02
473	4.104514559043848e-02	4.168693834703355e-02
475	3.917727356873968e-02	3.981071705534973e-02
480	3.760611266941416e-02	3.801893963205612e-02
483	3.675674043924004e-02	3.715352290971726e-02
502	3.618003532645964e-02	3.630780547701014e-02
507	3.186070023175380e-02	3.235936569296283e-02
510	3.062609447293041e-02	3.090295432513590e-02
511	2.986205949973320e-02	3.019951720402016e-02
517	2.719679282338128e-02	2.754228703338166e-02
521	2.687678163059115e-02	2.691534803926915e-02
530	2.386474838088315e-02	2.398832919019490e-02
543	2.341022121350955e-02	2.344228815319923e-02
545	2.093097228012608e-02	2.137962089502233e-02
559	2.071008137949670e-02	2.089296130854040e-02
565	2.036666577605040e-02	2.041737944669529e-02
576	1.619374866836043e-02	1.621810097358930e-02
592	1.584023529120249e-02	1.584893192461113e-02
603	1.524985987565941e-02	1.548816618912481e-02
604	1.483002853467541e-02	1.513561248436208e-02
605	1.472235730032678e-02	1.479108388168207e-02
622	1.427888876463734e-02	1.445439770745927e-02
631	1.400245224673036e-02	1.412537544622754e-02
648	1.226921937051251e-02	1.230268770812382e-02
650	1.186978672380934e-02	1.202264434617413e-02
651	1.169740668934671e-02	1.174897554939530e-02
655	1.059742318693457e-02	1.071519305237606e-02
659	1.030002434239541e-02	1.047128548050900e-02
664	1.018627161507335e-02	1.023292992280754e-02
669	9.973459902136494e-03	1.000000000000000e-02
676	9.707211299675444e-03	9.772372209558112e-03
696	9.531560528303618e-03	9.549925860214359e-03
703	9.055128641865307e-03	9.120108393559097e-03
708	8.605741896003161e-03	8.709635899560805e-03
714	8.410923231257028e-03	8.511380382023767e-03
715	7.955313676873188e-03	8.128305161640995e-03
718	7.712901709921116e-03	7.762471166286920e-03
727	7.577817217329530e-03	7.585775750291836e-03
750	7.391770142427867e-03	7.413102413009177e-03
752	6.988986165723965e-03	7.079457843841380e-03
753	6.671769677596084e-03	6.760829753919818e-03
760	6.592770472216514e-03	6.606934480075957e-03
766	6.422277130856080e-03	6.456542290346556e-03
770	6.164608383990688e-03	6.165950018614822e-03
786	5.992810012556915e-03	6.025595860743574e-03
791	5.558940490144715e-03	5.623413251903491e-03
801	5.493984457034640e-03	5.495408738576248e-03
812	5.358031635659288e-03	5.370317963702527e-03
813	5.144820522824056e-03	5.248074602497728e-03
814	5.102312724213132e-03	5.128613839913648e-03
831	4.990400469894518e-03	5.011872336272725e-03
847	4.886822721919315e-03	4.897788193684461e-03
855	4.773105356884910e-03	4.786300923226385e-03
877	4.669233391064287e-03	4.677351412871981e-03
905	4.569414264221305e-03	4.570881896148752e-03
934	4.465079614352052e-03	4.466835921509630e-03
1009	4.345355341367818e-03	4.365158322401661e-03
1047	4.162774913927358e-03	4.168693834703355e-03
1051	4.161645800756730e-03	4.168693834703355e-03
%
% index = 54, name = bbob_f001_i11_d02__bbob_f014_i12_d02
% instance = 5, reference value = 9.426031523342830e-01
% function evaluation | indicator value | target hit
1	3.943944478318446e-01	3.981071705534972e-01
196	3.392510277265900e-01	3.467368504525316e-01
275	3.211100423935752e-01	3.235936569296283e-01
329	2.812229341148949e-01	2.818382931264454e-01
330	2.700031854518705e-01	2.754228703338166e-01
348	2.296230253958748e-01	2.344228815319922e-01
366	2.282742114993416e-01	2.290867652767773e-01
387	2.108260755600955e-01	2.137962089502232e-01
392	2.072035795474744e-01	2.089296130854039e-01
403	1.231709437458479e-01	1.258925411794167e-01
406	1.224828072887180e-01	1.230268770812381e-01
414	7.765410623084024e-02	7.943282347242814e-02
417	7.628394101492064e-02	7.762471166286916e-02
456	7.535714081649425e-02	7.585775750291836e-02
461	7.374039511604291e-02	7.413102413009177e-02
464	7.209824010535681e-02	7.244359600749903e-02
485	7.058761799670632e-02	7.079457843841380e-02
502	6.674012591094225e-02	6.760829753919818e-02
504	6.345444289910818e-02	6.456542290346556e-02
506	6.229946972231093e-02	6.309573444801933e-02
512	4.543837754494129e-02	4.570881896148749e-02
514	3.828507607812093e-02	3.890451449942807e-02
515	3.750189492265443e-02	3.801893963205612e-02
517	3.689644445326901e-02	3.715352290971726e-02
525	3.596744631577220e-02	3.630780547701014e-02
535	3.528896855787300e-02	3.548133892335755e-02
536	3.373589212626094e-02	3.388441561392026e-02
540	3.183792846127431e-02	3.235936569296283e-02
551	3.154271524190688e-02	3.162277660168379e-02
566	3.078341477203217e-02	3.090295432513590e-02
602	2.563038464163070e-02	2.570395782768863e-02
605	2.468525381217612e-02	2.511886431509579e-02
606	2.157556285005779e-02	2.187761623949553e-02
613	2.064011781035613e-02	2.089296130854040e-02
621	1.963835480870935e-02	1.995262314968880e-02
623	1.917885471914971e-02	1.949844599758046e-02
624	1.835086062547797e-02	1.862087136662868e-02
628	1.813548073696314e-02	1.819700858609984e-02
636	1.676186209652386e-02	1.698243652461744e-02
643	1.613320055197376e-02	1.621810097358930e-02
658	1.528771031992782e-02	1.548816618912481e-02
665	1.509484516616155e-02	1.513561248436208e-02
666	1.463544342746204e-02	1.479108388168207e-02
673	1.445426517005433e-02	1.445439770745927e-02
675	1.369449730652783e-02	1.380384264602885e-02
700	1.348786345960207e-02	1.348962882591653e-02
703	1.269656914518835e-02	1.288249551693134e-02
706	1.248643185980303e-02	1.258925411794167e-02
716	1.183985542101840e-02	1.202264434617413e-02
717	1.139675694721454e-02	1.148153621496883e-02
725	1.121953090238015e-02	1.122018454301964e-02
727	1.094894379037570e-02	1.096478196143185e-02
731	1.068488781025667e-02	1.071519305237606e-02
734	1.045554445114616e-02	1.047128548050900e-02
751	9.951924699954540e-03	1.000000000000000e-02
756	9.673883917071580e-03	9.772372209558112e-03
757	9.510882692035594e-03	9.549925860214359e-03
764	8.995289126564665e-03	9.120108393559097e-03
766	8.851958061567800e-03	8.912509381337459e-03
772	8.681311715840301e-03	8.709635899560805e-03
782	8.336036931964830e-03	8.511380382023767e-03
795	8.241091632740116e-03	8.317637711026709e-03
800	8.019506125304554e-03	8.128305161640995e-03
809	7.843363357072808e-03	7.943282347242814e-03
811	7.744961091421421e-03	7.762471166286920e-03
812	7.549681592965651e-03	7.585775750291836e-03
815	7.217801421264824e-03	7.244359600749898e-03
843	7.073559838153498e-03	7.079457843841380e-03
855	6.780937490321381e-03	6.918309709189363e-03
857	6.708548851864338e-03	6.760829753919818e-03
863	6.597331852906896e-03	6.606934480075957e-03
864	6.256747033064225e-03	6.309573444801930e-03
868	5.712517544679607e-03	5.754399373371567e-03
876	5.613851841959061e-03	5.623413251903491e-03
883	5.450387291178194e-03	5.495408738576248e-03
890	5.324156148225012e-03	5.370317963702527e-03
903	5.031908596672019e-03	5.128613839913648e-03
905	5.000589846253956e-03	5.011872336272725e-03
909	4.862305234866526e-03	4.897788193684461e-03
919	4.671343977536990e-03	4.677351412871981e-03
931	4.564830378444906e-03	4.570881896148752e-03
941	4.463809767971005e-03	4.466835921509630e-03
953	4.347218349906146e-03	4.365158322401661e-03
958	4.031763603636329e-03	4.073802778041126e-03
963	3.968828737524244e-03	3.981071705534973e-03
968	3.852060925471967e-03	3.890451449942805e-03
974	3.759105643929339e-03	3.801893963205613e-03
981	3.708001828676366e-03	3.715352290971724e-03
989	3.600305428913542e-03	3.630780547701014e-03
991	3.533617653361243e-03	3.548133892335753e-03
1004	3.465974535493022e-03	3.467368504525317e-03
1022	3.376280617175764e-03	3.388441561392024e-03
1044	3.307742543940950e-03	3.311311214825911e-03
1051	3.244837522177191e-03	3.311311214825911e-03
%
% index = 55, name = bbob_f001_i13_d02__bbob_f014_i14_d02
% instance = 6, reference value = 8.990552467065900e-01
% function evaluation | indicator value | target hit
1	2.363246410974090e+00	2.398832919019490e+00
198	4.021975666547912e-01	4.073802778041127e-01
368	2.465072099411266e-01	2.511886431509580e-01
408	2.351871463757712e-01	2.398832919019490e-01
440	1.983013748259863e-01	1.995262314968880e-01
450	1.754656738574326e-01	1.778279410038923e-01
454	1.135586127923134e-01	1.148153621496883e-01
457	1.096221508710568e-01	1.096478196143185e-01
469	1.065845038313574e-01	1.071519305237607e-01
470	1.022618170228660e-01	1.023292992280754e-01
538	9.174459434526328e-02	9.332543007969910e-02
540	7.986426011799541e-02	8.128305161640990e-02
555	7.863172728992718e-02	7.943282347242814e-02
556	5.729336407608765e-02	5.754399373371569e-02
575	5.530911368215174e-02	5.623413251903491e-02
617	5.443909953877335e-02	5.495408738576246e-02
626	5.114126709146816e-02	5.128613839913648e-02
656	4.965086253604933e-02	5.011872336272722e-02
664	4.383618541921952e-02	4.466835921509630e-02
670	4.085485643402542e-02	4.168693834703355e-02
672	3.761747189487563e-02	3.801893963205612e-02
680	3.626985458866316e-02	3.630780547701014e-02
683	3.535323657440170e-02	3.548133892335755e-02
693	3.451960494647399e-02	3.467368504525317e-02
700	3.376268891548095e-02	3.388441561392026e-02
703	3.147279927724689e-02	3.162277660168379e-02
707	2.804092699558347e-02	2.818382931264454e-02
708	2.686899455556213e-02	2.691534803926915e-02
718	2.595854060029457e-02	2.630267991895381e-02
719	2.459977281327685e-02	2.511886431509579e-02
723	2.454309679036260e-02	2.454708915685030e-02
735	2.332321869573672e-02	2.344228815319923e-02
741	2.215138980183551e-02	2.238721138568340e-02
753	2.100666038905508e-02	2.137962089502233e-02
756	2.079003522791123e-02	2.089296130854040e-02
763	2.012240287059552e-02	2.041737944669529e-02
768	1.942825720904595e-02	1.949844599758046e-02
784	1.861798459050956e-02	1.862087136662868e-02
789	1.795423410598196e-02	1.819700858609984e-02
802	1.775149551406430e-02	1.778279410038923e-02
808	1.718111712073567e-02	1.737800828749375e-02
814	1.665681141616415e-02	1.698243652461744e-02
817	1.655085291121527e-02	1.659586907437561e-02
831	1.620544705655924e-02	1.621810097358930e-02
845	1.562711520644189e-02	1.584893192461113e-02
849	1.544978974448785e-02	1.548816618912481e-02
852	1.448274248382753e-02	1.479108388168207e-02
855	1.437154598957646e-02	1.445439770745927e-02
863	1.410678386621989e-02	1.412537544622754e-02
872	1.371234370037688e-02	1.380384264602885e-02
882	1.348219636829040e-02	1.348962882591653e-02
902	1.316092705319016e-02	1.318256738556407e-02
924	1.262143365593393e-02	1.288249551693134e-02
930	1.258562237900474e-02	1.258925411794167e-02
956	1.226776125980722e-02	1.230268770812382e-02
978	1.201841198473641e-02	1.202264434617413e-02
1031	1.174022666903973e-02	1.174897554939530e-02
1041	9.943033675814394e-03	1.000000000000000e-02
1051	9.898444338361956e-03	1.000000000000000e-02
%
% index = 56, name = bbob_f001_i15_d02__bbob_f014_i16_d02
% instance = 7, reference value = 8.133138528083800e-01
% function evaluation | indicator value | target hit
1	2.534351246890897e+01	2.570395782768863e+01
208	7.947303240746260e+00	8.128305161640993e+00
338	7.681203270975540e+00	7.762471166286917e+00
343	5.921949404259386e+00	6.025595860743578e+00
352	5.168015244832029e+00	5.248074602497725e+00
398	5.099553803978573e+00	5.128613839913648e+00
399	4.529683170253167e+00	4.570881896148751e+00
427	3.393992195490419e+00	3.467368504525317e+00
454	2.156226543545705e+00	2.187761623949553e+00
588	1.718133620321380e+00	1.737800828749375e+00
615	1.296370671493380e+00	1.318256738556407e+00
701	9.516013386348799e-01	9.549925860214360e-01
704	8.188377199303799e-01	8.317637711026710e-01
760	7.546153044368530e-01	7.585775750291838e-01
868	6.744170562088423e-01	6.760829753919817e-01
1039	5.465833541071723e-01	5.495408738576245e-01
1051	5.464202851949088e-01	5.495408738576245e-01
%
% index = 57, name = bbob_f001_i17_d02__bbob_f014_i18_d02
% instance = 8, reference value = 9.105502186350670e-01
% function evaluation | indicator value | target hit
1	3.098752591847614e-01	3.162277660168379e-01
31	3.020869644594919e-01	3.090295432513591e-01
177	1.540755616542696e-01	1.548816618912481e-01
206	1.206487396441113e-01	1.230268770812381e-01
362	1.112169063107747e-01	1.122018454301964e-01
367	1.072833973723204e-01	1.096478196143185e-01
373	1.066017528292041e-01	1.071519305237607e-01
398	1.045136391189889e-01	1.047128548050900e-01
401	7.135395614666151e-02	7.244359600749903e-02
406	6.965318517813068e-02	7.079457843841380e-02
408	6.789242213462943e-02	6.918309709189366e-02
415	4.920713210866690e-02	5.011872336272722e-02
423	4.490344756879594e-02	4.570881896148749e-02
430	4.461862548917606e-02	4.466835921509630e-02
432	3.492681582288992e-02	3.548133892335755e-02
434	3.451811173855368e-02	3.467368504525317e-02
462	3.383570663312419e-02	3.388441561392026e-02
468	3.110368755837145e-02	3.162277660168379e-02
485	3.085588818875684e-02	3.090295432513590e-02
488	2.820094340720458e-02	2.884031503126606e-02
489	2.675393953051008e-02	2.691534803926915e-02
503	2.619721347244575e-02	2.630267991895381e-02
504	2.055813712514221e-02	2.089296130854040e-02
511	2.037944654464841e-02	2.041737944669529e-02
520	1.966199007755542e-02	1.995262314968880e-02
521	1.923579004164344e-02	1.949844599758046e-02
528	1.904467439526492e-02	1.905460717963247e-02
529	1.731530349291799e-02	1.737800828749375e-02
542	1.612774211177848e-02	1.621810097358930e-02
549	1.555785691280109e-02	1.584893192461113e-02
553	1.515929923549819e-02	1.548816618912481e-02
554	1.427475722010563e-02	1.445439770745927e-02
555	1.401242993164742e-02	1.412537544622754e-02
557	1.360386340154929e-02	1.380384264602885e-02
558	1.332240695157505e-02	1.348962882591653e-02
560	1.283886673193746e-02	1.288249551693134e-02
563	1.255881300153316e-02	1.258925411794167e-02
567	1.218380829198706e-02	1.230268770812382e-02
569	1.175261319026411e-02	1.202264434617413e-02
570	1.145175751733540e-02	1.148153621496883e-02
575	1.119627487464114e-02	1.122018454301964e-02
584	1.091146891327632e-02	1.096478196143185e-02
592	1.039953045130648e-02	1.047128548050900e-02
594	1.016997961370925e-02	1.023292992280754e-02
607	9.971002860021061e-03	1.000000000000000e-02
610	9.676920997083838e-03	9.772372209558112e-03
613	9.532446689222818e-03	9.549925860214359e-03
615	9.136346393123551e-03	9.332543007969915e-03
618	8.991322689356762e-03	9.120108393559097e-03
620	8.899046652976361e-03	8.912509381337459e-03
622	8.693373192525500e-03	8.709635899560805e-03
631	8.497972008136956e-03	8.511380382023767e-03
645	7.910341602863191e-03	7.943282347242814e-03
655	7.685541639643079e-03	7.762471166286920e-03
662	7.557124281859950e-03	7.585775750291836e-03
670	7.390440121018749e-03	7.413102413009177e-03
673	7.223489995908161e-03	7.244359600749898e-03
680	6.901275900268011e-03	6.918309709189363e-03
690	6.756117088429492e-03	6.760829753919818e-03
701	6.368233720475125e-03	6.456542290346556e-03
706	6.251413474633871e-03	6.309573444801930e-03
710	6.090212497012581e-03	6.165950018614822e-03
716	5.978421125395483e-03	6.025595860743574e-03
720	5.876269160893899e-03	5.888436553555890e-03
733	5.741805056258098e-03	5.754399373371567e-03
734	5.517594604741549e-03	5.623413251903491e-03
737	5.493453639514367e-03	5.495408738576248e-03
750	5.354025629229708e-03	5.370317963702527e-03
757	5.232623638520728e-03	5.248074602497728e-03
758	5.027767936386263e-03	5.128613839913648e-03
760	4.994831075249007e-03	5.011872336272725e-03
763	4.447042658342837e-03	4.466835921509630e-03
764	4.275999082640869e-03	4.365158322401661e-03
767	4.262548918782083e-03	4.265795188015926e-03
782	4.131046934409799e-03	4.168693834703355e-03
793	4.065412322788786e-03	4.073802778041126e-03
809	3.979326917499026e-03	3.981071705534973e-03
818	3.876823568778942e-03	3.890451449942805e-03
825	3.798168441638161e-03	3.801893963205613e-03
839	3.679009555177304e-03	3.715352290971724e-03
843	3.626821705517314e-03	3.630780547701014e-03
854	3.523686938883719e-03	3.548133892335753e-03
865	3.460648153100321e-03	3.467368504525317e-03
869	3.381667988963555e-03	3.388441561392024e-03
888	3.302742498220601e-03	3.311311214825911e-03
906	3.234497673739622e-03	3.235936569296281e-03
908	3.129992510939816e-03	3.162277660168379e-03
910	3.085078922660078e-03	3.090295432513592e-03
922	3.017031517367874e-03	3.019951720402016e-03
945	2.947724680161912e-03	2.951209226666387e-03
962	2.672481192107834e-03	2.691534803926917e-03
978	2.603033004121347e-03	2.630267991895381e-03
994	2.569276667859777e-03	2.570395782768865e-03
1003	2.454831834902582e-03	2.511886431509579e-03
1004	2.441226628471793e-03	2.454708915685031e-03
1013	2.387299075012006e-03	2.398832919019490e-03
1025	2.343901889437117e-03	2.344228815319923e-03
1035	2.246621645762059e-03	2.290867652767772e-03
1037	2.235214647504646e-03	2.238721138568340e-03
1041	2.185902535904782e-03	2.187761623949552e-03
1051	2.166238730860193e-03	2.187761623949552e-03
%
% index = 58, name = bbob_f001_i19_d02__bbob_f014_i21_d02
% instance = 9, reference value = 6.758960801894260e-01
% function evaluation | indicator value | target hit
1	2.780871277521426e+00	2.818382931264454e+00
299	1.257958747945426e+00	1.258925411794167e+00
300	3.815072801061259e-01	3.890451449942806e-01
304	3.035469438625142e-01	3.090295432513591e-01
345	1.994559692329918e-01	1.995262314968880e-01
357	1.701692164882501e-01	1.737800828749375e-01
373	1.651566300778861e-01	1.659586907437560e-01
416	1.614128616654747e-01	1.621810097358930e-01
422	1.410743459174212e-01	1.412537544622754e-01
430	1.347618482523381e-01	1.348962882591654e-01
482	1.279710944434691e-01	1.288249551693134e-01
483	1.209474934520064e-01	1.230268770812381e-01
486	1.060647125225866e-01	1.071519305237607e-01
490	1.032928031970489e-01	1.047128548050900e-01
493	9.727392603185780e-02	9.772372209558107e-02
505	9.509894331099711e-02	9.549925860214359e-02
508	9.292464618420848e-02	9.332543007969910e-02
509	8.914640366654247e-02	9.120108393559097e-02
515	8.790891383226462e-02	8.912509381337455e-02
527	8.349875257867245e-02	8.511380382023763e-02
528	8.190076673171676e-02	8.317637711026708e-02
532	8.124515624202744e-02	8.128305161640990e-02
543	7.762694139248749e-02	7.943282347242814e-02
546	7.604571694580775e-02	7.762471166286916e-02
550	7.351363872031702e-02	7.413102413009177e-02
558	7.057579070522013e-02	7.079457843841380e-02
576	6.865105737727062e-02	6.918309709189366e-02
579	6.720403871567837e-02	6.760829753919818e-02
586	6.496496787273731e-02	6.606934480075961e-02
592	6.391139495317255e-02	6.456542290346556e-02
593	6.085121500813218e-02	6.165950018614822e-02
594	5.891475948159941e-02	6.025595860743578e-02
602	5.564995581935239e-02	5.623413251903491e-02
612	5.443677461978769e-02	5.495408738576246e-02
614	5.282636043070954e-02	5.370317963702527e-02
619	5.089906665644173e-02	5.128613839913648e-02
624	4.972949991945430e-02	5.011872336272722e-02
635	4.687705950426646e-02	4.786300923226382e-02
638	4.617347047712250e-02	4.677351412871981e-02
645	4.540718784957576e-02	4.570881896148749e-02
652	4.466752779063898e-02	4.466835921509630e-02
657	4.362872082655334e-02	4.365158322401658e-02
661	4.150901024315978e-02	4.168693834703355e-02
662	4.063729991374887e-02	4.073802778041128e-02
671	3.841716077572432e-02	3.890451449942807e-02
675	3.761672484637979e-02	3.801893963205612e-02
686	3.711558057967601e-02	3.715352290971726e-02
693	3.616824021593223e-02	3.630780547701014e-02
699	3.543286900249709e-02	3.548133892335755e-02
710	3.345945553809226e-02	3.388441561392026e-02
721	3.294928110186190e-02	3.311311214825911e-02
735	3.231611130325984e-02	3.235936569296283e-02
744	3.121343043123936e-02	3.162277660168379e-02
753	3.090074107964391e-02	3.090295432513590e-02
763	3.005127336477742e-02	3.019951720402016e-02
771	2.951078833983289e-02	2.951209226666385e-02
777	2.881228250933354e-02	2.884031503126606e-02
786	2.802557776617076e-02	2.818382931264454e-02
801	2.737536262907136e-02	2.754228703338166e-02
811	2.678659641856607e-02	2.691534803926915e-02
829	2.624927171029068e-02	2.630267991895381e-02
853	2.569726216595114e-02	2.570395782768863e-02
876	2.508302765470205e-02	2.511886431509579e-02
882	2.446111678999796e-02	2.454708915685030e-02
893	2.393560287031826e-02	2.398832919019490e-02
911	2.335649228311432e-02	2.344228815319923e-02
914	2.278908558799164e-02	2.290867652767773e-02
933	2.230475125855147e-02	2.238721138568340e-02
950	2.185920482519310e-02	2.187761623949553e-02
960	2.130656408084075e-02	2.137962089502233e-02
970	2.081289713768752e-02	2.089296130854040e-02
980	1.997329690729921e-02	2.041737944669529e-02
982	1.992113781273153e-02	1.995262314968880e-02
1003	1.947987086670200e-02	1.949844599758046e-02
1036	1.896797966946551e-02	1.905460717963247e-02
1048	1.817188455830943e-02	1.819700858609984e-02
1051	1.816910212331213e-02	1.819700858609984e-02
%
% index = 59, name = bbob_f001_i21_d02__bbob_f014_i22_d02
% instance = 10, reference value = 8.824209803154200e-01
% function evaluation | indicator value | target hit
1	1.244295646803420e+00	1.258925411794167e+00
291	4.963931960764012e-01	5.011872336272722e-01
328	4.434305761770260e-01	4.466835921509631e-01
363	4.285153212324330e-01	4.365158322401660e-01
386	2.378180543132777e-01	2.398832919019490e-01
490	1.206279087152133e-01	1.230268770812381e-01
515	1.114163277321305e-01	1.122018454301964e-01
521	1.010910651223897e-01	1.023292992280754e-01
559	7.496289419021285e-02	7.585775750291836e-02
589	7.098431287800555e-02	7.244359600749903e-02
592	6.301306046524735e-02	6.309573444801933e-02
603	5.304877388711404e-02	5.370317963702527e-02
615	5.104849839528713e-02	5.128613839913648e-02
628	4.681049446820784e-02	4.786300923226382e-02
629	3.953508514589021e-02	3.981071705534973e-02
635	3.854049035506668e-02	3.890451449942807e-02
647	3.774995306956974e-02	3.801893963205612e-02
663	3.261993931727991e-02	3.311311214825911e-02
664	2.836550215495504e-02	2.884031503126606e-02
666	2.805293304099921e-02	2.818382931264454e-02
668	2.604598906680045e-02	2.630267991895381e-02
685	2.514005896354432e-02	2.570395782768863e-02
686	2.464357076617585e-02	2.511886431509579e-02
689	2.374436375013911e-02	2.398832919019490e-02
700	2.328923722446030e-02	2.344228815319923e-02
703	2.215364940528197e-02	2.238721138568340e-02
706	2.180451159247332e-02	2.187761623949553e-02
718	2.105884700862481e-02	2.137962089502233e-02
727	2.059314137700874e-02	2.089296130854040e-02
735	2.031690887733584e-02	2.041737944669529e-02
758	1.825176903138093e-02	1.862087136662868e-02
759	1.814847496179106e-02	1.819700858609984e-02
769	1.569359969043738e-02	1.584893192461113e-02
777	1.530719862037189e-02	1.548816618912481e-02
784	1.427399222220149e-02	1.445439770745927e-02
789	1.406695896433252e-02	1.412537544622754e-02
796	1.377762610908995e-02	1.380384264602885e-02
803	1.250265114002469e-02	1.258925411794167e-02
814	1.223169149198766e-02	1.230268770812382e-02
820	1.201982212018349e-02	1.202264434617413e-02
835	1.111970661886696e-02	1.122018454301964e-02
842	1.049916051447464e-02	1.071519305237606e-02
844	1.046913061343158e-02	1.047128548050900e-02
853	1.021882283629827e-02	1.023292992280754e-02
864	9.986663271672191e-03	1.000000000000000e-02
866	9.731778736967955e-03	9.772372209558112e-03
874	9.442233935014199e-03	9.549925860214359e-03
878	9.330204544540699e-03	9.332543007969915e-03
885	8.000538148175029e-03	8.128305161640995e-03
891	7.718423123582396e-03	7.762471166286920e-03
900	7.584271267780385e-03	7.585775750291836e-03
906	7.337371913760493e-03	7.413102413009177e-03
909	7.197223314178602e-03	7.244359600749898e-03
910	7.072094168121379e-03	7.079457843841380e-03
930	6.910361587363356e-03	6.918309709189363e-03
936	6.725463807540133e-03	6.760829753919818e-03
955	6.598219030186758e-03	6.606934480075957e-03
972	6.453019406535310e-03	6.456542290346556e-03
984	6.290741922558296e-03	6.309573444801930e-03
995	6.122407967417032e-03	6.165950018614822e-03
1015	6.015327903704182e-03	6.025595860743574e-03
1044	5.887652956658496e-03	5.888436553555890e-03
1051	5.875195953124912e-03	5.888436553555890e-03
