%
% index = 400, name = bbob_f014_i02_d02__bbob_f014_i04_d02
% instance = 1, reference value = 8.220326366324350e-01
% function evaluation | indicator value | target hit
1	5.992962881618784e-01	6.025595860743578e-01
53	3.339018557544761e-01	3.388441561392025e-01
202	2.984565605606772e-01	3.019951720402016e-01
205	2.421864757496336e-01	2.454708915685030e-01
237	2.346571110505088e-01	2.398832919019490e-01
242	2.327217887255009e-01	2.344228815319922e-01
278	2.267306404581863e-01	2.290867652767773e-01
280	2.196414231899271e-01	2.238721138568339e-01
304	2.183666237929065e-01	2.187761623949552e-01
346	2.042188466500073e-01	2.089296130854039e-01
347	2.004761719628313e-01	2.041737944669530e-01
350	1.767491751897835e-01	1.778279410038923e-01
351	1.284981541184028e-01	1.288249551693134e-01
359	1.186204565913438e-01	1.202264434617413e-01
360	1.133336247387918e-01	1.148153621496883e-01
361	1.113464076702294e-01	1.122018454301964e-01
368	1.089385745117430e-01	1.096478196143185e-01
383	1.061939692942869e-01	1.071519305237607e-01
398	1.026413652360244e-01	1.047128548050900e-01
403	1.022846273404492e-01	1.023292992280754e-01
416	9.939488434868526e-02	1.000000000000000e-01
418	9.556783332301055e-02	9.772372209558107e-02
420	9.510534690786521e-02	9.549925860214359e-02
424	9.119079798264518e-02	9.120108393559097e-02
442	8.834878250823164e-02	8.912509381337455e-02
459	8.700305433490907e-02	8.709635899560805e-02
517	8.427483724739870e-02	8.511380382023763e-02
529	7.782797788911699e-02	7.943282347242814e-02
538	7.745041903053573e-02	7.762471166286916e-02
565	7.576189793692545e-02	7.585775750291836e-02
596	7.396625485658126e-02	7.413102413009177e-02
626	7.223615705973596e-02	7.244359600749903e-02
659	7.079242006605224e-02	7.079457843841380e-02
661	6.677568736675754e-02	6.760829753919818e-02
662	6.233164325147300e-02	6.309573444801933e-02
663	5.814251292112771e-02	5.888436553555890e-02
676	5.702891672008725e-02	5.754399373371569e-02
720	5.563771906658643e-02	5.623413251903491e-02
751	5.399192922161211e-02	5.495408738576246e-02
754	5.361295991700243e-02	5.370317963702527e-02
765	4.618452691103425e-02	4.677351412871981e-02
796	4.552528909610809e-02	4.570881896148749e-02
820	4.285197664035789e-02	4.365158322401658e-02
821	4.229377740194684e-02	4.265795188015926e-02
827	3.970443681169833e-02	3.981071705534973e-02
835	3.890080201675472e-02	3.890451449942807e-02
862	3.725709508871322e-02	3.801893963205612e-02
877	3.691388702952370e-02	3.715352290971726e-02
928	3.630304857729660e-02	3.630780547701014e-02
955	3.443924388430286e-02	3.467368504525317e-02
971	3.378855247100143e-02	3.388441561392026e-02
995	3.282555618975236e-02	3.311311214825911e-02
1019	3.210104310798378e-02	3.235936569296283e-02
1043	3.142137280337121e-02	3.162277660168379e-02
1063	3.070908757394852e-02	3.090295432513590e-02
1070	3.014751177186337e-02	3.019951720402016e-02
1107	2.930186973680537e-02	2.951209226666385e-02
1122	2.875983822100581e-02	2.884031503126606e-02
1130	2.803891000139913e-02	2.818382931264454e-02
1139	2.729796952682995e-02	2.754228703338166e-02
1143	2.544046165301328e-02	2.570395782768863e-02
1147	2.506789763958939e-02	2.511886431509579e-02
1155	2.434777892910411e-02	2.454708915685030e-02
1199	2.398755280995868e-02	2.398832919019490e-02
1217	2.323858325451578e-02	2.344228815319923e-02
1223	2.278203051975869e-02	2.290867652767773e-02
1240	2.117619747277921e-02	2.137962089502233e-02
1250	2.057977230586350e-02	2.089296130854040e-02
1257	2.028745447615221e-02	2.041737944669529e-02
1281	1.976191244438164e-02	1.995262314968880e-02
1292	1.932804151499312e-02	1.949844599758046e-02
1309	1.903205887917225e-02	1.905460717963247e-02
1333	1.843182596005766e-02	1.862087136662868e-02
1369	1.807192464224638e-02	1.819700858609984e-02
1405	1.760105751169627e-02	1.778279410038923e-02
1423	1.737439501144722e-02	1.737800828749375e-02
1447	1.691524360635155e-02	1.698243652461744e-02
1529	1.653970308781394e-02	1.659586907437561e-02
1560	1.619359605506032e-02	1.621810097358930e-02
1574	1.582284342227802e-02	1.584893192461113e-02
1608	1.548291426945203e-02	1.548816618912481e-02
1642	1.511078056529924e-02	1.513561248436208e-02
1645	1.478010563607457e-02	1.479108388168207e-02
1695	1.445175754148376e-02	1.445439770745927e-02
1753	1.411227420414829e-02	1.412537544622754e-02
1856	1.378588552636084e-02	1.380384264602885e-02
1919	1.340094185737717e-02	1.348962882591653e-02
1972	1.313614219734527e-02	1.318256738556407e-02
2013	1.283247776024654e-02	1.288249551693134e-02
2178	1.258076176611544e-02	1.258925411794167e-02
2183	1.105564396564951e-02	1.122018454301964e-02
2243	1.093942900774569e-02	1.096478196143185e-02
2319	1.071518943714611e-02	1.071519305237606e-02
2344	9.743106848825067e-03	9.772372209558112e-03
2418	9.532867344189899e-03	9.549925860214359e-03
2543	8.481002799609172e-03	8.511380382023767e-03
2581	8.301597881431366e-03	8.317637711026709e-03
2630	6.362959184323280e-03	6.456542290346556e-03
2634	6.306171920353432e-03	6.309573444801930e-03
2663	6.146569177196248e-03	6.165950018614822e-03
2694	6.018934246925012e-03	6.025595860743574e-03
2756	5.880105847568595e-03	5.888436553555890e-03
2825	5.745459333174607e-03	5.754399373371567e-03
2855	5.600644235230878e-03	5.623413251903491e-03
2864	5.460010541641469e-03	5.495408738576248e-03
2871	5.351675195750305e-03	5.370317963702527e-03
2888	5.247959007543490e-03	5.248074602497728e-03
2925	5.112815891762601e-03	5.128613839913648e-03
2945	5.005303111689674e-03	5.011872336272725e-03
2981	4.887230385137165e-03	4.897788193684461e-03
3040	4.768740930006676e-03	4.786300923226385e-03
3085	4.670060255311026e-03	4.677351412871981e-03
3147	4.561631390171850e-03	4.570881896148752e-03
3184	4.465470529768867e-03	4.466835921509630e-03
3250	4.351725248905147e-03	4.365158322401661e-03
3287	4.259570896632647e-03	4.265795188015926e-03
3376	4.165944968157143e-03	4.168693834703355e-03
3416	4.071572640694798e-03	4.073802778041126e-03
3496	3.974682326223000e-03	3.981071705534973e-03
3586	3.879136357337720e-03	3.890451449942805e-03
3658	3.797087775083141e-03	3.801893963205613e-03
3795	3.713534091850823e-03	3.715352290971724e-03
3916	3.628964885502017e-03	3.630780547701014e-03
4028	3.544777150424894e-03	3.548133892335753e-03
4167	3.465157381389639e-03	3.467368504525317e-03
4306	3.384044366096517e-03	3.388441561392024e-03
4512	3.310426972563230e-03	3.311311214825911e-03
4551	3.298727659036382e-03	3.311311214825911e-03
%
% index = 401, name = bbob_f014_i03_d02__bbob_f014_i05_d02
% instance = 2, reference value = 9.147317199105760e-01
% function evaluation | indicator value | target hit
1	2.096198728489076e+00	2.137962089502232e+00
74	2.442294658703764e-01	2.454708915685030e-01
123	2.345277499880045e-01	2.398832919019490e-01
224	2.244632573262413e-01	2.290867652767773e-01
229	2.197743665461270e-01	2.238721138568339e-01
318	1.939001124117354e-01	1.949844599758045e-01
509	1.902613966504114e-01	1.905460717963247e-01
762	1.797652173845588e-01	1.819700858609984e-01
894	1.727847265397581e-01	1.737800828749375e-01
1036	1.688555253420047e-01	1.698243652461744e-01
1147	1.579660633411726e-01	1.584893192461113e-01
1197	1.531378192090870e-01	1.548816618912481e-01
1263	1.497166475789821e-01	1.513561248436208e-01
1395	1.435832013644240e-01	1.445439770745928e-01
4551	1.431806941029276e-01	1.445439770745928e-01
%
% index = 402, name = bbob_f014_i07_d02__bbob_f014_i08_d02
% instance = 3, reference value = 8.535873896473271e-01
% function evaluation | indicator value | target hit
1	1.550981022078827e+00	1.584893192461114e+00
93	2.885585579538692e-01	2.951209226666385e-01
207	2.137562570431416e-01	2.137962089502232e-01
237	2.018327664312107e-01	2.041737944669530e-01
352	1.984633162503427e-01	1.995262314968880e-01
390	1.756796404346640e-01	1.778279410038923e-01
424	1.737193147404592e-01	1.737800828749375e-01
446	1.079954644431077e-01	1.096478196143185e-01
455	9.707872774063075e-02	9.772372209558107e-02
462	7.602074062958220e-02	7.762471166286916e-02
503	7.585357165355566e-02	7.585775750291836e-02
524	7.110975383472939e-02	7.244359600749903e-02
529	6.677654558376667e-02	6.760829753919818e-02
541	4.867479878364112e-02	4.897788193684462e-02
547	4.437366749425919e-02	4.466835921509630e-02
551	3.510309317242610e-02	3.548133892335755e-02
564	3.400228723236198e-02	3.467368504525317e-02
568	3.276927337229307e-02	3.311311214825911e-02
571	3.228622428412775e-02	3.235936569296283e-02
589	3.156433515031321e-02	3.162277660168379e-02
594	3.021155674066778e-02	3.090295432513590e-02
598	3.001960340381993e-02	3.019951720402016e-02
626	2.930300454957335e-02	2.951209226666385e-02
669	2.838293672634162e-02	2.884031503126606e-02
672	2.813763623050047e-02	2.818382931264454e-02
673	2.741876641119922e-02	2.754228703338166e-02
678	2.559824283801593e-02	2.570395782768863e-02
690	2.427539101812359e-02	2.454708915685030e-02
696	2.382912305863383e-02	2.398832919019490e-02
706	2.266605029061675e-02	2.290867652767773e-02
716	2.213956593128785e-02	2.238721138568340e-02
736	2.010984891987344e-02	2.041737944669529e-02
741	1.991970215018846e-02	1.995262314968880e-02
752	1.901134151405814e-02	1.905460717963247e-02
765	1.820954901241223e-02	1.862087136662868e-02
770	1.814705504339353e-02	1.819700858609984e-02
792	1.707803184974988e-02	1.737800828749375e-02
795	1.657406696019059e-02	1.659586907437561e-02
804	1.620125192872612e-02	1.621810097358930e-02
813	1.579656320553502e-02	1.584893192461113e-02
822	1.477717757125019e-02	1.479108388168207e-02
826	1.443702979135508e-02	1.445439770745927e-02
830	1.272660322272423e-02	1.288249551693134e-02
835	1.249239792486523e-02	1.258925411794167e-02
852	1.174488984940369e-02	1.174897554939530e-02
870	1.106827215633943e-02	1.122018454301964e-02
874	1.094620880255071e-02	1.096478196143185e-02
875	1.068630569576290e-02	1.071519305237606e-02
896	1.024258091475105e-02	1.047128548050900e-02
900	1.016088971398166e-02	1.023292992280754e-02
928	9.971380710019795e-03	1.000000000000000e-02
936	9.683853473281268e-03	9.772372209558112e-03
943	9.485585887280990e-03	9.549925860214359e-03
949	9.308297440060675e-03	9.332543007969915e-03
958	9.118940296009681e-03	9.120108393559097e-03
973	8.869154363350562e-03	8.912509381337459e-03
975	8.408448820002135e-03	8.511380382023767e-03
986	8.308222871682980e-03	8.317637711026709e-03
993	8.099725168079663e-03	8.128305161640995e-03
1009	7.938729789237819e-03	7.943282347242814e-03
1025	7.718240189160119e-03	7.762471166286920e-03
1058	7.584957221076771e-03	7.585775750291836e-03
1085	7.396551943538832e-03	7.413102413009177e-03
1097	7.113873834562745e-03	7.244359600749898e-03
1107	7.038745240889099e-03	7.079457843841380e-03
1117	6.900042633392611e-03	6.918309709189363e-03
1185	6.758003789366973e-03	6.760829753919818e-03
1208	6.606215632318002e-03	6.606934480075957e-03
1250	6.447868668406742e-03	6.456542290346556e-03
1320	6.295754504169637e-03	6.309573444801930e-03
1380	6.163830034496498e-03	6.165950018614822e-03
1406	6.008975339005684e-03	6.025595860743574e-03
1470	5.886786751803319e-03	5.888436553555890e-03
1567	5.749041395599730e-03	5.754399373371567e-03
1647	5.620456062357060e-03	5.623413251903491e-03
1823	5.492978402223403e-03	5.495408738576248e-03
2025	5.369135316635631e-03	5.370317963702527e-03
2320	5.246313709070138e-03	5.248074602497728e-03
2634	5.119402639899850e-03	5.128613839913648e-03
2990	5.011666693117811e-03	5.011872336272725e-03
3421	4.894134406918771e-03	4.897788193684461e-03
4115	4.785587857559115e-03	4.786300923226385e-03
4551	4.722214534523927e-03	4.786300923226385e-03
%
% index = 403, name = bbob_f014_i09_d02__bbob_f014_i10_d02
% instance = 4, reference value = 5.123730252304380e-01
% function evaluation | indicator value | target hit
1	8.004839501398742e+00	8.128305161640993e+00
84	1.411481161378938e+00	1.412537544622754e+00
87	1.231641363591438e+00	1.258925411794167e+00
204	1.184827424067438e+00	1.202264434617413e+00
210	3.680242089825126e-01	3.715352290971726e-01
315	3.146116327868088e-01	3.162277660168379e-01
354	2.893670843095191e-01	2.951209226666385e-01
381	2.869348341894437e-01	2.884031503126606e-01
390	2.745980027904406e-01	2.754228703338166e-01
423	2.158687866018625e-01	2.187761623949552e-01
435	1.833848215373464e-01	1.862087136662867e-01
442	1.771586017676277e-01	1.778279410038923e-01
463	1.396861118160952e-01	1.412537544622754e-01
545	1.321283784547667e-01	1.348962882591654e-01
552	1.192792958161447e-01	1.202264434617413e-01
582	1.171449495681898e-01	1.174897554939529e-01
583	1.106085920894325e-01	1.122018454301964e-01
656	1.093885932555015e-01	1.096478196143185e-01
658	9.789725586931769e-02	1.000000000000000e-01
661	9.687162838148522e-02	9.772372209558107e-02
662	9.428033109030859e-02	9.549925860214359e-02
665	8.986093571988180e-02	9.120108393559097e-02
673	8.663106197812342e-02	8.709635899560805e-02
677	7.915873730011230e-02	7.943282347242814e-02
680	6.364980491749561e-02	6.456542290346556e-02
708	6.185950050297206e-02	6.309573444801933e-02
715	6.072909353569278e-02	6.165950018614822e-02
716	5.656273777311416e-02	5.754399373371569e-02
717	5.520586425755553e-02	5.623413251903491e-02
731	5.477955781324351e-02	5.495408738576246e-02
741	5.289529443084640e-02	5.370317963702527e-02
769	5.246444335689382e-02	5.248074602497726e-02
777	4.993650575941033e-02	5.011872336272722e-02
816	4.785915549730463e-02	4.786300923226382e-02
837	4.460776303413255e-02	4.466835921509630e-02
845	4.309144638428630e-02	4.365158322401658e-02
856	3.913762136563526e-02	3.981071705534973e-02
859	3.742283421398146e-02	3.801893963205612e-02
864	3.694331093455427e-02	3.715352290971726e-02
885	3.624855119604564e-02	3.630780547701014e-02
890	3.504981726125750e-02	3.548133892335755e-02
897	3.451166572553027e-02	3.467368504525317e-02
899	3.247604671873894e-02	3.311311214825911e-02
900	3.128512734766836e-02	3.162277660168379e-02
907	3.079724296770803e-02	3.090295432513590e-02
910	2.827629878124127e-02	2.884031503126606e-02
921	2.783502420018386e-02	2.818382931264454e-02
939	2.718627207360885e-02	2.754228703338166e-02
943	2.661645290314923e-02	2.691534803926915e-02
965	2.618658392265172e-02	2.630267991895381e-02
980	2.567399492068884e-02	2.570395782768863e-02
1020	2.413998581598015e-02	2.454708915685030e-02
1034	2.387575295845007e-02	2.398832919019490e-02
1102	2.340912604466311e-02	2.344228815319923e-02
1112	2.257579348408123e-02	2.290867652767773e-02
1116	2.112471831104545e-02	2.137962089502233e-02
1124	2.061348199055957e-02	2.089296130854040e-02
1145	2.040857435645010e-02	2.041737944669529e-02
1153	1.981394560687738e-02	1.995262314968880e-02
1179	1.927825661761534e-02	1.949844599758046e-02
1183	1.900329005853857e-02	1.905460717963247e-02
1193	1.771252915319399e-02	1.778279410038923e-02
1208	1.718809938139743e-02	1.737800828749375e-02
1221	1.687395941960190e-02	1.698243652461744e-02
1229	1.640603028074916e-02	1.659586907437561e-02
1242	1.614116296820534e-02	1.621810097358930e-02
1269	1.582871515625545e-02	1.584893192461113e-02
1288	1.544717368357784e-02	1.548816618912481e-02
1301	1.508027024040953e-02	1.513561248436208e-02
1308	1.473005792355608e-02	1.479108388168207e-02
1333	1.435098643736377e-02	1.445439770745927e-02
1355	1.411788568091094e-02	1.412537544622754e-02
1377	1.347778691937035e-02	1.348962882591653e-02
1388	1.231420474597023e-02	1.258925411794167e-02
1389	1.207825565935439e-02	1.230268770812382e-02
1392	1.184620546982784e-02	1.202264434617413e-02
1398	1.163538839444056e-02	1.174897554939530e-02
1417	1.144293012868391e-02	1.148153621496883e-02
1435	1.116859251597868e-02	1.122018454301964e-02
1441	1.074907227984079e-02	1.096478196143185e-02
1450	1.046759138594611e-02	1.047128548050900e-02
1465	1.017262392600793e-02	1.023292992280754e-02
1506	9.818758605098843e-03	1.000000000000000e-02
1513	9.715620891988852e-03	9.772372209558112e-03
1525	9.535029201843570e-03	9.549925860214359e-03
1587	9.327083779836376e-03	9.332543007969915e-03
1697	8.968369993409664e-03	9.120108393559097e-03
1699	8.854080715522850e-03	8.912509381337459e-03
1713	7.927123677454517e-03	7.943282347242814e-03
1739	7.745626821690998e-03	7.762471166286920e-03
1766	7.571905209211360e-03	7.585775750291836e-03
1795	6.991849425115659e-03	7.079457843841380e-03
1809	6.849073677341444e-03	6.918309709189363e-03
1821	6.760757635716930e-03	6.760829753919818e-03
1824	6.598076768670413e-03	6.606934480075957e-03
1860	6.454739622274497e-03	6.456542290346556e-03
2005	6.234382161728225e-03	6.309573444801930e-03
2017	6.157091233505274e-03	6.165950018614822e-03
2052	5.991600207508552e-03	6.025595860743574e-03
2101	5.871930364032441e-03	5.888436553555890e-03
2106	5.702700724998344e-03	5.754399373371567e-03
2125	5.623008966930465e-03	5.623413251903491e-03
2165	5.491001437631482e-03	5.495408738576248e-03
2172	5.367707774188268e-03	5.370317963702527e-03
2194	5.131026831792562e-03	5.248074602497728e-03
2199	5.073594526069036e-03	5.128613839913648e-03
2218	4.979438270632852e-03	5.011872336272725e-03
2276	4.866044984682016e-03	4.897788193684461e-03
2364	4.785044572140573e-03	4.786300923226385e-03
2387	4.649336191871245e-03	4.677351412871981e-03
2437	4.556516624446116e-03	4.570881896148752e-03
2441	4.422007453926735e-03	4.466835921509630e-03
2459	4.364881583462044e-03	4.365158322401661e-03
2562	4.260446159202402e-03	4.265795188015926e-03
2638	4.162581964699430e-03	4.168693834703355e-03
2713	4.072146868359439e-03	4.073802778041126e-03
2765	3.946046524336944e-03	3.981071705534973e-03
2913	3.888508461448281e-03	3.890451449942805e-03
3009	3.800171097695038e-03	3.801893963205613e-03
3104	3.707593840348022e-03	3.715352290971724e-03
3166	3.630326240629533e-03	3.630780547701014e-03
3203	3.539799827190215e-03	3.548133892335753e-03
3251	3.440368461498089e-03	3.467368504525317e-03
3274	3.372746639545787e-03	3.388441561392024e-03
3300	3.308187605743806e-03	3.311311214825911e-03
3336	3.234450923909726e-03	3.235936569296281e-03
3444	3.112886007846538e-03	3.162277660168379e-03
3482	3.086313906756843e-03	3.090295432513592e-03
3613	3.013106968989376e-03	3.019951720402016e-03
3696	2.918729739526227e-03	2.951209226666387e-03
3729	2.862204998646978e-03	2.884031503126606e-03
3738	2.803902411171566e-03	2.818382931264455e-03
3743	2.734770327182390e-03	2.754228703338166e-03
3814	2.691450627627323e-03	2.691534803926917e-03
3911	2.612767880730393e-03	2.630267991895381e-03
3942	2.570235567251111e-03	2.570395782768865e-03
3977	2.497048143342395e-03	2.511886431509579e-03
4024	2.449789657738122e-03	2.454708915685031e-03
4088	2.398061859946177e-03	2.398832919019490e-03
4107	2.343084230238546e-03	2.344228815319923e-03
4191	2.290632793065295e-03	2.290867652767772e-03
4273	2.235669796333495e-03	2.238721138568340e-03
4412	2.181798345855412e-03	2.187761623949552e-03
4467	2.137506121973276e-03	2.137962089502233e-03
4506	2.086250981905846e-03	2.089296130854039e-03
4551	2.069127442515528e-03	2.089296130854039e-03
%
% index = 404, name = bbob_f014_i11_d02__bbob_f014_i12_d02
% instance = 5, reference value = 8.215579171701070e-01
% function evaluation | indicator value | target hit
1	4.024986683995597e-01	4.073802778041127e-01
57	3.069094933583526e-01	3.090295432513591e-01
168	1.766193023846693e-01	1.778279410038923e-01
261	1.694956801549345e-01	1.698243652461744e-01
280	1.607264021634573e-01	1.621810097358930e-01
281	1.301866240259997e-01	1.318256738556407e-01
282	1.234220455099436e-01	1.258925411794167e-01
333	1.159052730778795e-01	1.174897554939529e-01
353	1.146259364742651e-01	1.148153621496883e-01
357	1.083951393256519e-01	1.096478196143185e-01
364	1.067057556267695e-01	1.071519305237607e-01
377	1.021839520154755e-01	1.023292992280754e-01
381	9.976701750085448e-02	1.000000000000000e-01
390	8.694293980316614e-02	8.709635899560805e-02
432	8.023274465475316e-02	8.128305161640990e-02
456	7.941374712497773e-02	7.943282347242814e-02
466	7.747733932547696e-02	7.762471166286916e-02
505	7.548658519184159e-02	7.585775750291836e-02
549	7.412439218208622e-02	7.413102413009177e-02
566	7.231167689798612e-02	7.244359600749903e-02
632	7.037168735297783e-02	7.079457843841380e-02
651	6.763836940516821e-02	6.918309709189366e-02
655	6.746331281091877e-02	6.760829753919818e-02
670	6.583121502468436e-02	6.606934480075961e-02
701	6.439944775124651e-02	6.456542290346556e-02
747	6.281874106027774e-02	6.309573444801933e-02
780	6.112314860796075e-02	6.165950018614822e-02
823	6.022701939445863e-02	6.025595860743578e-02
845	5.811856886541955e-02	5.888436553555890e-02
907	5.318277492616053e-02	5.370317963702527e-02
938	5.231430452241648e-02	5.248074602497726e-02
977	5.014116420230619e-02	5.128613839913648e-02
979	4.987074630873822e-02	5.011872336272722e-02
1013	4.821824550882037e-02	4.897788193684462e-02
1019	4.778202675550336e-02	4.786300923226382e-02
1101	4.676273140533738e-02	4.677351412871981e-02
1110	4.562695130001082e-02	4.570881896148749e-02
1162	4.353481074432120e-02	4.365158322401658e-02
1179	4.089026007439389e-02	4.168693834703355e-02
1197	4.072153637866938e-02	4.073802778041128e-02
1254	3.929397853312167e-02	3.981071705534973e-02
1264	3.683999990464459e-02	3.715352290971726e-02
1323	3.624427190299673e-02	3.630780547701014e-02
1338	3.536046324134690e-02	3.548133892335755e-02
1356	3.436097095601087e-02	3.467368504525317e-02
1415	3.201760134442844e-02	3.235936569296283e-02
1512	3.157894386533777e-02	3.162277660168379e-02
1565	3.089534168707730e-02	3.090295432513590e-02
1585	2.890053046950303e-02	2.951209226666385e-02
1591	2.868091036247034e-02	2.884031503126606e-02
1611	2.810318763466924e-02	2.818382931264454e-02
1676	2.752469740325103e-02	2.754228703338166e-02
1736	2.661834779951244e-02	2.691534803926915e-02
1760	2.582577946284215e-02	2.630267991895381e-02
1804	2.563719964251709e-02	2.570395782768863e-02
1826	2.423724586474596e-02	2.454708915685030e-02
1866	2.385128847386520e-02	2.398832919019490e-02
1903	2.336958474525985e-02	2.344228815319923e-02
1973	2.279637901785836e-02	2.290867652767773e-02
2001	2.204948001778761e-02	2.238721138568340e-02
2039	2.185677526175256e-02	2.187761623949553e-02
2053	2.130349986806701e-02	2.137962089502233e-02
2112	2.064937370720121e-02	2.089296130854040e-02
2162	1.507061564251777e-02	1.513561248436208e-02
2163	1.295423480879843e-02	1.318256738556407e-02
2206	1.285953003902540e-02	1.288249551693134e-02
2285	1.258141349072395e-02	1.258925411794167e-02
2289	1.229219102447943e-02	1.230268770812382e-02
2304	1.194987940711678e-02	1.202264434617413e-02
2314	1.171821101414428e-02	1.174897554939530e-02
2346	1.126633470225247e-02	1.148153621496883e-02
2365	1.101692554225986e-02	1.122018454301964e-02
2388	1.092155033879116e-02	1.096478196143185e-02
2406	1.036249584496229e-02	1.047128548050900e-02
2411	1.020521558242427e-02	1.023292992280754e-02
2447	9.973385226923703e-03	1.000000000000000e-02
2458	9.738069011102302e-03	9.772372209558112e-03
2459	9.435930827856764e-03	9.549925860214359e-03
2466	9.265492711819201e-03	9.332543007969915e-03
2481	8.818364818544588e-03	8.912509381337459e-03
2484	8.575923579184019e-03	8.709635899560805e-03
2526	8.422382388008187e-03	8.511380382023767e-03
2539	8.179018952274464e-03	8.317637711026709e-03
2540	7.818335308500290e-03	7.943282347242814e-03
2544	7.479822936246827e-03	7.585775750291836e-03
2548	7.387224777239298e-03	7.413102413009177e-03
2558	7.028787147729809e-03	7.079457843841380e-03
2561	6.848696318032865e-03	6.918309709189363e-03
2585	6.733823153709295e-03	6.760829753919818e-03
2590	6.543112594917688e-03	6.606934480075957e-03
2603	6.375365481906647e-03	6.456542290346556e-03
2621	6.288505706953051e-03	6.309573444801930e-03
2653	6.150356631113962e-03	6.165950018614822e-03
2659	5.944397645922139e-03	6.025595860743574e-03
2672	5.799196206545010e-03	5.888436553555890e-03
2678	5.722159999587362e-03	5.754399373371567e-03
2680	5.563252834155819e-03	5.623413251903491e-03
2693	5.469331537627298e-03	5.495408738576248e-03
2713	5.337576031644087e-03	5.370317963702527e-03
2744	5.232563180654126e-03	5.248074602497728e-03
2779	5.049836253038786e-03	5.128613839913648e-03
2799	4.953658675272643e-03	5.011872336272725e-03
2819	4.880544254528774e-03	4.897788193684461e-03
2844	4.779870660257868e-03	4.786300923226385e-03
2871	4.629736236707704e-03	4.677351412871981e-03
2907	4.458016906606521e-03	4.466835921509630e-03
2954	4.331173508345554e-03	4.365158322401661e-03
3007	4.236890580581409e-03	4.265795188015926e-03
3018	4.144150122123991e-03	4.168693834703355e-03
3026	4.064298767402108e-03	4.073802778041126e-03
3048	3.937195414882577e-03	3.981071705534973e-03
3098	3.889977525579957e-03	3.890451449942805e-03
3121	3.799512664636850e-03	3.801893963205613e-03
3186	3.702704122112599e-03	3.715352290971724e-03
3208	3.589389858689396e-03	3.630780547701014e-03
3231	3.544390669264041e-03	3.548133892335753e-03
3278	3.427573009512352e-03	3.467368504525317e-03
3287	3.380097688672312e-03	3.388441561392024e-03
3317	3.276032433260911e-03	3.311311214825911e-03
3336	3.214671316269735e-03	3.235936569296281e-03
3378	3.158771602555399e-03	3.162277660168379e-03
3421	3.074615906812350e-03	3.090295432513592e-03
3512	3.018294725668391e-03	3.019951720402016e-03
3530	2.947527837896646e-03	2.951209226666387e-03
3618	2.882020882052916e-03	2.884031503126606e-03
3663	2.808751001521559e-03	2.818382931264455e-03
3755	2.747398549088897e-03	2.754228703338166e-03
3878	2.685835477858722e-03	2.691534803926917e-03
4047	2.629760393266567e-03	2.630267991895381e-03
4127	2.567666316304451e-03	2.570395782768865e-03
4235	2.508428087444670e-03	2.511886431509579e-03
4381	2.447566690101266e-03	2.454708915685031e-03
4455	2.394123020666106e-03	2.398832919019490e-03
4551	2.367630815547805e-03	2.398832919019490e-03
%
% index = 405, name = bbob_f014_i13_d02__bbob_f014_i14_d02
% instance = 6, reference value = 7.678202471951230e-01
% function evaluation | indicator value | target hit
1	9.792011954560623e+00	1.000000000000000e+01
133	6.539734388194934e-01	6.606934480075960e-01
230	4.844907454721217e-01	4.897788193684462e-01
235	4.398166691323824e-01	4.466835921509631e-01
289	3.840071565171499e-01	3.890451449942806e-01
404	3.800993738795953e-01	3.801893963205612e-01
416	3.583022185852716e-01	3.630780547701014e-01
462	2.630844386671619e-01	2.691534803926916e-01
479	1.576592572813723e-01	1.584893192461113e-01
525	1.373746818928109e-01	1.380384264602885e-01
666	1.343084349952788e-01	1.348962882591654e-01
673	1.107873853210322e-01	1.122018454301964e-01
694	9.646239269022128e-02	9.772372209558107e-02
703	9.415345877809289e-02	9.549925860214359e-02
748	9.310273867999497e-02	9.332543007969910e-02
791	9.118633975857604e-02	9.120108393559097e-02
814	8.871946239075423e-02	8.912509381337455e-02
874	8.586365723636913e-02	8.709635899560805e-02
914	8.510972822895346e-02	8.511380382023763e-02
971	7.985156255718295e-02	8.128305161640990e-02
977	7.929277928197143e-02	7.943282347242814e-02
1027	7.751596497178481e-02	7.762471166286916e-02
1111	7.520184885532200e-02	7.585775750291836e-02
1118	7.394261267991986e-02	7.413102413009177e-02
1131	7.184599764787436e-02	7.244359600749903e-02
1148	7.061506148823693e-02	7.079457843841380e-02
1167	6.917469325509695e-02	6.918309709189366e-02
1193	6.455651034365995e-02	6.456542290346556e-02
1219	6.295159945155981e-02	6.309573444801933e-02
1239	6.137920525519136e-02	6.165950018614822e-02
1283	6.015383081656789e-02	6.025595860743578e-02
1324	5.884598209509195e-02	5.888436553555890e-02
1357	5.744541841815043e-02	5.754399373371569e-02
1400	5.621502249288490e-02	5.623413251903491e-02
1411	5.342463507238027e-02	5.370317963702527e-02
1419	5.180162492331164e-02	5.248074602497726e-02
1443	5.128476951606198e-02	5.128613839913648e-02
1503	5.005499959295612e-02	5.011872336272722e-02
1553	4.353630061658564e-02	4.365158322401658e-02
1577	4.044195199560552e-02	4.073802778041128e-02
1609	3.857393858917069e-02	3.890451449942807e-02
1657	3.801736014003787e-02	3.801893963205612e-02
1717	3.687351686038887e-02	3.715352290971726e-02
1740	3.579437230296167e-02	3.630780547701014e-02
1765	3.428221320053959e-02	3.467368504525317e-02
1776	3.331727282344410e-02	3.388441561392026e-02
1780	3.305795685879109e-02	3.311311214825911e-02
1808	2.996787689576863e-02	3.019951720402016e-02
1816	2.868970739341403e-02	2.884031503126606e-02
1870	2.806312227121666e-02	2.818382931264454e-02
1900	2.753301989541368e-02	2.754228703338166e-02
1923	2.650746897440526e-02	2.691534803926915e-02
1935	2.586306442753383e-02	2.630267991895381e-02
1946	2.564898551548445e-02	2.570395782768863e-02
1988	2.422786150214129e-02	2.454708915685030e-02
1997	2.334337589478486e-02	2.344228815319923e-02
2006	2.286241754076712e-02	2.290867652767773e-02
2008	2.234091142241745e-02	2.238721138568340e-02
2022	2.183184391887250e-02	2.187761623949553e-02
2041	2.046338510810208e-02	2.089296130854040e-02
2042	2.023489951668356e-02	2.041737944669529e-02
2047	1.990503165369029e-02	1.995262314968880e-02
2077	1.929119132840507e-02	1.949844599758046e-02
2084	1.903619112753963e-02	1.905460717963247e-02
2130	1.839192675374157e-02	1.862087136662868e-02
2139	1.817697308354094e-02	1.819700858609984e-02
2157	1.772038872451309e-02	1.778279410038923e-02
2177	1.736522999263312e-02	1.737800828749375e-02
2201	1.647302986269283e-02	1.659586907437561e-02
2211	1.535359364118982e-02	1.548816618912481e-02
2218	1.492058988994271e-02	1.513561248436208e-02
2220	1.471523557378318e-02	1.479108388168207e-02
2240	1.410893968025262e-02	1.412537544622754e-02
2281	1.378925132194475e-02	1.380384264602885e-02
2299	1.248119922084590e-02	1.258925411794167e-02
2339	1.215051099121156e-02	1.230268770812382e-02
2360	1.199153725667057e-02	1.202264434617413e-02
2362	1.128133374715234e-02	1.148153621496883e-02
2389	1.113148904201289e-02	1.122018454301964e-02
2392	1.068464546700576e-02	1.071519305237606e-02
2395	1.039537869212726e-02	1.047128548050900e-02
2409	1.020277975056716e-02	1.023292992280754e-02
2452	9.947087735733606e-03	1.000000000000000e-02
2481	9.750929360069494e-03	9.772372209558112e-03
2489	9.390648440790628e-03	9.549925860214359e-03
2491	9.303243176411624e-03	9.332543007969915e-03
2505	9.084439750861373e-03	9.120108393559097e-03
2555	8.679644821185328e-03	8.709635899560805e-03
2564	8.235411624725519e-03	8.317637711026709e-03
2573	7.958623271617560e-03	8.128305161640995e-03
2580	7.722729045123278e-03	7.762471166286920e-03
2653	7.411295392472095e-03	7.413102413009177e-03
2681	7.224533751293394e-03	7.244359600749898e-03
2688	7.068425869188211e-03	7.079457843841380e-03
2760	6.911418560646365e-03	6.918309709189363e-03
2792	6.660894843190657e-03	6.760829753919818e-03
2826	6.565978119250304e-03	6.606934480075957e-03
2863	6.456242802692969e-03	6.456542290346556e-03
2915	5.909142080738006e-03	6.025595860743574e-03
2930	5.887964726199013e-03	5.888436553555890e-03
2980	5.716236930273788e-03	5.754399373371567e-03
2984	5.413410846254241e-03	5.495408738576248e-03
3007	5.370126019885846e-03	5.370317963702527e-03
3060	5.234210621450019e-03	5.248074602497728e-03
3096	5.105605704975535e-03	5.128613839913648e-03
3207	4.997553591039372e-03	5.011872336272725e-03
3248	4.787262750252874e-03	4.897788193684461e-03
3249	4.784195688101067e-03	4.786300923226385e-03
3337	4.631103953736670e-03	4.677351412871981e-03
3395	4.569463744247937e-03	4.570881896148752e-03
3514	4.422954424616266e-03	4.466835921509630e-03
3580	4.340888398044918e-03	4.365158322401661e-03
3698	4.265619818562438e-03	4.265795188015926e-03
3761	4.165126418188225e-03	4.168693834703355e-03
3956	4.073740907459267e-03	4.073802778041126e-03
4178	3.977056899790887e-03	3.981071705534973e-03
4414	3.889191711926032e-03	3.890451449942805e-03
4551	3.827641015581862e-03	3.890451449942805e-03
%
% index = 406, name = bbob_f014_i15_d02__bbob_f014_i16_d02
% instance = 7, reference value = 9.358956668581920e-01
% function evaluation | indicator value | target hit
1	1.888348910538808e-01	1.905460717963247e-01
63	1.802581293494498e-01	1.819700858609984e-01
72	1.627028076217197e-01	1.659586907437560e-01
80	1.597029789446052e-01	1.621810097358930e-01
138	1.455682815337758e-01	1.479108388168208e-01
207	1.436010700123643e-01	1.445439770745928e-01
255	1.394244879169942e-01	1.412537544622754e-01
295	1.339070153595819e-01	1.348962882591654e-01
398	1.317918617159580e-01	1.318256738556407e-01
659	1.279694198155713e-01	1.288249551693134e-01
948	1.258923986438591e-01	1.258925411794167e-01
1068	1.225579760269502e-01	1.230268770812381e-01
1116	1.176891591156990e-01	1.202264434617413e-01
1325	1.107761678772742e-01	1.122018454301964e-01
1458	9.981341114974651e-02	1.000000000000000e-01
1595	9.187849587208430e-02	9.332543007969910e-02
1710	8.239119305298459e-02	8.317637711026708e-02
1856	8.073174642198355e-02	8.128305161640990e-02
1898	7.789831382396273e-02	7.943282347242814e-02
2139	7.339601217981007e-02	7.413102413009177e-02
2403	5.787169679119397e-02	5.888436553555890e-02
2468	5.245634248741426e-02	5.248074602497726e-02
2909	4.716902679631085e-02	4.786300923226382e-02
2971	4.671516762112715e-02	4.677351412871981e-02
3086	4.552752127514725e-02	4.570881896148749e-02
3207	3.986612523718580e-02	4.073802778041128e-02
3210	3.975638210884513e-02	3.981071705534973e-02
3469	2.738449028462531e-02	2.754228703338166e-02
3584	2.679048313417165e-02	2.691534803926915e-02
3754	2.334318387990730e-02	2.344228815319923e-02
3818	2.271705107060495e-02	2.290867652767773e-02
3941	2.236258218144538e-02	2.238721138568340e-02
4311	1.984905159891093e-02	1.995262314968880e-02
4348	1.727143100751738e-02	1.737800828749375e-02
4551	1.699516747854246e-02	1.737800828749375e-02
%
% index = 407, name = bbob_f014_i17_d02__bbob_f014_i18_d02
% instance = 8, reference value = 9.485894535946460e-01
% function evaluation | indicator value | target hit
1	2.485770262808388e-01	2.511886431509580e-01
137	2.077613238579394e-01	2.089296130854039e-01
219	1.926629144307626e-01	1.949844599758045e-01
238	1.063122649537995e-01	1.071519305237607e-01
244	9.922330979050298e-02	1.000000000000000e-01
280	9.676958943545033e-02	9.772372209558107e-02
356	8.440521235224341e-02	8.511380382023763e-02
360	7.725375965049275e-02	7.762471166286916e-02
422	7.544380665696537e-02	7.585775750291836e-02
500	6.843963970120381e-02	6.918309709189366e-02
509	6.205584719248347e-02	6.309573444801933e-02
517	4.070794606157913e-02	4.073802778041128e-02
535	3.950033497409811e-02	3.981071705534973e-02
570	3.814762186541343e-02	3.890451449942807e-02
574	3.698987169324663e-02	3.715352290971726e-02
612	3.556594213320308e-02	3.630780547701014e-02
656	3.536957886007597e-02	3.548133892335755e-02
687	3.431294661257045e-02	3.467368504525317e-02
705	3.261414554936959e-02	3.311311214825911e-02
726	3.174412729357379e-02	3.235936569296283e-02
734	3.160035896582125e-02	3.162277660168379e-02
753	3.074869475736064e-02	3.090295432513590e-02
788	3.011495574016987e-02	3.019951720402016e-02
829	2.933570523288598e-02	2.951209226666385e-02
978	2.883438859414289e-02	2.884031503126606e-02
1031	2.816924274860599e-02	2.818382931264454e-02
1216	2.752737707986741e-02	2.754228703338166e-02
1718	2.676398433733862e-02	2.691534803926915e-02
2203	2.628657185286565e-02	2.630267991895381e-02
2324	2.162343699630864e-02	2.187761623949553e-02
2480	1.798248707573824e-02	1.819700858609984e-02
2614	1.139727630381138e-02	1.148153621496883e-02
2821	1.080723509927550e-02	1.096478196143185e-02
3003	1.070508213871224e-02	1.071519305237606e-02
3144	1.041718039959649e-02	1.047128548050900e-02
3174	1.020315612220413e-02	1.023292992280754e-02
3526	9.483911986559290e-03	9.549925860214359e-03
3581	7.963952488915127e-03	8.128305161640995e-03
3601	7.942021797770038e-03	7.943282347242814e-03
4231	7.427199872843238e-03	7.585775750291836e-03
4248	7.355683129621982e-03	7.413102413009177e-03
4353	6.615306214681427e-03	6.760829753919818e-03
4456	6.537350177534651e-03	6.606934480075957e-03
4541	6.134481437083283e-03	6.165950018614822e-03
4551	6.133467871121900e-03	6.165950018614822e-03
%
% index = 408, name = bbob_f014_i19_d02__bbob_f014_i21_d02
% instance = 9, reference value = 7.843047628883490e-01
% function evaluation | indicator value | target hit
1	1.353412185098849e+00	1.380384264602885e+00
78	8.140037464918490e-01	8.317637711026710e-01
118	3.089395536833179e-01	3.090295432513591e-01
219	2.959042099473890e-01	3.019951720402016e-01
269	2.788721363402276e-01	2.818382931264454e-01
291	1.688566853808390e-01	1.698243652461744e-01
313	1.654606352216479e-01	1.659586907437560e-01
368	1.573150771714147e-01	1.584893192461113e-01
373	1.508771392473551e-01	1.513561248436208e-01
387	1.466511553444303e-01	1.479108388168208e-01
422	1.243014057729903e-01	1.258925411794167e-01
448	1.186477906100730e-01	1.202264434617413e-01
474	1.155356086027034e-01	1.174897554939529e-01
475	1.131166319867158e-01	1.148153621496883e-01
508	1.088780674770294e-01	1.096478196143185e-01
526	1.053061536266107e-01	1.071519305237607e-01
534	1.029536984699901e-01	1.047128548050900e-01
540	1.020415635660878e-01	1.023292992280754e-01
555	8.220608677855323e-02	8.317637711026708e-02
584	8.106478983885435e-02	8.128305161640990e-02
595	7.894669327488113e-02	7.943282347242814e-02
616	7.746070381097248e-02	7.762471166286916e-02
641	7.423351936224765e-02	7.585775750291836e-02
651	7.410697280699396e-02	7.413102413009177e-02
671	7.214425239232580e-02	7.244359600749903e-02
716	7.044348876134898e-02	7.079457843841380e-02
733	6.916616562637123e-02	6.918309709189366e-02
820	6.737841080263307e-02	6.760829753919818e-02
881	6.605253163904279e-02	6.606934480075961e-02
966	6.454834129578479e-02	6.456542290346556e-02
999	6.307830397824665e-02	6.309573444801933e-02
1158	6.165828284036567e-02	6.165950018614822e-02
1482	5.112777060203588e-02	5.128613839913648e-02
1512	4.659994738446027e-02	4.677351412871981e-02
1574	3.141848299759165e-02	3.162277660168379e-02
1743	3.089974079425517e-02	3.090295432513590e-02
1804	2.988103172538970e-02	3.019951720402016e-02
1857	2.468930460880081e-02	2.511886431509579e-02
1937	2.406198330518494e-02	2.454708915685030e-02
1960	2.397636328599895e-02	2.398832919019490e-02
2026	2.340142795006928e-02	2.344228815319923e-02
2067	2.280541547733139e-02	2.290867652767773e-02
2224	2.238696083487479e-02	2.238721138568340e-02
2302	1.538510790488323e-02	1.548816618912481e-02
2316	1.506843222216314e-02	1.513561248436208e-02
2388	1.474713609564693e-02	1.479108388168207e-02
2435	1.362481820644079e-02	1.380384264602885e-02
2440	1.346569244804308e-02	1.348962882591653e-02
2488	1.301894397986691e-02	1.318256738556407e-02
2504	1.277982250310783e-02	1.288249551693134e-02
2528	1.256329997588035e-02	1.258925411794167e-02
2572	8.583079465657617e-03	8.709635899560805e-03
2630	8.498601351746959e-03	8.511380382023767e-03
2638	8.284721122677863e-03	8.317637711026709e-03
2673	6.996600043947310e-03	7.079457843841380e-03
2674	6.864727054486930e-03	6.918309709189363e-03
2720	6.753458702793758e-03	6.760829753919818e-03
2736	6.572948986157123e-03	6.606934480075957e-03
2750	6.404767377793497e-03	6.456542290346556e-03
2801	6.308454575110756e-03	6.309573444801930e-03
2821	5.973855389860616e-03	6.025595860743574e-03
2868	5.886109421463059e-03	5.888436553555890e-03
2943	5.752438040687258e-03	5.754399373371567e-03
2995	5.615008869937155e-03	5.623413251903491e-03
3099	5.475950158500331e-03	5.495408738576248e-03
3184	5.301322317856849e-03	5.370317963702527e-03
3219	5.245340099644058e-03	5.248074602497728e-03
3356	5.121944987395377e-03	5.128613839913648e-03
3409	5.006372544990922e-03	5.011872336272725e-03
3482	4.863857322482290e-03	4.897788193684461e-03
3578	4.727323576568354e-03	4.786300923226385e-03
3633	4.652990892005771e-03	4.677351412871981e-03
3809	3.720336227101773e-03	3.801893963205613e-03
3846	3.696838882768172e-03	3.715352290971724e-03
4007	3.624185752232667e-03	3.630780547701014e-03
4039	3.545289837546983e-03	3.548133892335753e-03
4104	3.428987894603330e-03	3.467368504525317e-03
4193	3.386892571517475e-03	3.388441561392024e-03
4404	3.295496323354019e-03	3.311311214825911e-03
4429	3.125184443355189e-03	3.162277660168379e-03
4464	3.090176025234537e-03	3.090295432513592e-03
4500	2.994951649703204e-03	3.019951720402016e-03
4528	2.916561518354954e-03	2.951209226666387e-03
4543	2.876800095821364e-03	2.884031503126606e-03
4551	2.861548188425211e-03	2.884031503126606e-03
%
% index = 409, name = bbob_f014_i21_d02__bbob_f014_i22_d02
% instance = 10, reference value = 6.365631788973540e-01
% function evaluation | indicator value | target hit
1	4.459909026932048e+00	4.466835921509632e+00
112	4.862691305900801e-01	4.897788193684462e-01
118	4.559109591599733e-01	4.570881896148750e-01
222	3.720240311527565e-01	3.801893963205612e-01
245	3.612114611363851e-01	3.630780547701014e-01
279	3.444563361501878e-01	3.467368504525316e-01
318	3.372911592866193e-01	3.388441561392025e-01
368	3.280250106582560e-01	3.311311214825911e-01
369	3.045231344376078e-01	3.090295432513591e-01
374	3.015520094234714e-01	3.019951720402016e-01
387	2.116546596343153e-01	2.137962089502232e-01
420	2.088888852927703e-01	2.089296130854039e-01
432	1.771442561140195e-01	1.778279410038923e-01
462	1.358264138616223e-01	1.380384264602885e-01
488	1.307745305222136e-01	1.318256738556407e-01
509	9.725452928197020e-02	9.772372209558107e-02
516	8.458967765845238e-02	8.511380382023763e-02
525	7.769430231883157e-02	7.943282347242814e-02
527	7.550161066946726e-02	7.585775750291836e-02
534	7.369513729277766e-02	7.413102413009177e-02
557	6.956347992540290e-02	7.079457843841380e-02
563	6.208658812160239e-02	6.309573444801933e-02
571	6.133379805305517e-02	6.165950018614822e-02
575	5.173843664040434e-02	5.248074602497726e-02
584	5.106790950501128e-02	5.128613839913648e-02
591	4.987200622916244e-02	5.011872336272722e-02
595	4.266233222493276e-02	4.365158322401658e-02
596	4.265666549945757e-02	4.265795188015926e-02
612	3.891249923094708e-02	3.981071705534973e-02
613	3.681700824187961e-02	3.715352290971726e-02
624	3.597207718090978e-02	3.630780547701014e-02
649	3.468974302412153e-02	3.548133892335755e-02
654	3.452311544756492e-02	3.467368504525317e-02
659	3.375461677468139e-02	3.388441561392026e-02
665	3.294420993464930e-02	3.311311214825911e-02
667	3.004480929958175e-02	3.019951720402016e-02
668	2.781833335965733e-02	2.818382931264454e-02
673	2.750450058913045e-02	2.754228703338166e-02
687	2.651691890411290e-02	2.691534803926915e-02
691	2.611509130193668e-02	2.630267991895381e-02
695	2.561945377849040e-02	2.570395782768863e-02
697	2.492170656539272e-02	2.511886431509579e-02
703	2.416532173150920e-02	2.454708915685030e-02
704	2.395792932320084e-02	2.398832919019490e-02
714	2.327536203697322e-02	2.344228815319923e-02
715	2.151085731971702e-02	2.187761623949553e-02
718	2.135065892782417e-02	2.137962089502233e-02
729	2.082187348540632e-02	2.089296130854040e-02
732	2.040944827834612e-02	2.041737944669529e-02
740	1.948345345472025e-02	1.949844599758046e-02
744	1.713566586356385e-02	1.737800828749375e-02
747	1.689887634070375e-02	1.698243652461744e-02
759	1.642918692860096e-02	1.659586907437561e-02
777	1.618898209529551e-02	1.621810097358930e-02
785	1.582295595841010e-02	1.584893192461113e-02
793	1.525030815694139e-02	1.548816618912481e-02
795	1.512017017879708e-02	1.513561248436208e-02
802	1.475992286504035e-02	1.479108388168207e-02
810	1.434266253819338e-02	1.445439770745927e-02
828	1.411214457635734e-02	1.412537544622754e-02
833	1.379692201969362e-02	1.380384264602885e-02
840	1.337128963102663e-02	1.348962882591653e-02
855	1.311319735230010e-02	1.318256738556407e-02
862	1.244759125058426e-02	1.258925411794167e-02
873	1.223784984420528e-02	1.230268770812382e-02
891	1.197611975870572e-02	1.202264434617413e-02
909	1.173522401615457e-02	1.174897554939530e-02
933	1.140625762353142e-02	1.148153621496883e-02
944	1.119397065629812e-02	1.122018454301964e-02
960	1.090785271125161e-02	1.096478196143185e-02
966	1.071124562214210e-02	1.071519305237606e-02
984	1.043185943741243e-02	1.047128548050900e-02
986	1.016704657679357e-02	1.023292992280754e-02
988	9.981283695483678e-03	1.000000000000000e-02
1015	9.752981821521400e-03	9.772372209558112e-03
1023	9.521923762144446e-03	9.549925860214359e-03
1037	9.315655216020180e-03	9.332543007969915e-03
1061	9.100538810671743e-03	9.120108393559097e-03
1100	8.785619094851649e-03	8.912509381337459e-03
1127	8.701309384640754e-03	8.709635899560805e-03
1166	8.503144637443172e-03	8.511380382023767e-03
1193	8.315754809828491e-03	8.317637711026709e-03
1234	8.117767235439999e-03	8.128305161640995e-03
1272	7.942230717792986e-03	7.943282347242814e-03
1308	7.748909715767138e-03	7.762471166286920e-03
1328	7.576434530806475e-03	7.585775750291836e-03
1341	7.383468745214672e-03	7.413102413009177e-03
1367	7.234692339482485e-03	7.244359600749898e-03
1416	7.072950328042449e-03	7.079457843841380e-03
1458	6.910120318459056e-03	6.918309709189363e-03
1510	6.739171451340065e-03	6.760829753919818e-03
1556	6.603736974969077e-03	6.606934480075957e-03
1564	6.026051395092935e-03	6.165950018614822e-03
1567	6.023382129348942e-03	6.025595860743574e-03
1632	5.885869401321187e-03	5.888436553555890e-03
1690	5.728817996062618e-03	5.754399373371567e-03
1732	4.983874107339692e-03	5.011872336272725e-03
1758	4.887292721861503e-03	4.897788193684461e-03
1825	4.784724237483773e-03	4.786300923226385e-03
1896	4.673196529343726e-03	4.677351412871981e-03
1978	4.567957487275121e-03	4.570881896148752e-03
2072	4.465837277804030e-03	4.466835921509630e-03
2216	4.365101412339145e-03	4.365158322401661e-03
2311	4.265597596434190e-03	4.265795188015926e-03
2540	4.167270817892255e-03	4.168693834703355e-03
2747	4.073797743563201e-03	4.073802778041126e-03
2947	3.980897616398527e-03	3.981071705534973e-03
3304	3.889580482349775e-03	3.890451449942805e-03
3805	3.801867042067197e-03	3.801893963205613e-03
4161	3.715035126320543e-03	3.715352290971724e-03
4551	3.649729488925280e-03	3.715352290971724e-03
